<!DOCTYPE HTML>
<html>
  <head>
    <meta charset="UTF-8">
    <title>TOMTOM</title>
    <script>
      // @JSON_VAR data
      var data = {
        "program": "Tomtom",
        "version": "4.11.1",
        "release": "Fri Jan 15 12:51:59 2016 -0800",
        "cmd": [
          "tomtom", "-o", "tomtom_0.001", "-thresh", "0.001", "-evalue",
          "hg_train_filter.meme", "hg_train_filter.meme"
        ],
        "options": {
          "strands": "both",
          "distance_measure": "ed",
          "threshold_type": "evalue",
          "threshold_value": 0.001,
          "background_source": "first_target"
        },
        "alphabet": {
          "name": "DNA",
          "like": "dna",
          "ncore": 4,
          "symbols": [
            {
              "symbol": "A",
              "name": "Adenine",
              "colour": "CC0000",
              "complement": "T"
            }, {
              "symbol": "C",
              "name": "Cytosine",
              "colour": "0000CC",
              "complement": "G"
            }, {
              "symbol": "G",
              "name": "Guanine",
              "colour": "FFB300",
              "complement": "C"
            }, {
              "symbol": "T",
              "aliases": "U",
              "name": "Thymine",
              "colour": "008000",
              "complement": "A"
            }, {
              "symbol": "N",
              "aliases": "X.",
              "name": "Any base",
              "equals": "ACGT"
            }, {
              "symbol": "V",
              "name": "Not T",
              "equals": "ACG"
            }, {
              "symbol": "H",
              "name": "Not G",
              "equals": "ACT"
            }, {
              "symbol": "D",
              "name": "Not C",
              "equals": "AGT"
            }, {
              "symbol": "B",
              "name": "Not A",
              "equals": "CGT"
            }, {
              "symbol": "M",
              "name": "Amino",
              "equals": "AC"
            }, {
              "symbol": "R",
              "name": "Purine",
              "equals": "AG"
            }, {
              "symbol": "W",
              "name": "Weak",
              "equals": "AT"
            }, {
              "symbol": "S",
              "name": "Strong",
              "equals": "CG"
            }, {
              "symbol": "Y",
              "name": "Pyrimidine",
              "equals": "CT"
            }, {
              "symbol": "K",
              "name": "Keto",
              "equals": "GT"
            }
          ]
        },
        "background": [0.25, 0.25, 0.25, 0.25],
        "query_dbs": [
          {
            "source": "hg_train_filter.meme",
            "name": "hg train filter",
            "loaded": 368,
            "excluded": 0,
            "last_modified": "Wed Jun 22 09:34:20 2016"
          }
        ],
        "target_dbs": [
          {
            "source": "hg_train_filter.meme",
            "name": "hg train filter",
            "loaded": 368,
            "excluded": 0,
            "last_modified": "Wed Jun 22 09:34:20 2016"
          }
        ],
        "queries": [
          {
            "db": 0,
            "id": "motif_train1_1",
            "alt": "10-CCGGAAGYVG",
            "len": 10,
            "nsites": 20,
            "evalue": "1.0e-093",
            "pwm": [
              [0.00223881, 0.592289, 0.403234, 0.00223881], 
              [0.0281095, 0.930597, 0.0390547, 0.00223881], 
              [0.00223881, 0.00223881, 0.913682, 0.0818408], 
              [0.00223881, 0.00223881, 0.993284, 0.00223881], 
              [0.86791, 0.0848259, 0.0141791, 0.0330846], 
              [0.956468, 0.0201493, 0.0211443, 0.00223881], 
              [0.305721, 0.0201493, 0.671891, 0.00223881], 
              [0.165259, 0.383946, 0.00223781, 0.448558], 
              [0.264925, 0.201244, 0.350498, 0.183333], 
              [0.208209, 0.203234, 0.377363, 0.211194]
            ]
          }, {
            "db": 0,
            "id": "motif_train1_10",
            "alt": "10-GCCGATTGGC",
            "len": 10,
            "nsites": 20,
            "evalue": "1.0e-028",
            "pwm": [
              [0.00223881, 0.0629353, 0.585323, 0.349502], 
              [0.00223881, 0.921642, 0.0738806, 0.00223881], 
              [0.00223881, 0.875871, 0.0629353, 0.0589552], 
              [0.0629353, 0.00223881, 0.585323, 0.349502], 
              [0.871891, 0.00223881, 0.0629353, 0.0629353], 
              [0.0639303, 0.0639303, 0.0121891, 0.85995], 
              [0.00223881, 0.00223881, 0.00223881, 0.993284], 
              [0.00223881, 0.00223881, 0.993284, 0.00223881], 
              [0.00223881, 0.0629353, 0.932587, 0.00223881], 
              [0.00223881, 0.932587, 0.0629353, 0.00223881]
            ]
          }, {
            "db": 0,
            "id": "motif_train1_11",
            "alt": "10-YWTGGCGGMG",
            "len": 10,
            "nsites": 20,
            "evalue": "1.0e-026",
            "pwm": [
              [0.00223881, 0.389303, 0.144527, 0.46393], 
              [0.512687, 0.0937811, 0.00223881, 0.391294], 
              [0.00223881, 0.00223881, 0.00223881, 0.993284], 
              [0.00223881, 0.0320896, 0.703731, 0.26194], 
              [0.180348, 0.0251244, 0.6699, 0.124627], 
              [0.256965, 0.738557, 0.00223881, 0.00223881], 
              [0.049005, 0.237065, 0.711692, 0.00223881], 
              [0.0878109, 0.124627, 0.689801, 0.0977612], 
              [0.469374, 0.330927, 0.134711, 0.0649891], 
              [0.00223881, 0.0330846, 0.677861, 0.286816]
            ]
          }, {
            "db": 0,
            "id": "motif_train1_12",
            "alt": "10-GGAACTGGAT",
            "len": 10,
            "nsites": 20,
            "evalue": "1.0e-024",
            "pwm": [
              [0.0828358, 0.0470149, 0.802239, 0.0679104], 
              [0.0390547, 0.04801, 0.86592, 0.0470149], 
              [0.733582, 0.101741, 0.0808458, 0.0838308], 
              [0.817164, 0.0549751, 0.0539801, 0.0738806], 
              [0.0748756, 0.768408, 0.0689055, 0.0878109], 
              [0.0818408, 0.0539801, 0.0728856, 0.791294], 
              [0.0440299, 0.0599502, 0.815174, 0.0808458], 
              [0.04801, 0.0370647, 0.84204, 0.0728856], 
              [0.797264, 0.0848259, 0.0430348, 0.0748756], 
              [0.0957711, 0.0699005, 0.0937811, 0.740547]
            ]
          }, {
            "db": 0,
            "id": "motif_train1_13",
            "alt": "10-GCGTCACGTG",
            "len": 10,
            "nsites": 20,
            "evalue": "1.0e-021",
            "pwm": [
              [0.0320896, 0.0619403, 0.873881, 0.0320896], 
              [0.172388, 0.575373, 0.25, 0.00223881], 
              [0.0320896, 0.0231343, 0.912687, 0.0320896], 
              [0.00223881, 0.00223881, 0.00223881, 0.993284], 
              [0.00223881, 0.993284, 0.00223881, 0.00223881], 
              [0.964428, 0.00223881, 0.00223881, 0.0310945], 
              [0.00223881, 0.993284, 0.00223881, 0.00223881], 
              [0.00223881, 0.011194, 0.984328, 0.00223881], 
              [0.00223881, 0.131592, 0.0320896, 0.83408], 
              [0.00223881, 0.00223881, 0.964428, 0.0310945]
            ]
          }, {
            "db": 0,
            "id": "motif_train1_14",
            "alt": "10-HGTCACTBAC",
            "len": 10,
            "nsites": 20,
            "evalue": "1.0e-020",
            "pwm": [
              [0.323632, 0.310697, 0.00223881, 0.363433], 
              [0.0619403, 0.0161692, 0.919652, 0.00223881], 
              [0.419154, 0.00223881, 0.00223881, 0.576368], 
              [0.0858209, 0.909701, 0.00223881, 0.00223881], 
              [0.958458, 0.00223881, 0.00223881, 0.0370647], 
              [0.00223881, 0.732587, 0.165423, 0.0997512], 
              [0.0619403, 0.00223881, 0.00223881, 0.933582], 
              [0.00223881, 0.381343, 0.376368, 0.24005], 
              [0.668905, 0.189303, 0.0271144, 0.114677], 
              [0.0848259, 0.741542, 0.171393, 0.00223881]
            ]
          }, {
            "db": 0,
            "id": "motif_train1_2",
            "alt": "10-NCSCCGGAAA",
            "len": 10,
            "nsites": 20,
            "evalue": "1.0e-061",
            "pwm": [
              [0.243787, 0.244781, 0.305417, 0.206014], 
              [0.143532, 0.511692, 0.272886, 0.0718905], 
              [0.165423, 0.304726, 0.378358, 0.151493], 
              [0.154478, 0.541542, 0.117662, 0.186318], 
              [0.0310945, 0.774378, 0.106716, 0.0878109], 
              [0.00223881, 0.00223881, 0.817164, 0.178358], 
              [0.0589552, 0.100746, 0.83806, 0.00223881], 
              [0.898756, 0.0181592, 0.0370647, 0.0460199], 
              [0.915672, 0.0420398, 0.0181592, 0.0241294], 
              [0.462935, 0.228109, 0.306716, 0.00223881]
            ]
          }, {
            "db": 0,
            "id": "motif_train1_26",
            "alt": "12-GGCACTTCCGGY",
            "len": 12,
            "nsites": 20,
            "evalue": "1.0e-072",
            "pwm": [
              [0.203032, 0.260686, 0.449552, 0.0867304], 
              [0.103731, 0.25796, 0.44005, 0.198259], 
              [0.0689055, 0.860945, 0.05199, 0.0181592], 
              [0.944527, 0.00223881, 0.050995, 0.00223881], 
              [0.00223881, 0.978358, 0.00223881, 0.0171642], 
              [0.00223881, 0.00223881, 0.00223881, 0.993284], 
              [0.00223881, 0.00223881, 0.00223881, 0.993284], 
              [0.00223881, 0.993284, 0.00223881, 0.00223881], 
              [0.00223881, 0.993284, 0.00223881, 0.00223881], 
              [0.00223881, 0.0340796, 0.961443, 0.00223881], 
              [0.0858209, 0.298756, 0.563433, 0.05199], 
              [0.11977, 0.327939, 0.193476, 0.358815]
            ]
          }, {
            "db": 0,
            "id": "motif_train1_27",
            "alt": "12-AAGATGGCGGCB",
            "len": 12,
            "nsites": 20,
            "evalue": "1.0e-062",
            "pwm": [
              [0.921642, 0.00223881, 0.0738806, 0.00223881], 
              [0.992289, 0.00223881, 0.00323383, 0.00223881], 
              [0.146517, 0.184328, 0.666915, 0.00223881], 
              [0.959453, 0.0360697, 0.00223881, 0.00223881], 
              [0.00223881, 0.00223881, 0.00223881, 0.993284], 
              [0.00223881, 0.00223881, 0.993284, 0.00223881], 
              [0.00223881, 0.00223881, 0.993284, 0.00223881], 
              [0.0748756, 0.885821, 0.0370647, 0.00223881], 
              [0.00223881, 0.0380597, 0.895771, 0.0639303], 
              [0.0370647, 0.2301, 0.730597, 0.00223881], 
              [0.183333, 0.668905, 0.0370647, 0.110697], 
              [0.0758706, 0.363433, 0.305721, 0.254975]
            ]
          }, {
            "db": 0,
            "id": "motif_train1_28",
            "alt": "12-MWGGGGVRGMVH",
            "len": 12,
            "nsites": 20,
            "evalue": "1.0e-053",
            "pwm": [
              [0.292495, 0.440605, 0.263668, 0.00323184], 
              [0.540547, 0.00223881, 0.00223881, 0.454975], 
              [0.00223881, 0.00522388, 0.879851, 0.112687], 
              [0.222139, 0.0659204, 0.637065, 0.0748756], 
              [0.163433, 0.00223881, 0.83209, 0.00223881], 
              [0.00223881, 0.00323383, 0.992289, 0.00223881], 
              [0.334577, 0.23806, 0.272886, 0.154478], 
              [0.415755, 0.117545, 0.418737, 0.0479632], 
              [0.233085, 0.0440299, 0.720647, 0.00223881], 
              [0.44204, 0.294776, 0.0728856, 0.190299], 
              [0.216169, 0.282836, 0.335572, 0.165423], 
              [0.357463, 0.270896, 0.119652, 0.25199]
            ]
          }, {
            "db": 0,
            "id": "motif_train1_29",
            "alt": "12-GCGCATGCGCAG",
            "len": 12,
            "nsites": 20,
            "evalue": "1.0e-040",
            "pwm": [
              [0.00223881, 0.00223881, 0.993284, 0.00223881], 
              [0.00223881, 0.993284, 0.00223881, 0.00223881], 
              [0.00223881, 0.00223881, 0.993284, 0.00223881], 
              [0.00223881, 0.993284, 0.00223881, 0.00223881], 
              [0.993284, 0.00223881, 0.00223881, 0.00223881], 
              [0.00223881, 0.00223881, 0.00223881, 0.993284], 
              [0.00223881, 0.00223881, 0.993284, 0.00223881], 
              [0.00223881, 0.993284, 0.00223881, 0.00223881], 
              [0.00223881, 0.00223881, 0.993284, 0.00223881], 
              [0.00223881, 0.993284, 0.00223881, 0.00223881], 
              [0.736567, 0.00223881, 0.258955, 0.00223881], 
              [0.0629353, 0.321642, 0.613184, 0.00223881]
            ]
          }, {
            "db": 0,
            "id": "motif_train1_3",
            "alt": "10-GGGGGGRAAA",
            "len": 10,
            "nsites": 20,
            "evalue": "1.0e-049",
            "pwm": [
              [0.0957711, 0.00223881, 0.741542, 0.160448], 
              [0.156468, 0.00223881, 0.766418, 0.0748756], 
              [0.0251244, 0.011194, 0.946517, 0.0171642], 
              [0.00223881, 0.0350746, 0.951493, 0.011194], 
              [0.0390547, 0.0370647, 0.789303, 0.134577], 
              [0.25, 0.0221393, 0.713682, 0.0141791], 
              [0.40762, 0.0380966, 0.459413, 0.0948697], 
              [0.65796, 0.00721393, 0.327612, 0.00721393], 
              [0.574378, 0.0649254, 0.278856, 0.0818408], 
              [0.532587, 0.0310945, 0.194279, 0.24204]
            ]
          }, {
            "db": 0,
            "id": "motif_train1_30",
            "alt": "12-AGGCCCCGCCCC",
            "len": 12,
            "nsites": 20,
            "evalue": "1.0e-033",
            "pwm": [
              [0.506716, 0.180348, 0.0748756, 0.23806], 
              [0.091791, 0.128607, 0.717662, 0.0619403], 
              [0.00223881, 0.00223881, 0.852985, 0.142537], 
              [0.00223881, 0.671891, 0.0310945, 0.294776], 
              [0.00223881, 0.757463, 0.00223881, 0.23806], 
              [0.0211443, 0.915672, 0.0609453, 0.00223881], 
              [0.00223881, 0.993284, 0.00223881, 0.00223881], 
              [0.241045, 0.00223881, 0.754478, 0.00223881], 
              [0.00223881, 0.993284, 0.00223881, 0.00223881], 
              [0.00223881, 0.993284, 0.00223881, 0.00223881], 
              [0.121642, 0.746517, 0.091791, 0.0400498], 
              [0.00223881, 0.85, 0.0241294, 0.123632]
            ]
          }, {
            "db": 0,
            "id": "motif_train1_31",
            "alt": "12-GAGGAGGAGGAG",
            "len": 12,
            "nsites": 20,
            "evalue": "1.0e-029",
            "pwm": [
              [0.0828358, 0.04801, 0.850995, 0.0181592], 
              [0.807214, 0.05199, 0.0689055, 0.0718905], 
              [0.0808458, 0.0281095, 0.843035, 0.04801], 
              [0.05, 0.0639303, 0.852985, 0.0330846], 
              [0.780348, 0.0350746, 0.130597, 0.0539801], 
              [0.089801, 0.0569652, 0.802239, 0.050995], 
              [0.05199, 0.0609453, 0.8699, 0.0171642], 
              [0.823134, 0.0450249, 0.0848259, 0.0470149], 
              [0.105721, 0.0420398, 0.819154, 0.0330846], 
              [0.0529851, 0.0699005, 0.847015, 0.0300995], 
              [0.852985, 0.0370647, 0.0708955, 0.0390547], 
              [0.089801, 0.0470149, 0.821144, 0.0420398]
            ]
          }, {
            "db": 0,
            "id": "motif_train1_32",
            "alt": "12-GAWGAWGAWGAY",
            "len": 12,
            "nsites": 20,
            "evalue": "1.0e-029",
            "pwm": [
              [0.25597, 0.00223881, 0.739552, 0.00223881], 
              [0.739552, 0.00223881, 0.25597, 0.00223881], 
              [0.497761, 0.00223881, 0.126617, 0.373383], 
              [0.0251244, 0.00223881, 0.970398, 0.00223881], 
              [0.582338, 0.235075, 0.180348, 0.00223881], 
              [0.484314, 0.0022398, 0.151643, 0.361803], 
              [0.113682, 0.00223881, 0.85796, 0.0261194], 
              [0.993284, 0.00223881, 0.00223881, 0.00223881], 
              [0.513682, 0.00223881, 0.0261194, 0.45796], 
              [0.00223881, 0.00223881, 0.993284, 0.00223881], 
              [0.768408, 0.227114, 0.00223881, 0.00223881], 
              [0.166418, 0.25597, 0.198259, 0.379353]
            ]
          }, {
            "db": 0,
            "id": "motif_train1_33",
            "alt": "12-GGGGGGGGGGGG",
            "len": 12,
            "nsites": 20,
            "evalue": "1.0e-024",
            "pwm": [
              [0.0539801, 0.118657, 0.498756, 0.328607], 
              [0.00223881, 0.0131841, 0.660945, 0.323632], 
              [0.00223881, 0.0410448, 0.732587, 0.224129], 
              [0.00522388, 0.00820896, 0.708706, 0.277861], 
              [0.011194, 0.00223881, 0.968408, 0.0181592], 
              [0.0251244, 0.00223881, 0.930597, 0.0420398], 
              [0.00223881, 0.00223881, 0.993284, 0.00223881], 
              [0.145522, 0.0927861, 0.66791, 0.0937811], 
              [0.159453, 0.0599502, 0.675871, 0.104726], 
              [0.231095, 0.011194, 0.675871, 0.0818408], 
              [0.0858209, 0.00223881, 0.8699, 0.0420398], 
              [0.0350746, 0.00920398, 0.903731, 0.05199]
            ]
          }, {
            "db": 0,
            "id": "motif_train1_34",
            "alt": "12-CAGCCAATCGGC",
            "len": 12,
            "nsites": 20,
            "evalue": "1.0e-022",
            "pwm": [
              [0.00223881, 0.993284, 0.00223881, 0.00223881], 
              [0.919652, 0.0758706, 0.00223881, 0.00223881], 
              [0.00223881, 0.00223881, 0.993284, 0.00223881], 
              [0.00223881, 0.993284, 0.00223881, 0.00223881], 
              [0.00223881, 0.993284, 0.00223881, 0.00223881], 
              [0.993284, 0.00223881, 0.00223881, 0.00223881], 
              [0.993284, 0.00223881, 0.00223881, 0.00223881], 
              [0.00223881, 0.00223881, 0.0758706, 0.919652], 
              [0.176368, 0.744527, 0.0768657, 0.00223881], 
              [0.290796, 0.0768657, 0.6301, 0.00223881], 
              [0.00223881, 0.0758706, 0.919652, 0.00223881], 
              [0.0758706, 0.919652, 0.00223881, 0.00223881]
            ]
          }, {
            "db": 0,
            "id": "motif_train1_35",
            "alt": "12-TCTCGCGAGATT",
            "len": 12,
            "nsites": 20,
            "evalue": "1.0e-021",
            "pwm": [
              [0.00223881, 0.133582, 0.00223881, 0.86194], 
              [0.133582, 0.86194, 0.00223881, 0.00223881], 
              [0.133582, 0.00223881, 0.00223881, 0.86194], 
              [0.00223881, 0.993284, 0.00223881, 0.00223881], 
              [0.00223881, 0.00223881, 0.993284, 0.00223881], 
              [0.00223881, 0.993284, 0.00223881, 0.00223881], 
              [0.00223881, 0.00223881, 0.993284, 0.00223881], 
              [0.730597, 0.00223881, 0.133582, 0.133582], 
              [0.00223881, 0.00223881, 0.993284, 0.00223881], 
              [0.993284, 0.00223881, 0.00223881, 0.00223881], 
              [0.00223881, 0.173383, 0.00223881, 0.822139], 
              [0.133582, 0.158458, 0.00223881, 0.705721]
            ]
          }, {
            "db": 0,
            "id": "motif_train1_4",
            "alt": "10-AAGATGGCGG",
            "len": 10,
            "nsites": 20,
            "evalue": "1.0e-047",
            "pwm": [
              [0.956468, 0.00223881, 0.0390547, 0.00223881], 
              [0.978358, 0.0171642, 0.00223881, 0.00223881], 
              [0.0768657, 0.154478, 0.750498, 0.0181592], 
              [0.978358, 0.00223881, 0.00223881, 0.0171642], 
              [0.0380597, 0.00223881, 0.00223881, 0.957463], 
              [0.00223881, 0.00223881, 0.993284, 0.00223881], 
              [0.00223881, 0.00223881, 0.993284, 0.00223881], 
              [0.049005, 0.946517, 0.00223881, 0.00223881], 
              [0.00223881, 0.0171642, 0.939552, 0.0410448], 
              [0.050995, 0.0798507, 0.850995, 0.0181592]
            ]
          }, {
            "db": 0,
            "id": "motif_train1_5",
            "alt": "10-TGCGCATGCG",
            "len": 10,
            "nsites": 20,
            "evalue": "1.0e-043",
            "pwm": [
              [0.0569652, 0.154478, 0.114677, 0.673881], 
              [0.123632, 0.04801, 0.780348, 0.04801], 
              [0.0539801, 0.84602, 0.0639303, 0.0360697], 
              [0.0848259, 0.0539801, 0.8301, 0.0310945], 
              [0.0360697, 0.886816, 0.0241294, 0.0529851], 
              [0.697761, 0.0937811, 0.0659204, 0.142537], 
              [0.121642, 0.0758706, 0.0380597, 0.764428], 
              [0.0241294, 0.0589552, 0.8301, 0.0868159], 
              [0.0659204, 0.782338, 0.0957711, 0.0559701], 
              [0.04801, 0.0559701, 0.888806, 0.00721393]
            ]
          }, {
            "db": 0,
            "id": "motif_train1_51",
            "alt": "6-CGGAAA",
            "len": 6,
            "nsites": 20,
            "evalue": "1.0e-042",
            "pwm": [
              [0.00223881, 0.993284, 0.00223881, 0.00223881], 
              [0.00223881, 0.405224, 0.590299, 0.00223881], 
              [0.00223881, 0.00223881, 0.993284, 0.00223881], 
              [0.487325, 0.172217, 0.106611, 0.233847], 
              [0.756468, 0.00223881, 0.00223881, 0.239055], 
              [0.740547, 0.088806, 0.0718905, 0.0987562]
            ]
          }, {
            "db": 0,
            "id": "motif_train1_52",
            "alt": "6-TCGTCA",
            "len": 6,
            "nsites": 20,
            "evalue": "1.0e-041",
            "pwm": [
              [0.200249, 0.0251244, 0.174378, 0.600249], 
              [0.00223881, 0.993284, 0.00223881, 0.00223881], 
              [0.2699, 0.00223881, 0.554478, 0.173383], 
              [0.0360697, 0.0599502, 0.0251244, 0.878856], 
              [0.0151741, 0.980348, 0.00223881, 0.00223881], 
              [0.970398, 0.00223881, 0.0251244, 0.00223881]
            ]
          }, {
            "db": 0,
            "id": "motif_train1_53",
            "alt": "6-CGSAAG",
            "len": 6,
            "nsites": 20,
            "evalue": "1.0e-039",
            "pwm": [
              [0.00223881, 0.893781, 0.00223881, 0.101741], 
              [0.00223881, 0.186318, 0.809204, 0.00223881], 
              [0.0560249, 0.468378, 0.332919, 0.142679], 
              [0.707711, 0.00223881, 0.00223881, 0.287811], 
              [0.643035, 0.00223881, 0.00223881, 0.352488], 
              [0.159453, 0.0927861, 0.622139, 0.125622]
            ]
          }, {
            "db": 0,
            "id": "motif_train1_54",
            "alt": "6-AAGGGG",
            "len": 6,
            "nsites": 20,
            "evalue": "1.0e-039",
            "pwm": [
              [0.915672, 0.00223881, 0.00223881, 0.0798507], 
              [0.768408, 0.00223881, 0.227114, 0.00223881], 
              [0.00223881, 0.00223881, 0.993284, 0.00223881], 
              [0.124627, 0.00223881, 0.870896, 0.00223881], 
              [0.00223881, 0.110697, 0.884826, 0.00223881], 
              [0.00223881, 0.00223881, 0.993284, 0.00223881]
            ]
          }, {
            "db": 0,
            "id": "motif_train1_55",
            "alt": "6-GAAGCT",
            "len": 6,
            "nsites": 20,
            "evalue": "1.0e-037",
            "pwm": [
              [0.00223881, 0.00223881, 0.993284, 0.00223881], 
              [0.993284, 0.00223881, 0.00223881, 0.00223881], 
              [0.897761, 0.00223881, 0.00223881, 0.0977612], 
              [0.00223881, 0.00223881, 0.993284, 0.00223881], 
              [0.23209, 0.763433, 0.00223881, 0.00223881], 
              [0.00920398, 0.00223881, 0.112687, 0.875871]
            ]
          }, {
            "db": 0,
            "id": "motif_train1_56",
            "alt": "6-GGAGGA",
            "len": 6,
            "nsites": 20,
            "evalue": "1.0e-036",
            "pwm": [
              [0.0957711, 0.00223881, 0.899751, 0.00223881], 
              [0.00223881, 0.00223881, 0.993284, 0.00223881], 
              [0.738557, 0.00223881, 0.256965, 0.00223881], 
              [0.089801, 0.00223881, 0.83209, 0.0758706], 
              [0.00223881, 0.147512, 0.84801, 0.00223881], 
              [0.993284, 0.00223881, 0.00223881, 0.00223881]
            ]
          }, {
            "db": 0,
            "id": "motif_train1_57",
            "alt": "6-GCCGTW",
            "len": 6,
            "nsites": 20,
            "evalue": "1.0e-021",
            "pwm": [
              [0.143532, 0.00223881, 0.789303, 0.0649254], 
              [0.0380597, 0.658955, 0.216169, 0.0868159], 
              [0.0768657, 0.558458, 0.00422886, 0.360448], 
              [0.00223881, 0.00223881, 0.993284, 0.00223881], 
              [0.00422886, 0.00223881, 0.00223881, 0.991294], 
              [0.471891, 0.0868159, 0.00223881, 0.439055]
            ]
          }, {
            "db": 0,
            "id": "motif_train1_58",
            "alt": "6-AGCGGA",
            "len": 6,
            "nsites": 20,
            "evalue": "1.0e-021",
            "pwm": [
              [0.993284, 0.00223881, 0.00223881, 0.00223881], 
              [0.00223881, 0.262935, 0.732587, 0.00223881], 
              [0.00223881, 0.684826, 0.00223881, 0.310697], 
              [0.00223881, 0.00223881, 0.993284, 0.00223881], 
              [0.00223881, 0.00223881, 0.993284, 0.00223881], 
              [0.993284, 0.00223881, 0.00223881, 0.00223881]
            ]
          }, {
            "db": 0,
            "id": "motif_train1_6",
            "alt": "10-AAAGGGGCGG",
            "len": 10,
            "nsites": 20,
            "evalue": "1.0e-038",
            "pwm": [
              [0.825124, 0.0281095, 0.0679104, 0.0788557], 
              [0.811194, 0.0549751, 0.0768657, 0.0569652], 
              [0.815174, 0.0639303, 0.0619403, 0.0589552], 
              [0.0211443, 0.0659204, 0.872886, 0.0400498], 
              [0.126617, 0.0927861, 0.710697, 0.0699005], 
              [0.0718905, 0.111692, 0.752488, 0.0639303], 
              [0.049005, 0.0629353, 0.818159, 0.0699005], 
              [0.0629353, 0.778358, 0.088806, 0.0699005], 
              [0.0738806, 0.0818408, 0.810199, 0.0340796], 
              [0.0400498, 0.05, 0.783333, 0.126617]
            ]
          }, {
            "db": 0,
            "id": "motif_train1_62",
            "alt": "8-CCGGAAGT",
            "len": 8,
            "nsites": 20,
            "evalue": "1.0e-085",
            "pwm": [
              [0.0450249, 0.743532, 0.171393, 0.0400498], 
              [0.00223881, 0.993284, 0.00223881, 0.00223881], 
              [0.00223881, 0.00223881, 0.993284, 0.00223881], 
              [0.00223881, 0.00223881, 0.993284, 0.00223881], 
              [0.993284, 0.00223881, 0.00223881, 0.00223881], 
              [0.993284, 0.00223881, 0.00223881, 0.00223881], 
              [0.112687, 0.0241294, 0.860945, 0.00223881], 
              [0.0997512, 0.357463, 0.00223881, 0.540547]
            ]
          }, {
            "db": 0,
            "id": "motif_train1_63",
            "alt": "8-KTTTCCGS",
            "len": 8,
            "nsites": 20,
            "evalue": "1.0e-052",
            "pwm": [
              [0.203234, 0.00223881, 0.355473, 0.439055], 
              [0.00223881, 0.296766, 0.00820896, 0.692786], 
              [0.105721, 0.00223881, 0.00223881, 0.889801], 
              [0.237065, 0.00223881, 0.00223881, 0.758458], 
              [0.00223881, 0.66791, 0.327612, 0.00223881], 
              [0.00223881, 0.993284, 0.00223881, 0.00223881], 
              [0.00223881, 0.00223881, 0.993284, 0.00223881], 
              [0.0330846, 0.504726, 0.45995, 0.00223881]
            ]
          }, {
            "db": 0,
            "id": "motif_train1_64",
            "alt": "8-TGGRGGAG",
            "len": 8,
            "nsites": 20,
            "evalue": "1.0e-049",
            "pwm": [
              [0.268905, 0.0181592, 0.166418, 0.546517], 
              [0.00223881, 0.0320896, 0.919652, 0.0460199], 
              [0.111692, 0.167413, 0.587313, 0.133582], 
              [0.355473, 0.0838308, 0.360448, 0.200249], 
              [0.155473, 0.0549751, 0.756468, 0.0330846], 
              [0.0728856, 0.199254, 0.725622, 0.00223881], 
              [0.470896, 0.00223881, 0.302736, 0.224129], 
              [0.296766, 0.00223881, 0.698756, 0.00223881]
            ]
          }, {
            "db": 0,
            "id": "motif_train1_65",
            "alt": "8-CRTCTTCN",
            "len": 8,
            "nsites": 20,
            "evalue": "1.0e-042",
            "pwm": [
              [0.00223881, 0.84204, 0.153483, 0.00223881], 
              [0.374378, 0.137562, 0.317662, 0.170398], 
              [0.00223881, 0.202239, 0.0300995, 0.765423], 
              [0.00223881, 0.993284, 0.00223881, 0.00223881], 
              [0.408209, 0.00223881, 0.00223881, 0.587313], 
              [0.0649254, 0.00223881, 0.0430348, 0.889801], 
              [0.0639303, 0.746517, 0.00223881, 0.187313], 
              [0.196269, 0.24204, 0.26592, 0.295771]
            ]
          }, {
            "db": 0,
            "id": "motif_train1_66",
            "alt": "8-MGCTTSCG",
            "len": 8,
            "nsites": 20,
            "evalue": "1.0e-031",
            "pwm": [
              [0.431095, 0.43607, 0.00223881, 0.130597], 
              [0.162438, 0.0121891, 0.777363, 0.04801], 
              [0.0281095, 0.687811, 0.00223881, 0.281841], 
              [0.0470149, 0.145522, 0.270896, 0.536567], 
              [0.122637, 0.00223881, 0.00223881, 0.872886], 
              [0.00223881, 0.493781, 0.501741, 0.00223881], 
              [0.00223881, 0.993284, 0.00223881, 0.00223881], 
              [0.00223881, 0.00223881, 0.850995, 0.144527]
            ]
          }, {
            "db": 0,
            "id": "motif_train1_67",
            "alt": "8-TTTGGCGG",
            "len": 8,
            "nsites": 20,
            "evalue": "1.0e-029",
            "pwm": [
              [0.26592, 0.127612, 0.0957711, 0.510697], 
              [0.292786, 0.121642, 0.105721, 0.479851], 
              [0.227114, 0.247015, 0.0211443, 0.504726], 
              [0.155473, 0.146517, 0.63209, 0.0659204], 
              [0.225124, 0.0828358, 0.565423, 0.126617], 
              [0.0818408, 0.664925, 0.138557, 0.114677], 
              [0.192289, 0.196269, 0.510697, 0.100746], 
              [0.089801, 0.164428, 0.686816, 0.0589552]
            ]
          }, {
            "db": 0,
            "id": "motif_train1_68",
            "alt": "8-GGCGGGGC",
            "len": 8,
            "nsites": 20,
            "evalue": "1.0e-024",
            "pwm": [
              [0.00223881, 0.00223881, 0.993284, 0.00223881], 
              [0.00223881, 0.00223881, 0.993284, 0.00223881], 
              [0.00223881, 0.774378, 0.00223881, 0.221144], 
              [0.00223881, 0.00223881, 0.993284, 0.00223881], 
              [0.00223881, 0.00223881, 0.628109, 0.367413], 
              [0.00223881, 0.00223881, 0.993284, 0.00223881], 
              [0.011194, 0.00223881, 0.63209, 0.354478], 
              [0.00223881, 0.993284, 0.00223881, 0.00223881]
            ]
          }, {
            "db": 0,
            "id": "motif_train1_69",
            "alt": "8-CVSMGNWA",
            "len": 8,
            "nsites": 20,
            "evalue": "1.0e-024",
            "pwm": [
              [0.14339, 0.481361, 0.188122, 0.187128], 
              [0.266915, 0.355473, 0.353483, 0.0241294], 
              [0.162438, 0.282836, 0.413184, 0.141542], 
              [0.26194, 0.369403, 0.178358, 0.190299], 
              [0.20999, 0.171223, 0.398856, 0.219931], 
              [0.205224, 0.271891, 0.310697, 0.212189], 
              [0.397264, 0.187313, 0.00223881, 0.413184], 
              [0.885821, 0.00223881, 0.109701, 0.00223881]
            ]
          }, {
            "db": 0,
            "id": "motif_train1_7",
            "alt": "10-CGATGATGAC",
            "len": 10,
            "nsites": 20,
            "evalue": "1.0e-036",
            "pwm": [
              [0.0987562, 0.620149, 0.131592, 0.149502], 
              [0.110697, 0.0987562, 0.676866, 0.113682], 
              [0.685821, 0.106716, 0.103731, 0.103731], 
              [0.102736, 0.090796, 0.100746, 0.705721], 
              [0.0798507, 0.0828358, 0.755473, 0.0818408], 
              [0.695771, 0.0937811, 0.121642, 0.088806], 
              [0.0957711, 0.0878109, 0.118657, 0.697761], 
              [0.0798507, 0.103731, 0.741542, 0.0748756], 
              [0.693781, 0.108706, 0.0848259, 0.112687], 
              [0.091791, 0.707711, 0.0977612, 0.102736]
            ]
          }, {
            "db": 0,
            "id": "motif_train1_70",
            "alt": "8-CCCCTAAA",
            "len": 8,
            "nsites": 20,
            "evalue": "1.0e-023",
            "pwm": [
              [0.0549751, 0.750498, 0.117662, 0.0768657], 
              [0.0728856, 0.807214, 0.0609453, 0.0589552], 
              [0.0818408, 0.876866, 0.00820896, 0.0330846], 
              [0.0360697, 0.641045, 0.187313, 0.135572], 
              [0.120647, 0.0579602, 0.0559701, 0.765423], 
              [0.708706, 0.0947761, 0.0579602, 0.138557], 
              [0.703731, 0.0420398, 0.0758706, 0.178358], 
              [0.730597, 0.104726, 0.0420398, 0.122637]
            ]
          }, {
            "db": 0,
            "id": "motif_train1_71",
            "alt": "8-TACCGATC",
            "len": 8,
            "nsites": 20,
            "evalue": "1.0e-022",
            "pwm": [
              [0.112687, 0.0619403, 0.0300995, 0.795274], 
              [0.618159, 0.0957711, 0.145522, 0.140547], 
              [0.0868159, 0.688806, 0.135572, 0.088806], 
              [0.0748756, 0.811194, 0.0788557, 0.0350746], 
              [0.0450249, 0.0738806, 0.85199, 0.0291045], 
              [0.683831, 0.0310945, 0.140547, 0.144527], 
              [0.0659204, 0.090796, 0.0440299, 0.799254], 
              [0.0639303, 0.737562, 0.103731, 0.0947761]
            ]
          }, {
            "db": 0,
            "id": "motif_train1_72",
            "alt": "8-AGCAGCWG",
            "len": 8,
            "nsites": 20,
            "evalue": "1.0e-022",
            "pwm": [
              [0.694776, 0.23607, 0.00223881, 0.0669154], 
              [0.252985, 0.00223881, 0.670896, 0.0738806], 
              [0.0629353, 0.747512, 0.187313, 0.00223881], 
              [0.729602, 0.00223881, 0.0360697, 0.23209], 
              [0.00223881, 0.00223881, 0.993284, 0.00223881], 
              [0.00223881, 0.858955, 0.0470149, 0.091791], 
              [0.405814, 0.109593, 0.103629, 0.380964], 
              [0.321642, 0.124627, 0.495771, 0.0579602]
            ]
          }, {
            "db": 0,
            "id": "motif_train1_73",
            "alt": "8-CGRSTTGT",
            "len": 8,
            "nsites": 20,
            "evalue": "1.0e-021",
            "pwm": [
              [0.0410448, 0.719652, 0.237065, 0.00223881], 
              [0.180348, 0.0738806, 0.743532, 0.00223881], 
              [0.413184, 0.00223881, 0.478856, 0.105721], 
              [0.0968618, 0.451445, 0.328935, 0.122758], 
              [0.00223881, 0.188308, 0.0370647, 0.772388], 
              [0.335572, 0.00223881, 0.0330846, 0.629104], 
              [0.00223881, 0.173383, 0.628109, 0.196269], 
              [0.129602, 0.231095, 0.00223881, 0.637065]
            ]
          }, {
            "db": 0,
            "id": "motif_train1_74",
            "alt": "8-GATGTACT",
            "len": 8,
            "nsites": 20,
            "evalue": "1.0e-020",
            "pwm": [
              [0.0251244, 0.090796, 0.845025, 0.0390547], 
              [0.64204, 0.160448, 0.125622, 0.0718905], 
              [0.108706, 0.102736, 0.120647, 0.66791], 
              [0.0868159, 0.0718905, 0.750498, 0.090796], 
              [0.126617, 0.0569652, 0.0350746, 0.781343], 
              [0.745522, 0.0549751, 0.140547, 0.0589552], 
              [0.0689055, 0.813184, 0.0868159, 0.0310945], 
              [0.089801, 0.090796, 0.0778607, 0.741542]
            ]
          }, {
            "db": 0,
            "id": "motif_train1_8",
            "alt": "10-AAGAGGAGGA",
            "len": 10,
            "nsites": 20,
            "evalue": "1.0e-032",
            "pwm": [
              [0.798259, 0.114677, 0.0639303, 0.0231343], 
              [0.518657, 0.0380597, 0.312687, 0.130597], 
              [0.0131841, 0.00223881, 0.982338, 0.00223881], 
              [0.86592, 0.0291045, 0.0977612, 0.00721393], 
              [0.174378, 0.00223881, 0.680846, 0.142537], 
              [0.00721393, 0.0300995, 0.960448, 0.00223881], 
              [0.841045, 0.0360697, 0.0748756, 0.04801], 
              [0.252985, 0.00223881, 0.559453, 0.185323], 
              [0.0629353, 0.0241294, 0.894776, 0.0181592], 
              [0.876866, 0.05, 0.04801, 0.0251244]
            ]
          }, {
            "db": 0,
            "id": "motif_train1_9",
            "alt": "10-TCTTTCCGGT",
            "len": 10,
            "nsites": 20,
            "evalue": "1.0e-029",
            "pwm": [
              [0.0251244, 0.280846, 0.198259, 0.495771], 
              [0.0151741, 0.654975, 0.0261194, 0.303731], 
              [0.00223881, 0.325622, 0.00223881, 0.6699], 
              [0.0430348, 0.111692, 0.0291045, 0.816169], 
              [0.0927861, 0.0211443, 0.0211443, 0.864925], 
              [0.0151741, 0.907711, 0.0291045, 0.04801], 
              [0.141542, 0.685821, 0.0858209, 0.0868159], 
              [0.0121891, 0.0579602, 0.927612, 0.00223881], 
              [0.00223881, 0.101741, 0.872886, 0.0231343], 
              [0.191294, 0.088806, 0.00920398, 0.710697]
            ]
          }, {
            "db": 0,
            "id": "motif_train2_1",
            "alt": "10-RSCGGAAGTG",
            "len": 10,
            "nsites": 20,
            "evalue": "1.0e-095",
            "pwm": [
              [0.361083, 0.20005, 0.307405, 0.131462], 
              [0.145522, 0.45398, 0.358458, 0.0420398], 
              [0.153483, 0.611194, 0.114677, 0.120647], 
              [0.00522388, 0.00223881, 0.990299, 0.00223881], 
              [0.00223881, 0.00223881, 0.993284, 0.00223881], 
              [0.985323, 0.00223881, 0.00223881, 0.010199], 
              [0.843035, 0.00223881, 0.00223881, 0.152488], 
              [0.258955, 0.185323, 0.511692, 0.0440299], 
              [0.151643, 0.214392, 0.138695, 0.49527], 
              [0.164428, 0.168408, 0.423134, 0.24403]
            ]
          }, {
            "db": 0,
            "id": "motif_train2_10",
            "alt": "10-TATCAGCAGT",
            "len": 10,
            "nsites": 20,
            "evalue": "1.0e-035",
            "pwm": [
              [0.00223881, 0.00223881, 0.00223881, 0.993284], 
              [0.993284, 0.00223881, 0.00223881, 0.00223881], 
              [0.00223881, 0.00223881, 0.00223881, 0.993284], 
              [0.00223881, 0.993284, 0.00223881, 0.00223881], 
              [0.993284, 0.00223881, 0.00223881, 0.00223881], 
              [0.00223881, 0.00223881, 0.993284, 0.00223881], 
              [0.00223881, 0.993284, 0.00223881, 0.00223881], 
              [0.975373, 0.0201493, 0.00223881, 0.00223881], 
              [0.00223881, 0.00223881, 0.993284, 0.00223881], 
              [0.00223881, 0.00223881, 0.201244, 0.794279]
            ]
          }, {
            "db": 0,
            "id": "motif_train2_11",
            "alt": "10-TTTAGGGGGA",
            "len": 10,
            "nsites": 20,
            "evalue": "1.0e-032",
            "pwm": [
              [0.090796, 0.103731, 0.115672, 0.689801], 
              [0.0828358, 0.108706, 0.0997512, 0.708706], 
              [0.0987562, 0.112687, 0.116667, 0.671891], 
