Now running MotifSetReduce.pl with arguments -m cluster7.meme -l 5 -t 0.09 -c 0.5 ...



Consensus motifs at merging threshold 0.09:

DE	motif_train7_34 (12 positions) IC=  7.719
0.700	0.100	0.100	0.100	A	0.643
0.100	0.100	0.100	0.700	T	0.643
0.100	0.100	0.100	0.700	T	0.643
0.100	0.100	0.700	0.100	G	0.643
0.100	0.100	0.700	0.100	G	0.643
0.100	0.700	0.100	0.100	C	0.643
0.700	0.100	0.100	0.100	A	0.643
0.100	0.100	0.700	0.100	G	0.643
0.100	0.700	0.100	0.100	C	0.643
0.100	0.100	0.700	0.100	G	0.643
0.100	0.100	0.700	0.100	G	0.643
0.100	0.700	0.100	0.100	C	0.643
XX

DE	motif_train10_5mmmmmmmmt (7 positions) IC=  7.297
0.068	0.646	0.183	0.104	C	0.542
0.175	0.581	0.151	0.094	M	0.373
0.029	0.016	0.885	0.070	G	1.333
0.009	0.959	0.009	0.023	C	1.695
0.019	0.961	0.015	0.005	C	1.708
0.734	0.032	0.041	0.192	A	0.866
0.157	0.051	0.063	0.730	T	0.780
XX

DE	motif_train2_47 (12 positions) IC=  5.567
0.605	0.181	0.144	0.070	A	0.444
0.650	0.163	0.131	0.056	A	0.552
0.640	0.081	0.101	0.178	A	0.517
0.128	0.081	0.723	0.068	G	0.725
0.141	0.163	0.632	0.064	G	0.503
0.196	0.573	0.125	0.106	M	0.361
0.250	0.115	0.526	0.109	R	0.305
0.116	0.197	0.596	0.091	S	0.418
0.263	0.526	0.091	0.120	M	0.324
0.094	0.175	0.581	0.150	S	0.374
0.074	0.294	0.546	0.086	S	0.422
0.081	0.691	0.113	0.115	C	0.624
XX

DE	motif_train10_27mmt (5 positions) IC=  4.160
0.770	0.065	0.089	0.076	A	0.861
0.072	0.180	0.077	0.670	T	0.609
0.123	0.092	0.745	0.040	G	0.808
0.066	0.059	0.832	0.043	G	1.085
0.089	0.748	0.059	0.104	C	0.797
XX
