Now running MotifSetReduce.pl with arguments -m cluster3.meme -l 5 -t 0.09 -c 0.5 ...



Consensus motifs at merging threshold 0.09:

DE	motif_train10_13mm (8 positions) IC=  8.204
0.117	0.161	0.673	0.049	G	0.617
0.027	0.142	0.048	0.783	T	0.970
0.012	0.831	0.145	0.012	C	1.222
0.801	0.049	0.048	0.102	A	0.985
0.026	0.840	0.090	0.044	C	1.142
0.058	0.081	0.846	0.015	G	1.176
0.025	0.132	0.092	0.750	T	0.851
0.012	0.146	0.833	0.009	G	1.240
XX

DE	motif_train10_37mmmmm (6 positions) IC=  6.132
0.022	0.232	0.731	0.014	G	0.972
0.808	0.039	0.146	0.007	A	1.116
0.021	0.801	0.039	0.139	C	1.047
0.096	0.026	0.866	0.013	G	1.278
0.013	0.178	0.018	0.791	T	1.104
0.113	0.594	0.283	0.010	S	0.615
XX
