Now running MotifSetReduce.pl with arguments -m cluster9.meme -l 5 -t 0.09 -c 0.5 ...



Consensus motifs at merging threshold 0.09:

DE	motif_train3_49 (12 positions) IC= 16.498
0.021	0.608	0.021	0.350	C	0.799
0.124	0.041	0.607	0.228	G	0.514
0.001	0.937	0.061	0.001	C	1.646
0.001	0.145	0.001	0.853	T	1.380
0.021	0.738	0.220	0.021	C	0.962
0.729	0.207	0.001	0.063	A	0.936
0.001	0.020	0.041	0.938	T	1.602
0.001	0.001	0.001	0.997	T	1.966
0.001	0.001	0.997	0.001	G	1.966
0.001	0.001	0.997	0.001	G	1.966
0.001	0.997	0.001	0.001	C	1.966
0.083	0.254	0.001	0.662	T	0.796
XX

DE	motif_train10_88mmm (8 positions) IC= 10.858
0.018	0.538	0.042	0.402	Y	0.692
0.004	0.241	0.689	0.065	G	0.845
0.958	0.013	0.016	0.013	A	1.684
0.018	0.050	0.039	0.893	T	1.353
0.002	0.004	0.008	0.986	T	1.874
0.005	0.017	0.955	0.024	G	1.671
0.014	0.021	0.960	0.005	G	1.702
0.055	0.820	0.054	0.071	C	1.035
XX

DE	motif_train1_43mmt (8 positions) IC=  9.820
0.081	0.017	0.861	0.041	G	1.232
0.003	0.974	0.009	0.014	C	1.794
0.029	0.955	0.009	0.007	C	1.676
0.958	0.021	0.006	0.015	A	1.690
0.888	0.023	0.075	0.014	A	1.357
0.064	0.051	0.055	0.829	T	1.072
0.157	0.601	0.204	0.037	C	0.494
0.247	0.114	0.596	0.043	R	0.506
XX
