Now running MotifSetReduce.pl with arguments -m cluster6.meme -l 5 -t 0.09 -c 0.5 ...



Consensus motifs at merging threshold 0.09:

DE	motif_train10_28mmmmm (9 positions) IC= 11.533
0.208	0.001	0.587	0.204	R	0.599
0.087	0.597	0.131	0.185	Y	0.414
0.045	0.731	0.003	0.222	C	0.962
0.213	0.778	0.004	0.005	C	1.172
0.005	0.985	0.002	0.008	C	1.867
0.263	0.001	0.726	0.010	G	1.081
0.003	0.994	0.001	0.001	C	1.942
0.001	0.993	0.003	0.003	C	1.929
0.004	0.920	0.001	0.075	C	1.567
XX

DE	motif_train10_3 (10 positions) IC= 10.838
0.122	0.040	0.668	0.170	G	0.621
0.130	0.063	0.757	0.050	G	0.846
0.077	0.005	0.893	0.025	G	1.398
0.036	0.032	0.897	0.035	G	1.358
0.026	0.940	0.022	0.012	C	1.581
0.031	0.038	0.890	0.041	G	1.327
0.061	0.027	0.833	0.079	G	1.104
0.090	0.011	0.814	0.085	G	1.072
0.186	0.031	0.323	0.460	K	0.351
0.077	0.848	0.015	0.060	C	1.179
XX

DE	motif_train3_28mmm (5 positions) IC=  6.701
0.008	0.033	0.860	0.098	G	1.265
0.057	0.001	0.840	0.102	G	1.206
0.050	0.002	0.943	0.005	G	1.647
0.053	0.036	0.905	0.007	G	1.426
0.059	0.828	0.003	0.109	C	1.158
XX
