Now running MotifSetReduce.pl with arguments -m cluster10.meme -l 5 -t 0.09 -c 0.5 ...



Consensus motifs at merging threshold 0.09:

DE	motif_train4_33mt (10 positions) IC=  6.304
0.118	0.075	0.708	0.100	G	0.671
0.105	0.067	0.720	0.109	G	0.708
0.105	0.122	0.674	0.099	G	0.575
0.135	0.092	0.104	0.668	T	0.563
0.098	0.114	0.706	0.083	G	0.662
0.679	0.070	0.127	0.123	A	0.602
0.088	0.106	0.695	0.111	G	0.631
0.091	0.115	0.114	0.680	T	0.592
0.075	0.113	0.119	0.693	T	0.631
0.079	0.099	0.115	0.707	T	0.668
XX

DE	motif_train2_5mm (9 positions) IC=  5.812
0.107	0.082	0.709	0.102	G	0.671
0.095	0.087	0.714	0.104	G	0.686
0.103	0.061	0.738	0.098	G	0.766
0.122	0.113	0.671	0.094	G	0.567
0.661	0.115	0.116	0.109	A	0.538
0.715	0.098	0.105	0.082	A	0.688
0.709	0.074	0.107	0.110	A	0.675
0.111	0.099	0.670	0.120	G	0.564
0.097	0.097	0.102	0.705	T	0.657
XX

DE	motif_train10_73mmm (6 positions) IC=  3.806
0.097	0.077	0.731	0.095	G	0.736
0.099	0.100	0.698	0.103	G	0.638
0.115	0.115	0.100	0.671	T	0.566
0.654	0.114	0.131	0.101	A	0.525
0.701	0.078	0.113	0.108	A	0.651
0.090	0.096	0.716	0.098	G	0.691
XX
