Now running MotifSetReduce.pl with arguments -m cluster1.meme -l 5 -t 0.09 -c 0.5 ...



Consensus motifs at merging threshold 0.09:

DE	motif_train10_95 (8 positions) IC= 15.332
0.001	0.001	0.997	0.001	G	1.966
0.001	0.997	0.001	0.001	C	1.966
0.001	0.081	0.001	0.917	T	1.572
0.001	0.001	0.997	0.001	G	1.966
0.997	0.001	0.001	0.001	A	1.966
0.001	0.001	0.001	0.997	T	1.966
0.997	0.001	0.001	0.001	A	1.966
0.001	0.001	0.997	0.001	G	1.966
XX

DE	motif_train2_26mt (7 positions) IC= 11.740
0.657	0.001	0.278	0.063	A	0.827
0.005	0.883	0.012	0.100	C	1.394
0.003	0.001	0.036	0.961	T	1.738
0.005	0.001	0.001	0.994	T	1.936
0.004	0.991	0.001	0.004	C	1.913
0.001	0.997	0.001	0.001	C	1.966
0.001	0.001	0.997	0.001	G	1.966
XX

DE	motif_train3_30t (11 positions) IC= 11.414
0.204	0.010	0.060	0.726	T	0.887
0.020	0.004	0.973	0.003	G	1.792
0.322	0.165	0.439	0.074	R	0.245
0.199	0.016	0.017	0.768	T	1.049
0.037	0.004	0.944	0.015	G	1.623
0.379	0.161	0.443	0.018	R	0.421
0.225	0.006	0.009	0.760	T	1.109
0.021	0.009	0.965	0.005	G	1.734
0.392	0.140	0.381	0.086	R	0.238
0.257	0.037	0.024	0.682	T	0.815
0.015	0.033	0.925	0.027	G	1.502
XX

DE	motif_train1_27mt (6 positions) IC= 10.539
0.001	0.001	0.001	0.997	T	1.966
0.001	0.001	0.001	0.997	T	1.966
0.001	0.997	0.001	0.001	C	1.966
0.001	0.997	0.001	0.001	C	1.966
0.001	0.001	0.997	0.001	G	1.966
0.071	0.540	0.388	0.001	S	0.710
XX

DE	motif_train10_29mmmmmmmm (6 positions) IC=  8.817
0.755	0.216	0.011	0.018	A	1.039
0.014	0.016	0.011	0.959	T	1.690
0.065	0.895	0.027	0.013	C	1.379
0.951	0.011	0.010	0.027	A	1.648
0.026	0.012	0.932	0.029	G	1.541
0.023	0.928	0.034	0.014	C	1.521
XX

DE	motif_train10_1mmmmmmmm (5 positions) IC=  7.380
0.010	0.960	0.029	0.001	C	1.718
0.003	0.006	0.988	0.002	G	1.893
0.020	0.020	0.873	0.087	G	1.296
0.894	0.038	0.007	0.062	A	1.381
0.769	0.012	0.010	0.208	A	1.092
XX

DE	motif_train10_33mmm (7 positions) IC=  5.397
0.105	0.047	0.765	0.082	G	0.858
0.132	0.077	0.726	0.065	G	0.737
0.766	0.072	0.077	0.084	A	0.846
0.136	0.049	0.743	0.072	G	0.804
0.126	0.071	0.746	0.057	G	0.802
0.737	0.075	0.089	0.099	A	0.755
0.158	0.086	0.673	0.083	G	0.593
XX

DE	motif_train6_80t (7 positions) IC=  4.309
0.105	0.742	0.002	0.151	C	0.909
0.172	0.144	0.049	0.635	T	0.531
0.058	0.556	0.238	0.148	S	0.390
0.159	0.510	0.155	0.176	N	0.225
0.104	0.047	0.076	0.773	T	0.883
0.091	0.723	0.067	0.119	C	0.720
0.050	0.688	0.109	0.153	C	0.650
XX

DE	motif_train10_77mmmmmmt (5 positions) IC=  3.884
0.088	0.681	0.140	0.091	C	0.602
0.089	0.647	0.157	0.107	C	0.518
0.021	0.796	0.078	0.104	C	0.993
0.029	0.844	0.005	0.122	C	1.238
0.166	0.571	0.012	0.252	Y	0.533
XX

DE	motif_train10_2m (5 positions) IC=  3.879
0.033	0.032	0.929	0.006	G	1.534
0.505	0.061	0.381	0.053	R	0.503
0.325	0.047	0.316	0.312	N	0.215
0.092	0.059	0.841	0.008	G	1.180
0.617	0.096	0.167	0.120	A	0.446
XX

DE	motif_train10_11mmmm (5 positions) IC=  3.202
0.130	0.061	0.719	0.091	G	0.715
0.075	0.790	0.051	0.084	C	0.933
0.316	0.080	0.079	0.525	W	0.405
0.133	0.077	0.699	0.091	G	0.652
0.103	0.621	0.070	0.205	C	0.497
XX

DE	motif_train10_81mmmmmt (5 positions) IC=  3.091
0.101	0.114	0.129	0.656	T	0.528
0.054	0.837	0.059	0.050	C	1.101
0.605	0.089	0.131	0.175	A	0.426
0.114	0.144	0.162	0.580	N	0.359
0.077	0.710	0.104	0.109	C	0.675
XX

DE	motif_train10_34mmm (5 positions) IC=  3.054
0.116	0.027	0.653	0.204	G	0.630
0.098	0.031	0.705	0.166	G	0.732
0.130	0.039	0.687	0.144	G	0.660
0.148	0.054	0.650	0.148	G	0.553
0.161	0.082	0.629	0.128	G	0.478
XX

DE	motif_train2_77mmmt (6 positions) IC=  2.910
0.059	0.802	0.106	0.033	C	0.998
0.134	0.206	0.447	0.213	N	0.147
0.093	0.138	0.690	0.080	G	0.627
0.443	0.254	0.131	0.172	N	0.157
0.355	0.119	0.058	0.469	W	0.353
0.677	0.124	0.153	0.045	A	0.627
XX

DE	motif_train10_36mmt (5 positions) IC=  2.105
0.136	0.611	0.109	0.144	C	0.424
0.132	0.118	0.646	0.104	G	0.504
0.138	0.129	0.619	0.115	G	0.438
0.129	0.631	0.121	0.119	C	0.465
0.161	0.155	0.539	0.146	N	0.274
XX

DE	motif_train4_35mt (5 positions) IC=  2.059
0.576	0.116	0.142	0.167	N	0.350
0.135	0.137	0.128	0.601	T	0.397
0.129	0.614	0.153	0.104	C	0.433
0.622	0.132	0.144	0.104	A	0.447
0.145	0.109	0.615	0.132	G	0.431
XX

DE	motif_train10_79mmmt (5 positions) IC=  1.770
0.096	0.178	0.128	0.598	Y	0.409
0.173	0.102	0.121	0.604	T	0.417
0.142	0.183	0.176	0.500	N	0.211
0.082	0.605	0.151	0.161	C	0.429
0.126	0.529	0.243	0.103	S	0.304
XX
