<!DOCTYPE HTML>
<html>
  <head>
    <meta charset="UTF-8">
    <title>TOMTOM</title>
    <script>
      // @JSON_VAR data
      var data = {
        "program": "Tomtom",
        "version": "4.11.1",
        "release": "Fri Jan 15 12:51:59 2016 -0800",
        "cmd": [
          "tomtom", "-thresh", "0.0001", "-evalue", "all_train.meme",
          "all_train.meme"
        ],
        "options": {
          "strands": "both",
          "distance_measure": "ed",
          "threshold_type": "evalue",
          "threshold_value": 0.0001,
          "background_source": "first_target"
        },
        "alphabet": {
          "name": "DNA",
          "like": "dna",
          "ncore": 4,
          "symbols": [
            {
              "symbol": "A",
              "name": "Adenine",
              "colour": "CC0000",
              "complement": "T"
            }, {
              "symbol": "C",
              "name": "Cytosine",
              "colour": "0000CC",
              "complement": "G"
            }, {
              "symbol": "G",
              "name": "Guanine",
              "colour": "FFB300",
              "complement": "C"
            }, {
              "symbol": "T",
              "aliases": "U",
              "name": "Thymine",
              "colour": "008000",
              "complement": "A"
            }, {
              "symbol": "N",
              "aliases": "X.",
              "name": "Any base",
              "equals": "ACGT"
            }, {
              "symbol": "V",
              "name": "Not T",
              "equals": "ACG"
            }, {
              "symbol": "H",
              "name": "Not G",
              "equals": "ACT"
            }, {
              "symbol": "D",
              "name": "Not C",
              "equals": "AGT"
            }, {
              "symbol": "B",
              "name": "Not A",
              "equals": "CGT"
            }, {
              "symbol": "M",
              "name": "Amino",
              "equals": "AC"
            }, {
              "symbol": "R",
              "name": "Purine",
              "equals": "AG"
            }, {
              "symbol": "W",
              "name": "Weak",
              "equals": "AT"
            }, {
              "symbol": "S",
              "name": "Strong",
              "equals": "CG"
            }, {
              "symbol": "Y",
              "name": "Pyrimidine",
              "equals": "CT"
            }, {
              "symbol": "K",
              "name": "Keto",
              "equals": "GT"
            }
          ]
        },
        "background": [0.25, 0.25, 0.25, 0.25],
        "query_dbs": [
          {
            "source": "all_train.meme",
            "name": "all train",
            "loaded": 1000,
            "excluded": 0,
            "last_modified": "Sun Jun 26 10:09:12 2016"
          }
        ],
        "target_dbs": [
          {
            "source": "all_train.meme",
            "name": "all train",
            "loaded": 1000,
            "excluded": 0,
            "last_modified": "Sun Jun 26 10:09:12 2016"
          }
        ],
        "queries": [
          {
            "db": 0,
            "id": "motif_train10_1",
            "alt": "10-GCCGGAARYG",
            "len": 10,
            "nsites": 20,
            "evalue": "1.0e-708",
            "pwm": [
              [0.270896, 0.089801, 0.45597, 0.183333], 
              [0.109701, 0.65398, 0.219154, 0.0171642], 
              [0.0181592, 0.946517, 0.0251244, 0.010199], 
              [0.049005, 0.00223881, 0.933582, 0.0151741], 
              [0.00721393, 0.00223881, 0.980348, 0.010199], 
              [0.932587, 0.0539801, 0.00422886, 0.00920398], 
              [0.945522, 0.00223881, 0.00223881, 0.05], 
              [0.345522, 0.162438, 0.485821, 0.00621891], 
              [0.156468, 0.45398, 0.0768657, 0.312687], 
              [0.239293, 0.137699, 0.451445, 0.171563]
            ]
          }, {
            "db": 0,
            "id": "motif_train10_10",
            "alt": "10-TGATGACGAC",
            "len": 10,
            "nsites": 20,
            "evalue": "1.0e-214",
            "pwm": [
              [0.109701, 0.108706, 0.0659204, 0.715672], 
              [0.0470149, 0.089801, 0.802239, 0.0609453], 
              [0.707711, 0.0927861, 0.0689055, 0.130597], 
              [0.113682, 0.0659204, 0.090796, 0.729602], 
              [0.00621891, 0.0708955, 0.914677, 0.00820896], 
              [0.545522, 0.0967662, 0.205224, 0.152488], 
              [0.0937811, 0.649005, 0.110697, 0.146517], 
              [0.130597, 0.165423, 0.585323, 0.118657], 
              [0.553483, 0.165423, 0.0997512, 0.181343], 
              [0.151493, 0.740547, 0.04801, 0.0599502]
            ]
          }, {
            "db": 0,
            "id": "motif_train10_100",
            "alt": "8-ACTCCGGT",
            "len": 8,
            "nsites": 20,
            "evalue": "1.0e-020",
            "pwm": [
              [0.00223881, 0.993284, 0.00223881, 0.00223881], 
              [0.00223881, 0.00223881, 0.993284, 0.00223881], 
              [0.00223881, 0.00223881, 0.311692, 0.683831], 
              [0.00223881, 0.993284, 0.00223881, 0.00223881], 
              [0.00223881, 0.00223881, 0.993284, 0.00223881], 
              [0.181343, 0.814179, 0.00223881, 0.00223881], 
              [0.00223881, 0.00223881, 0.00223881, 0.993284], 
              [0.237065, 0.00223881, 0.00223881, 0.758458]
            ]
          }, {
            "db": 0,
            "id": "motif_train10_11",
            "alt": "10-CWGCWGCWGC",
            "len": 10,
            "nsites": 20,
            "evalue": "1.0e-197",
            "pwm": [
              [0.220149, 0.45597, 0.139552, 0.184328], 
              [0.488319, 0.0549214, 0.104623, 0.352137], 
              [0.23607, 0.00323383, 0.489801, 0.270896], 
              [0.192289, 0.670896, 0.00621891, 0.130597], 
              [0.44204, 0.122637, 0.0977612, 0.337562], 
              [0.26393, 0.00522388, 0.595274, 0.135572], 
              [0.139552, 0.727612, 0.00422886, 0.128607], 
              [0.509701, 0.104726, 0.00422886, 0.381343], 
              [0.229104, 0.153483, 0.46592, 0.151493], 
              [0.214179, 0.424129, 0.129602, 0.23209]
            ]
          }, {
            "db": 0,
            "id": "motif_train10_12",
            "alt": "10-CTATCCGCGG",
            "len": 10,
            "nsites": 20,
            "evalue": "1.0e-163",
            "pwm": [
              [0.00223881, 0.993284, 0.00223881, 0.00223881], 
              [0.00223881, 0.00223881, 0.00223881, 0.993284], 
              [0.993284, 0.00223881, 0.00223881, 0.00223881], 
              [0.00223881, 0.00223881, 0.00223881, 0.993284], 
              [0.00223881, 0.993284, 0.00223881, 0.00223881], 
              [0.160448, 0.573383, 0.26393, 0.00223881], 
              [0.00223881, 0.00223881, 0.993284, 0.00223881], 
              [0.00223881, 0.993284, 0.00223881, 0.00223881], 
              [0.158458, 0.26393, 0.575373, 0.00223881], 
              [0.00223881, 0.00223881, 0.993284, 0.00223881]
            ]
          }, {
            "db": 0,
            "id": "motif_train10_13",
            "alt": "10-CGTCACGTGA",
            "len": 10,
            "nsites": 20,
            "evalue": "1.0e-118",
            "pwm": [
              [0.179353, 0.494776, 0.286816, 0.0390547], 
              [0.122637, 0.203234, 0.633085, 0.0410448], 
              [0.0231343, 0.114677, 0.0828358, 0.779353], 
              [0.00621891, 0.685821, 0.299751, 0.00820896], 
              [0.806219, 0.0221393, 0.0808458, 0.090796], 
              [0.00621891, 0.83806, 0.110697, 0.0450249], 
              [0.0808458, 0.100746, 0.815174, 0.00323383], 
              [0.0241294, 0.194279, 0.158458, 0.623134], 
              [0.00422886, 0.362438, 0.629104, 0.00422886], 
              [0.538557, 0.193284, 0.24204, 0.0261194]
            ]
          }, {
            "db": 0,
            "id": "motif_train10_14",
            "alt": "10-CGTCGCGTTT",
            "len": 10,
            "nsites": 20,
            "evalue": "1.0e-105",
            "pwm": [
              [0.120647, 0.583333, 0.163433, 0.132587], 
              [0.109701, 0.144527, 0.600249, 0.145522], 
              [0.0977612, 0.165423, 0.157463, 0.579353], 
              [0.128607, 0.586318, 0.145522, 0.139552], 
              [0.121642, 0.163433, 0.569403, 0.145522], 
              [0.138557, 0.569403, 0.148507, 0.143532], 
              [0.111692, 0.160448, 0.563433, 0.164428], 
              [0.0868159, 0.151493, 0.121642, 0.64005], 
              [0.0798507, 0.143532, 0.107711, 0.668905], 
              [0.0868159, 0.162438, 0.128607, 0.622139]
            ]
          }, {
            "db": 0,
            "id": "motif_train10_15",
            "alt": "10-NTCTCGCGAK",
            "len": 10,
            "nsites": 20,
            "evalue": "1.0e-089",
            "pwm": [
              [0.185139, 0.296471, 0.254722, 0.263668], 
              [0.00223881, 0.00223881, 0.182338, 0.813184], 
              [0.202239, 0.793284, 0.00223881, 0.00223881], 
              [0.00223881, 0.00223881, 0.00223881, 0.993284], 
              [0.00223881, 0.993284, 0.00223881, 0.00223881], 
              [0.00223881, 0.00223881, 0.993284, 0.00223881], 
              [0.00223881, 0.993284, 0.00223881, 0.00223881], 
              [0.00223881, 0.00223881, 0.993284, 0.00223881], 
              [0.898756, 0.0967662, 0.00223881, 0.00223881], 
              [0.00223881, 0.150498, 0.487811, 0.359453]
            ]
          }, {
            "db": 0,
            "id": "motif_train10_16",
            "alt": "10-CCAATCGGCA",
            "len": 10,
            "nsites": 20,
            "evalue": "1.0e-081",
            "pwm": [
              [0.0151741, 0.905721, 0.0450249, 0.0340796], 
              [0.0708955, 0.881841, 0.0191542, 0.0281095], 
              [0.849005, 0.0470149, 0.0718905, 0.0320896], 
              [0.734577, 0.125622, 0.0927861, 0.0470149], 
              [0.0450249, 0.103731, 0.0838308, 0.767413], 
              [0.145522, 0.715672, 0.0569652, 0.0818408], 
              [0.127612, 0.0609453, 0.666915, 0.144527], 
              [0.0330846, 0.0947761, 0.841045, 0.0310945], 
              [0.103731, 0.772388, 0.091791, 0.0320896], 
              [0.841045, 0.0281095, 0.0649254, 0.0659204]
            ]
          }, {
            "db": 0,
            "id": "motif_train10_17",
            "alt": "10-TCATCCGGAT",
            "len": 10,
            "nsites": 20,
            "evalue": "1.0e-079",
            "pwm": [
              [0.0858209, 0.0718905, 0.0927861, 0.749502], 
              [0.0430348, 0.84204, 0.0440299, 0.0708955], 
              [0.824129, 0.0758706, 0.0350746, 0.0649254], 
              [0.0529851, 0.105721, 0.0788557, 0.762438], 
              [0.00621891, 0.841045, 0.0201493, 0.132587], 
              [0.164428, 0.641045, 0.0559701, 0.138557], 
              [0.0629353, 0.0191542, 0.894776, 0.0231343], 
              [0.049005, 0.0728856, 0.85398, 0.0241294], 
              [0.728607, 0.0758706, 0.159453, 0.0360697], 
              [0.0370647, 0.0599502, 0.0699005, 0.833085]
            ]
          }, {
            "db": 0,
            "id": "motif_train10_18",
            "alt": "10-CGCCCTATAA",
            "len": 10,
            "nsites": 20,
            "evalue": "1.0e-073",
            "pwm": [
              [0.160448, 0.529602, 0.150498, 0.159453], 
              [0.157463, 0.136567, 0.561443, 0.144527], 
              [0.112687, 0.621144, 0.134577, 0.131592], 
              [0.129602, 0.627114, 0.088806, 0.154478], 
              [0.122637, 0.652985, 0.0878109, 0.136567], 
              [0.124627, 0.133582, 0.0977612, 0.64403], 
              [0.546517, 0.150498, 0.164428, 0.138557], 
              [0.142537, 0.130597, 0.151493, 0.575373], 
              [0.603234, 0.137562, 0.139552, 0.119652], 
              [0.621144, 0.122637, 0.134577, 0.121642]
            ]
          }, {
            "db": 0,
            "id": "motif_train10_19",
            "alt": "10-TTCHGTCAGT",
            "len": 10,
            "nsites": 20,
            "evalue": "1.0e-057",
            "pwm": [
              [0.127612, 0.0171642, 0.113682, 0.741542], 
              [0.0231343, 0.340547, 0.0340796, 0.602239], 
              [0.00223881, 0.993284, 0.00223881, 0.00223881], 
              [0.311692, 0.384328, 0.00223881, 0.301741], 
              [0.159295, 0.13345, 0.44657, 0.260686], 
              [0.0798507, 0.284826, 0.130597, 0.504726], 
              [0.0858209, 0.903731, 0.00422886, 0.00621891], 
              [0.977363, 0.00223881, 0.00223881, 0.0181592], 
              [0.00223881, 0.0330846, 0.962438, 0.00223881], 
              [0.138557, 0.250995, 0.0529851, 0.557463]
            ]
          }, {
            "db": 0,
            "id": "motif_train10_2",
            "alt": "10-NDGRRGRDGA",
            "len": 10,
            "nsites": 20,
            "evalue": "1.0e-494",
            "pwm": [
              [0.312687, 0.165423, 0.271891, 0.25], 
              [0.329602, 0.0221393, 0.355473, 0.292786], 
              [0.00223881, 0.00223881, 0.993284, 0.00223881], 
              [0.411194, 0.0221393, 0.502736, 0.0639303], 
              [0.315986, 0.0620011, 0.399652, 0.22236], 
              [0.00223881, 0.0470149, 0.948507, 0.00223881], 
              [0.427114, 0.049005, 0.483831, 0.0400498], 
              [0.353483, 0.05, 0.365423, 0.231095], 
              [0.171393, 0.109701, 0.716667, 0.00223881], 
              [0.597264, 0.163433, 0.151493, 0.0878109]
            ]
          }, {
            "db": 0,
            "id": "motif_train10_20",
            "alt": "10-TTAGTCGGCG",
            "len": 10,
            "nsites": 20,
            "evalue": "1.0e-050",
            "pwm": [
              [0.0201493, 0.104726, 0.089801, 0.785323], 
              [0.0689055, 0.0549751, 0.158458, 0.717662], 
              [0.798259, 0.0579602, 0.106716, 0.0370647], 
              [0.0340796, 0.0450249, 0.890796, 0.0300995], 
              [0.0221393, 0.104726, 0.0699005, 0.803234], 
              [0.049005, 0.817164, 0.0470149, 0.0868159], 
              [0.152488, 0.0221393, 0.724627, 0.100746], 
              [0.011194, 0.0569652, 0.911692, 0.0201493], 
              [0.0728856, 0.793284, 0.0231343, 0.110697], 
              [0.114677, 0.0728856, 0.735572, 0.0768657]
            ]
          }, {
            "db": 0,
            "id": "motif_train10_21",
            "alt": "10-TAAACCGCCG",
            "len": 10,
            "nsites": 20,
            "evalue": "1.0e-049",
            "pwm": [
              [0.00223881, 0.0390547, 0.0390547, 0.919652], 
              [0.805224, 0.114677, 0.0400498, 0.0400498], 
              [0.956468, 0.00223881, 0.00223881, 0.0390547], 
              [0.956468, 0.00223881, 0.00223881, 0.0390547], 
              [0.00223881, 0.84403, 0.114677, 0.0390547], 
              [0.0400498, 0.879851, 0.0400498, 0.0400498], 
              [0.00223881, 0.00223881, 0.993284, 0.00223881], 
              [0.00223881, 0.993284, 0.00223881, 0.00223881], 
              [0.0400498, 0.879851, 0.0400498, 0.0400498], 
              [0.00223881, 0.114677, 0.84403, 0.0390547]
            ]
          }, {
            "db": 0,
            "id": "motif_train10_22",
            "alt": "10-NGACGTACGN",
            "len": 10,
            "nsites": 20,
            "evalue": "1.0e-027",
            "pwm": [
              [0.258698, 0.265656, 0.253728, 0.221919], 
              [0.132587, 0.160448, 0.591294, 0.115672], 
              [0.539552, 0.153483, 0.153483, 0.153483], 
              [0.149502, 0.541542, 0.162438, 0.146517], 
              [0.134577, 0.149502, 0.570398, 0.145522], 
              [0.153483, 0.135572, 0.154478, 0.556468], 
              [0.527612, 0.161443, 0.156468, 0.154478], 
              [0.144527, 0.560448, 0.151493, 0.143532], 
              [0.144527, 0.158458, 0.544527, 0.152488], 
              [0.224129, 0.288806, 0.262935, 0.224129]
            ]
          }, {
            "db": 0,
            "id": "motif_train10_23",
            "alt": "10-YCAACAMTGC",
            "len": 10,
            "nsites": 20,
            "evalue": "1.0e-024",
            "pwm": [
              [0.00223881, 0.571393, 0.00223881, 0.424129], 
              [0.00223881, 0.917662, 0.0778607, 0.00223881], 
              [0.885821, 0.0778607, 0.00223881, 0.0340796], 
              [0.993284, 0.00223881, 0.00223881, 0.00223881], 
              [0.00223881, 0.993284, 0.00223881, 0.00223881], 
              [0.961443, 0.00223881, 0.0340796, 0.00223881], 
              [0.571393, 0.424129, 0.00223881, 0.00223881], 
              [0.00223881, 0.00223881, 0.00223881, 0.993284], 
              [0.00223881, 0.00223881, 0.993284, 0.00223881], 
              [0.00223881, 0.993284, 0.00223881, 0.00223881]
            ]
          }, {
            "db": 0,
            "id": "motif_train10_24",
            "alt": "10-CGCGACGTTT",
            "len": 10,
            "nsites": 20,
            "evalue": "1.0e-023",
            "pwm": [
              [0.0947761, 0.798259, 0.0649254, 0.0420398], 
              [0.0430348, 0.0967662, 0.783333, 0.0768657], 
              [0.0460199, 0.763433, 0.141542, 0.049005], 
              [0.0231343, 0.0659204, 0.877861, 0.0330846], 
              [0.826119, 0.0798507, 0.0400498, 0.0539801], 
              [0.114677, 0.746517, 0.0798507, 0.0589552], 
              [0.119652, 0.173383, 0.66791, 0.0390547], 
              [0.0360697, 0.0579602, 0.0947761, 0.811194], 
              [0.0330846, 0.0529851, 0.0330846, 0.880846], 
              [0.0699005, 0.049005, 0.0559701, 0.825124]
            ]
          }, {
            "db": 0,
            "id": "motif_train10_25",
            "alt": "10-AGGAACTGGA",
            "len": 10,
            "nsites": 20,
            "evalue": "1.0e-008",
            "pwm": [
              [0.697761, 0.100746, 0.100746, 0.100746], 
              [0.100746, 0.100746, 0.697761, 0.100746], 
              [0.100746, 0.100746, 0.697761, 0.100746], 
              [0.697761, 0.100746, 0.100746, 0.100746], 
              [0.697761, 0.100746, 0.100746, 0.100746], 
              [0.100746, 0.697761, 0.100746, 0.100746], 
              [0.100746, 0.100746, 0.100746, 0.697761], 
              [0.100746, 0.100746, 0.697761, 0.100746], 
              [0.100746, 0.100746, 0.697761, 0.100746], 
              [0.697761, 0.100746, 0.100746, 0.100746]
            ]
          }, {
            "db": 0,
            "id": "motif_train10_26",
            "alt": "12-RCCGGAAGTGSC",
            "len": 12,
            "nsites": 20,
            "evalue": "1.0e-590",
            "pwm": [
              [0.361083, 0.158301, 0.437623, 0.0429931], 
              [0.0639303, 0.65597, 0.252985, 0.0271144], 
              [0.00223881, 0.993284, 0.00223881, 0.00223881], 
              [0.00223881, 0.00223881, 0.993284, 0.00223881], 
              [0.00223881, 0.00223881, 0.989303, 0.00621891], 
              [0.992289, 0.00223881, 0.00223881, 0.00323383], 
              [0.991294, 0.00422886, 0.00223881, 0.00223881], 
              [0.00522388, 0.00223881, 0.990299, 0.00223881], 
              [0.00223881, 0.224129, 0.00223881, 0.771393], 
              [0.0569652, 0.124627, 0.751493, 0.0669154], 
              [0.207214, 0.354478, 0.385323, 0.0529851], 
              [0.173555, 0.492282, 0.260209, 0.0739533]
            ]
          }, {
            "db": 0,
            "id": "motif_train10_27",
            "alt": "12-AARATGGCGGCS",
            "len": 12,
            "nsites": 20,
            "evalue": "1.0e-422",
            "pwm": [
              [0.618159, 0.0261194, 0.342537, 0.0131841], 
              [0.618159, 0.181343, 0.101741, 0.0987562], 
              [0.288806, 0.229104, 0.4301, 0.05199], 
              [0.926617, 0.0121891, 0.05199, 0.00920398], 
              [0.0370647, 0.0171642, 0.119652, 0.826119], 
              [0.00422886, 0.00920398, 0.982338, 0.00422886], 
              [0.0300995, 0.0221393, 0.923632, 0.0241294], 
              [0.0987562, 0.742537, 0.0131841, 0.145522], 
              [0.181343, 0.194279, 0.45, 0.174378], 
              [0.138557, 0.207214, 0.474876, 0.179353], 
              [0.231095, 0.472886, 0.0878109, 0.208209], 
              [0.132587, 0.272886, 0.398259, 0.196269]
            ]
          }, {
            "db": 0,
            "id": "motif_train10_28",
            "alt": "12-GCCCCGCCCCBN",
            "len": 12,
            "nsites": 20,
            "evalue": "1.0e-356",
            "pwm": [
              [0.010199, 0.00223881, 0.969403, 0.0181592], 
              [0.0121891, 0.763433, 0.134577, 0.089801], 
              [0.0171642, 0.847015, 0.0131841, 0.122637], 
              [0.167413, 0.817164, 0.00422886, 0.011194], 
              [0.00721393, 0.961443, 0.0221393, 0.00920398], 
              [0.0241294, 0.00223881, 0.938557, 0.0350746], 
              [0.00223881, 0.992289, 0.00323383, 0.00223881], 
              [0.00223881, 0.993284, 0.00223881, 0.00223881], 
              [0.0151741, 0.781343, 0.010199, 0.193284], 
              [0.139552, 0.682836, 0.0261194, 0.151493], 
              [0.0708955, 0.343532, 0.365423, 0.220149], 
              [0.29507, 0.226345, 0.218376, 0.260209]
            ]
          }, {
            "db": 0,
            "id": "motif_train10_29",
            "alt": "12-TATCAGCAGTTN",
            "len": 12,
            "nsites": 20,
            "evalue": "1.0e-266",
            "pwm": [
              [0.00223881, 0.219154, 0.0430348, 0.735572], 
              [0.935572, 0.0211443, 0.0281095, 0.0151741], 
              [0.0281095, 0.0141791, 0.00223881, 0.955473], 
              [0.0281095, 0.914677, 0.0420398, 0.0151741], 
              [0.929602, 0.0141791, 0.00223881, 0.0539801], 
              [0.0828358, 0.0410448, 0.780348, 0.0957711], 
              [0.0679104, 0.873881, 0.0430348, 0.0151741], 
              [0.981343, 0.00223881, 0.00223881, 0.0141791], 
              [0.0291045, 0.0420398, 0.899751, 0.0291045], 
              [0.0420398, 0.0161692, 0.327612, 0.614179], 
              [0.286816, 0.0957711, 0.0450249, 0.572388], 
              [0.191294, 0.206219, 0.275871, 0.326617]
            ]
          }, {
            "db": 0,
            "id": "motif_train10_3",
            "alt": "10-GGGGCGGGKC",
            "len": 10,
            "nsites": 20,
            "evalue": "1.0e-420",
            "pwm": [
              [0.122637, 0.0410448, 0.66592, 0.170398], 
              [0.130597, 0.0639303, 0.754478, 0.050995], 
              [0.0778607, 0.00621891, 0.889801, 0.0261194], 
              [0.0370647, 0.0330846, 0.893781, 0.0360697], 
              [0.0271144, 0.936567, 0.0231343, 0.0131841], 
              [0.0320896, 0.0390547, 0.886816, 0.0420398], 
              [0.0619403, 0.0281095, 0.8301, 0.0798507], 
              [0.090796, 0.0121891, 0.811194, 0.0858209], 
              [0.186318, 0.0320896, 0.322637, 0.458955], 
              [0.0778607, 0.845025, 0.0161692, 0.0609453]
            ]
          }, {
            "db": 0,
            "id": "motif_train10_30",
            "alt": "12-GAGGARGARGAR",
            "len": 12,
            "nsites": 20,
            "evalue": "1.0e-266",
            "pwm": [
              [0.00223881, 0.00223881, 0.993284, 0.00223881], 
              [0.993284, 0.00223881, 0.00223881, 0.00223881], 
              [0.245025, 0.00223881, 0.498756, 0.25398], 
              [0.00223881, 0.00223881, 0.993284, 0.00223881], 
              [0.887811, 0.00223881, 0.107711, 0.00223881], 
              [0.317662, 0.00223881, 0.45796, 0.222139], 
              [0.00223881, 0.00223881, 0.993284, 0.00223881], 
              [0.993284, 0.00223881, 0.00223881, 0.00223881], 
              [0.412189, 0.00223881, 0.373383, 0.212189], 
              [0.00223881, 0.00223881, 0.993284, 0.00223881], 
              [0.960448, 0.00223881, 0.00223881, 0.0350746], 
              [0.334577, 0.00223881, 0.452985, 0.210199]
            ]
          }, {
            "db": 0,
            "id": "motif_train10_31",
            "alt": "12-CTGCGCATGCGC",
            "len": 12,
            "nsites": 20,
            "evalue": "1.0e-264",
            "pwm": [
              [0.100746, 0.697761, 0.100746, 0.100746], 
              [0.100746, 0.100746, 0.100746, 0.697761], 
              [0.100746, 0.100746, 0.697761, 0.100746], 
              [0.100746, 0.697761, 0.100746, 0.100746], 
              [0.100746, 0.100746, 0.697761, 0.100746], 
              [0.100746, 0.697761, 0.100746, 0.100746], 
              [0.697761, 0.100746, 0.100746, 0.100746], 
              [0.100746, 0.100746, 0.100746, 0.697761], 
              [0.100746, 0.100746, 0.697761, 0.100746], 
              [0.100746, 0.697761, 0.100746, 0.100746], 
              [0.100746, 0.100746, 0.697761, 0.100746], 
              [0.100746, 0.697761, 0.100746, 0.100746]
            ]
          }, {
            "db": 0,
            "id": "motif_train10_32",
            "alt": "12-NNGGGGAAAANN",
            "len": 12,
            "nsites": 20,
            "evalue": "1.0e-238",
            "pwm": [
              [0.230865, 0.297465, 0.275596, 0.196074], 
              [0.262201, 0.188496, 0.317978, 0.231325], 
              [0.00223881, 0.404229, 0.591294, 0.00223881], 
              [0.00223881, 0.387313, 0.608209, 0.00223881], 
              [0.00223881, 0.107711, 0.887811, 0.00223881], 
              [0.00223881, 0.00223881, 0.993284, 0.00223881], 
              [0.809204, 0.00223881, 0.00223881, 0.186318], 
              [0.875871, 0.00223881, 0.00223881, 0.119652], 
              [0.993284, 0.00223881, 0.00223881, 0.00223881], 
              [0.652985, 0.342537, 0.00223881, 0.00223881], 
              [0.256965, 0.2301, 0.315672, 0.197264], 
              [0.271891, 0.205224, 0.281841, 0.241045]
            ]
          }, {
            "db": 0,
            "id": "motif_train10_33",
            "alt": "12-GGAGGAGCTGTA",
            "len": 12,
            "nsites": 20,
            "evalue": "1.0e-228",
            "pwm": [
              [0.100746, 0.100746, 0.697761, 0.100746], 
              [0.100746, 0.100746, 0.697761, 0.100746], 
              [0.697761, 0.100746, 0.100746, 0.100746], 
              [0.100746, 0.100746, 0.697761, 0.100746], 
              [0.100746, 0.100746, 0.697761, 0.100746], 
              [0.697761, 0.100746, 0.100746, 0.100746], 
              [0.100746, 0.100746, 0.697761, 0.100746], 
              [0.100746, 0.697761, 0.100746, 0.100746], 
              [0.100746, 0.100746, 0.100746, 0.697761], 
              [0.100746, 0.100746, 0.697761, 0.100746], 
              [0.100746, 0.100746, 0.100746, 0.697761], 
              [0.697761, 0.100746, 0.100746, 0.100746]
            ]
          }, {
            "db": 0,
            "id": "motif_train10_34",
            "alt": "12-DGGGGGGGGGGD",
            "len": 12,
            "nsites": 20,
            "evalue": "1.0e-203",
            "pwm": [
              [0.25597, 0.04801, 0.371393, 0.324627], 
              [0.049005, 0.0360697, 0.576368, 0.338557], 
              [0.0549751, 0.0390547, 0.589303, 0.316667], 
              [0.150498, 0.0370647, 0.516667, 0.295771], 
              [0.0758706, 0.0410448, 0.590299, 0.292786], 
              [0.152488, 0.0320896, 0.548507, 0.266915], 
              [0.201244, 0.0440299, 0.502736, 0.25199], 
              [0.207214, 0.106716, 0.4699, 0.216169], 
              [0.234841, 0.0867304, 0.457504, 0.220925], 
              [0.0629353, 0.113682, 0.552488, 0.270896], 
              [0.254975, 0.0430348, 0.486816, 0.215174], 
              [0.351493, 0.0987562, 0.2301, 0.319652]
            ]
          }, {
            "db": 0,
            "id": "motif_train10_35",
            "alt": "12-AGCAGCAGCWRC",
            "len": 12,
            "nsites": 20,
            "evalue": "1.0e-172",
            "pwm": [
              [0.723632, 0.0271144, 0.123632, 0.125622], 
              [0.0828358, 0.0181592, 0.860945, 0.0380597], 
              [0.0599502, 0.895771, 0.0201493, 0.0241294], 
              [0.862935, 0.0370647, 0.0310945, 0.0689055], 
              [0.0171642, 0.0221393, 0.935572, 0.0251244], 
              [0.04801, 0.900746, 0.0291045, 0.0221393], 
              [0.829104, 0.0957711, 0.0191542, 0.0559701], 
              [0.385323, 0.0231343, 0.560448, 0.0310945], 
              [0.0350746, 0.916667, 0.0310945, 0.0171642], 
              [0.44602, 0.154478, 0.0340796, 0.365423], 
              [0.407214, 0.0529851, 0.504726, 0.0350746], 
              [0.318657, 0.566418, 0.0778607, 0.0370647]
            ]
          }, {
            "db": 0,
            "id": "motif_train10_36",
            "alt": "12-NNAATCGGCGNN",
            "len": 12,
            "nsites": 20,
            "evalue": "1.0e-138",
            "pwm": [
              [0.24005, 0.286816, 0.252985, 0.220149], 
              [0.25398, 0.26393, 0.283831, 0.198259], 
              [0.577363, 0.112687, 0.158458, 0.151493], 
              [0.639055, 0.103731, 0.0997512, 0.157463], 
              [0.157463, 0.116667, 0.0937811, 0.63209], 
              [0.145522, 0.624129, 0.101741, 0.128607], 
              [0.123632, 0.142537, 0.641045, 0.0927861], 
              [0.186318, 0.141542, 0.489801, 0.182338], 
              [0.129602, 0.639055, 0.114677, 0.116667], 
              [0.120647, 0.156468, 0.615174, 0.107711], 
              [0.270626, 0.243787, 0.270626, 0.21496], 
              [0.211404, 0.229333, 0.254233, 0.30503]
            ]
          }, {
            "db": 0,
            "id": "motif_train10_37",
            "alt": "12-CGGTSACGTSAC",
            "len": 12,
            "nsites": 20,
            "evalue": "1.0e-129",
            "pwm": [
              [0.0300995, 0.603234, 0.325622, 0.0410448], 
              [0.105721, 0.308706, 0.539552, 0.0460199], 
              [0.124627, 0.113682, 0.759453, 0.00223881], 
              [0.00223881, 0.088806, 0.0241294, 0.884826], 
              [0.00223881, 0.549502, 0.44602, 0.00223881], 
              [0.993284, 0.00223881, 0.00223881, 0.00223881], 
              [0.00223881, 0.866915, 0.0410448, 0.089801], 
              [0.05, 0.0390547, 0.908706, 0.00223881], 
              [0.00223881, 0.00223881, 0.00223881, 0.993284], 
              [0.00223881, 0.449005, 0.546517, 0.00223881], 
              [0.910697, 0.0221393, 0.0649254, 0.00223881], 
              [0.00621891, 0.706716, 0.215174, 0.0718905]
            ]
          }, {
            "db": 0,
            "id": "motif_train10_38",
            "alt": "12-GTAGTTCCGCCC",
            "len": 12,
            "nsites": 20,
            "evalue": "1.0e-111",
            "pwm": [
              [0.00223881, 0.00223881, 0.931592, 0.0639303], 
              [0.360448, 0.00223881, 0.0639303, 0.573383], 
              [0.8699, 0.0639303, 0.0639303, 0.00223881], 
              [0.00223881, 0.00223881, 0.993284, 0.00223881], 
              [0.00223881, 0.0639303, 0.00223881, 0.931592], 
              [0.0639303, 0.00223881, 0.00223881, 0.931592], 
              [0.00223881, 0.993284, 0.00223881, 0.00223881], 
              [0.00223881, 0.993284, 0.00223881, 0.00223881], 
              [0.00223881, 0.0639303, 0.931592, 0.00223881], 
              [0.00223881, 0.993284, 0.00223881, 0.00223881], 
              [0.00223881, 0.931592, 0.00223881, 0.0639303], 
              [0.00223881, 0.931592, 0.0639303, 0.00223881]
            ]
          }, {
            "db": 0,
            "id": "motif_train10_39",
            "alt": "12-AAVTCTCGCGAG",
            "len": 12,
            "nsites": 20,
            "evalue": "1.0e-094",
            "pwm": [
              [0.699751, 0.0758706, 0.151493, 0.0728856], 
              [0.615174, 0.0758706, 0.270896, 0.0380597], 
              [0.328607, 0.308706, 0.296766, 0.0659204], 
              [0.00223881, 0.131592, 0.0251244, 0.841045], 
              [0.132587, 0.803234, 0.0619403, 0.00223881], 
              [0.0131841, 0.134577, 0.00223881, 0.85], 
              [0.00223881, 0.983333, 0.0121891, 0.00223881], 
              [0.00223881, 0.0131841, 0.982338, 0.00223881], 
              [0.0251244, 0.959453, 0.00223881, 0.0131841], 
              [0.0131841, 0.0261194, 0.958458, 0.00223881], 
              [0.744527, 0.0748756, 0.167413, 0.0131841], 
              [0.00223881, 0.143532, 0.622139, 0.23209]
            ]
          }, {
            "db": 0,
            "id": "motif_train10_4",
            "alt": "10-ATTGGCGGTG",
            "len": 10,
            "nsites": 20,
            "evalue": "1.0e-362",
            "pwm": [
              [0.635075, 0.105721, 0.153483, 0.105721], 
              [0.112687, 0.090796, 0.139552, 0.656965], 
              [0.0778607, 0.0967662, 0.104726, 0.720647], 
              [0.050995, 0.04801, 0.824129, 0.0768657], 
              [0.0689055, 0.091791, 0.762438, 0.0768657], 
              [0.104726, 0.677861, 0.0748756, 0.142537], 
              [0.140547, 0.0768657, 0.66194, 0.120647], 
              [0.088806, 0.130597, 0.693781, 0.0868159], 
              [0.111692, 0.151493, 0.100746, 0.63607], 
              [0.0848259, 0.108706, 0.707711, 0.0987562]
            ]
          }, {
            "db": 0,
            "id": "motif_train10_40",
            "alt": "12-AGGTCTATCAGC",
            "len": 12,
            "nsites": 20,
            "evalue": "1.0e-085",
            "pwm": [
              [0.697761, 0.100746, 0.100746, 0.100746], 
              [0.100746, 0.100746, 0.697761, 0.100746], 
              [0.100746, 0.100746, 0.697761, 0.100746], 
              [0.100746, 0.100746, 0.100746, 0.697761], 
              [0.100746, 0.697761, 0.100746, 0.100746], 
              [0.100746, 0.100746, 0.100746, 0.697761], 
              [0.697761, 0.100746, 0.100746, 0.100746], 
              [0.100746, 0.100746, 0.100746, 0.697761], 
              [0.100746, 0.697761, 0.100746, 0.100746], 
              [0.697761, 0.100746, 0.100746, 0.100746], 
              [0.100746, 0.100746, 0.697761, 0.100746], 
              [0.100746, 0.697761, 0.100746, 0.100746]
            ]
          }, {
            "db": 0,
            "id": "motif_train10_41",
            "alt": "12-GGGAAWTGTAGT",
            "len": 12,
            "nsites": 20,
            "evalue": "1.0e-074",
            "pwm": [
              [0.00223881, 0.00223881, 0.991294, 0.00422886], 
              [0.00223881, 0.00223881, 0.993284, 0.00223881], 
              [0.00223881, 0.00223881, 0.991294, 0.00422886], 
              [0.991294, 0.00223881, 0.00422886, 0.00223881], 
              [0.622139, 0.0878109, 0.26592, 0.0241294], 
              [0.405224, 0.00223881, 0.0689055, 0.523632], 
              [0.00422886, 0.00223881, 0.00223881, 0.991294], 
              [0.00223881, 0.00223881, 0.991294, 0.00422886], 
              [0.0131841, 0.00522388, 0.00522388, 0.976368], 
              [0.991294, 0.00223881, 0.00422886, 0.00223881], 
              [0.00223881, 0.00223881, 0.993284, 0.00223881], 
              [0.00223881, 0.00223881, 0.00223881, 0.993284]
            ]
          }, {
            "db": 0,
            "id": "motif_train10_42",
            "alt": "12-GCGCGCTTGCGT",
            "len": 12,
            "nsites": 20,
            "evalue": "1.0e-062",
            "pwm": [
              [0.00223881, 0.00223881, 0.993284, 0.00223881], 
              [0.00223881, 0.993284, 0.00223881, 0.00223881], 
              [0.00223881, 0.0330846, 0.962438, 0.00223881], 
              [0.00223881, 0.929602, 0.0340796, 0.0340796], 
              [0.0330846, 0.00223881, 0.962438, 0.00223881], 
              [0.00223881, 0.962438, 0.00223881, 0.0330846], 
              [0.294776, 0.00223881, 0.00223881, 0.700746], 
              [0.00223881, 0.187313, 0.0340796, 0.776368], 
              [0.00223881, 0.00223881, 0.993284, 0.00223881], 
              [0.00223881, 0.962438, 0.00223881, 0.0330846], 
              [0.00223881, 0.0330846, 0.962438, 0.00223881], 
              [0.00223881, 0.187313, 0.0340796, 0.776368]
            ]
          }, {
            "db": 0,
            "id": "motif_train10_43",
            "alt": "12-CGTCATGGCGGC",
            "len": 12,
            "nsites": 20,
            "evalue": "1.0e-059",
            "pwm": [
              [0.140547, 0.478856, 0.0778607, 0.302736], 
              [0.230865, 0.0787782, 0.490307, 0.20005], 
              [0.0669154, 0.266915, 0.176368, 0.489801], 
              [0.100746, 0.650995, 0.178358, 0.0699005], 
              [0.491301, 0.191104, 0.0946827, 0.222913], 
              [0.0868159, 0.110697, 0.198259, 0.604229], 
              [0.05199, 0.107711, 0.798259, 0.0420398], 
              [0.0559701, 0.0350746, 0.814179, 0.0947761], 
              [0.24602, 0.610199, 0.05199, 0.091791], 
              [0.175199, 0.262674, 0.498259, 0.0638677], 
              [0.208209, 0.146517, 0.544527, 0.100746], 
              [0.0808458, 0.782338, 0.0728856, 0.0639303]
            ]
          }, {
            "db": 0,
            "id": "motif_train10_44",
            "alt": "12-TTTAAAAAAAAA",
            "len": 12,
            "nsites": 20,
            "evalue": "1.0e-059",
            "pwm": [
              [0.124627, 0.0679104, 0.0281095, 0.779353], 
              [0.0201493, 0.00223881, 0.0191542, 0.958458], 
              [0.344527, 0.00223881, 0.00223881, 0.650995], 
              [0.962438, 0.00223881, 0.0121891, 0.0231343], 
              [0.983333, 0.00721393, 0.00721393, 0.00223881], 
              [0.986318, 0.00223881, 0.00223881, 0.00920398], 
              [0.949502, 0.0340796, 0.0141791, 0.00223881], 
              [0.955473, 0.00621891, 0.0281095, 0.010199], 
              [0.944527, 0.00920398, 0.0131841, 0.0330846], 
              [0.930597, 0.0340796, 0.0121891, 0.0231343], 
              [0.962438, 0.0330846, 0.00223881, 0.00223881], 
              [0.952488, 0.00223881, 0.0281095, 0.0171642]
            ]
          }, {
            "db": 0,
            "id": "motif_train10_45",
            "alt": "12-CCTTGGACCAAA",
            "len": 12,
            "nsites": 20,
            "evalue": "1.0e-058",
            "pwm": [
              [0.0589552, 0.84602, 0.0281095, 0.0669154], 
              [0.0828358, 0.797264, 0.00223881, 0.117662], 
              [0.05, 0.0659204, 0.00223881, 0.881841], 
              [0.0340796, 0.0181592, 0.0430348, 0.904726], 
              [0.00920398, 0.050995, 0.86791, 0.0718905], 
              [0.0838308, 0.0669154, 0.755473, 0.0937811], 
              [0.705721, 0.0997512, 0.117662, 0.0768657], 
              [0.0529851, 0.837065, 0.0430348, 0.0669154], 
              [0.00920398, 0.913682, 0.00223881, 0.0748756], 
              [0.84801, 0.0997512, 0.00223881, 0.05], 
              [0.813184, 0.0937811, 0.0669154, 0.0261194], 
              [0.798259, 0.0589552, 0.091791, 0.050995]
            ]
          }, {
            "db": 0,
            "id": "motif_train10_46",
            "alt": "12-TTAAAGGCGCGG",
            "len": 12,
            "nsites": 20,
            "evalue": "1.0e-043",
            "pwm": [
              [0.0390547, 0.0390547, 0.350498, 0.571393], 
              [0.118657, 0.0768657, 0.0768657, 0.727612], 
              [0.919652, 0.0390547, 0.00223881, 0.0390547], 
              [0.86194, 0.00223881, 0.133582, 0.00223881], 
              [0.919652, 0.00223881, 0.0390547, 0.0390547], 
              [0.00223881, 0.00223881, 0.993284, 0.00223881], 
              [0.00223881, 0.00223881, 0.993284, 0.00223881], 
              [0.00223881, 0.625124, 0.370398, 0.00223881], 
              [0.00223881, 0.0808458, 0.877861, 0.0390547], 
              [0.00223881, 0.957463, 0.0380597, 0.00223881], 
              [0.110697, 0.0161692, 0.753483, 0.119652], 
              [0.00223881, 0.0758706, 0.919652, 0.00223881]
            ]
          }, {
            "db": 0,
            "id": "motif_train10_47",
