>HRCTTCCGSH	1-HRCTTCCGSH	6.418978	-178.955425	0	T:317.0(5.53%),B:647.5(1.58%),P:1e-77	Tpos:44.7,Tstd:21.8,Bpos:48.9,Bstd:34.2,StrandBias:-0.3,Multiplicity:1.25
0.266	0.334	0.167	0.233
0.370	0.061	0.393	0.176
0.029	0.450	0.263	0.258
0.056	0.072	0.052	0.820
0.061	0.082	0.082	0.775
0.063	0.778	0.083	0.076
0.071	0.795	0.071	0.063
0.060	0.072	0.809	0.059
0.107	0.359	0.403	0.131
0.226	0.335	0.152	0.288
>DKGRGGRGGA	2-DKGRGGRGGA	4.759011	-172.653863	0	T:2502.0(43.63%),B:13124.1(32.01%),P:1e-74	Tpos:48.6,Tstd:23.8,Bpos:49.4,Bstd:30.1,StrandBias:1.3,Multiplicity:1.42
0.386	0.023	0.308	0.283
0.237	0.048	0.420	0.294
0.162	0.011	0.795	0.032
0.435	0.017	0.530	0.018
0.216	0.105	0.444	0.236
0.011	0.229	0.492	0.268
0.404	0.067	0.499	0.031
0.300	0.028	0.478	0.195
0.204	0.231	0.545	0.020
0.466	0.120	0.241	0.174
>AAGATGGCGG	3-AAGATGGCGG	9.798927	-123.465210	0	T:78.0(1.36%),B:48.5(0.12%),P:1e-53	Tpos:70.7,Tstd:18.3,Bpos:55.2,Bstd:29.8,StrandBias:1.6,Multiplicity:1.00
0.983	0.001	0.001	0.015
0.997	0.001	0.001	0.001
0.215	0.161	0.623	0.001
0.997	0.001	0.001	0.001
0.001	0.001	0.001	0.997
0.001	0.001	0.997	0.001
0.001	0.035	0.963	0.001
0.001	0.997	0.001	0.001
0.001	0.027	0.945	0.027
0.064	0.036	0.861	0.039
>AACTTTCCCC	4-AACTTTCCCC	4.593419	-107.763995	0	T:1593.0(27.78%),B:8133.1(19.84%),P:1e-46	Tpos:52.7,Tstd:24.8,Bpos:49.8,Bstd:29.5,StrandBias:-1.0,Multiplicity:1.11
0.694	0.094	0.109	0.103
0.685	0.117	0.104	0.094
0.098	0.703	0.099	0.100
0.106	0.101	0.075	0.718
0.097	0.092	0.114	0.697
0.114	0.102	0.118	0.666
0.116	0.668	0.113	0.103
0.092	0.741	0.072	0.095
0.101	0.716	0.088	0.095
0.089	0.709	0.093	0.109
>CGCATGCGCR	5-CGCATGCGCR	8.494073	-83.835606	0	T:154.0(2.69%),B:324.8(0.79%),P:1e-36	Tpos:39.5,Tstd:19.9,Bpos:49.3,Bstd:41.5,StrandBias:0.2,Multiplicity:1.11
0.030	0.968	0.001	0.001
0.001	0.001	0.997	0.001
0.051	0.923	0.001	0.025
0.813	0.052	0.062	0.073
0.056	0.111	0.256	0.577
0.051	0.001	0.923	0.025
0.019	0.979	0.001	0.001
0.001	0.001	0.788	0.210
0.026	0.745	0.018	0.211
0.410	0.180	0.308	0.101
>CAGCAGCAGC	6-CAGCAGCAGC	5.885842	-78.056880	0	T:930.0(16.22%),B:4457.0(10.87%),P:1e-33	Tpos:51.9,Tstd:27.0,Bpos:49.7,Bstd:29.5,StrandBias:0.1,Multiplicity:1.10
0.263	0.467	0.161	0.109
0.578	0.009	0.186	0.227
0.252	0.001	0.617	0.130
0.175	0.598	0.226	0.001
0.484	0.116	0.117	0.283
0.184	0.001	0.814	0.001
0.069	0.929	0.001	0.001
0.559	0.045	0.001	0.395
0.191	0.001	0.578	0.230
0.197	0.527	0.009	0.267
>CTATCAGCSG	7-CTATCAGCSG	9.804797	-75.493425	0	T:32.0(0.56%),B:9.4(0.02%),P:1e-32	Tpos:60.4,Tstd:18.3,Bpos:37.3,Bstd:18.9,StrandBias:3.9,Multiplicity:1.00
0.001	0.885	0.001	0.113
0.001	0.001	0.113	0.885
0.997	0.001	0.001	0.001
0.001	0.262	0.001	0.736
0.001	0.997	0.001	0.001
0.659	0.227	0.113	0.001
0.001	0.001	0.885	0.113
0.001	0.997	0.001	0.001
0.164	0.376	0.459	0.001
0.001	0.113	0.885	0.001
>GTTGATGACG	8-GTTGATGACG	6.605654	-72.769697	0	T:284.0(4.95%),B:932.2(2.27%),P:1e-31	Tpos:53.3,Tstd:28.1,Bpos:47.6,Bstd:30.7,StrandBias:0.9,Multiplicity:1.02
0.055	0.068	0.774	0.103
0.093	0.078	0.073	0.756
0.020	0.080	0.066	0.834
0.045	0.032	0.886	0.037
0.782	0.065	0.114	0.039
0.069	0.043	0.056	0.832
0.057	0.052	0.860	0.031
0.814	0.066	0.043	0.077
0.176	0.664	0.080	0.080
0.078	0.089	0.800	0.033
>GGCGGTGTTG	9-GGCGGTGTTG	6.837259	-68.235120	0	T:435.0(7.59%),B:1734.8(4.23%),P:1e-29	Tpos:53.3,Tstd:25.6,Bpos:49.5,Bstd:32.0,StrandBias:1.6,Multiplicity:1.08
0.035	0.026	0.906	0.033
0.047	0.081	0.832	0.040
0.094	0.702	0.068	0.136
0.049	0.025	0.877	0.049
0.078	0.054	0.813	0.055
0.074	0.045	0.079	0.802
0.040	0.073	0.808	0.079
0.068	0.112	0.154	0.666
0.043	0.105	0.084	0.768
0.043	0.056	0.828	0.073
>TCTCGCGAGA	10-TCTCGCGAGA	10.386016	-63.839345	0	T:19.0(0.33%),B:2.5(0.01%),P:1e-27	Tpos:21.4,Tstd:18.3,Bpos:56.5,Bstd:0.8,StrandBias:0.3,Multiplicity:1.06
0.001	0.001	0.001	0.997
0.001	0.964	0.001	0.034
0.001	0.001	0.001	0.997
0.001	0.997	0.001	0.001
0.001	0.001	0.997	0.001
0.001	0.997	0.001	0.001
0.001	0.001	0.997	0.001
0.997	0.001	0.001	0.001
0.001	0.001	0.997	0.001
0.931	0.034	0.001	0.034
>ATTGGCAGCG	11-ATTGGCAGCG	5.174056	-61.904407	0	T:579.0(10.10%),B:2595.1(6.33%),P:1e-26	Tpos:49.4,Tstd:27.9,Bpos:48.7,Bstd:29.8,StrandBias:0.5,Multiplicity:1.04
0.715	0.089	0.071	0.125
0.134	0.067	0.138	0.661
0.021	0.102	0.087	0.790
0.088	0.088	0.703	0.121
0.106	0.135	0.751	0.008
0.097	0.709	0.095	0.099
0.684	0.097	0.133	0.086
0.097	0.086	0.721	0.096
0.127	0.620	0.122	0.131
0.101	0.131	0.634	0.134
>CGTCCTCTAG	12-CGTCCTCTAG	5.112304	-58.244522	0	T:732.0(12.77%),B:3535.4(8.62%),P:1e-25	Tpos:50.4,Tstd:26.8,Bpos:50.9,Bstd:30.6,StrandBias:-0.6,Multiplicity:1.04
0.107	0.690	0.108	0.095
0.130	0.131	0.609	0.130
0.101	0.100	0.100	0.699
0.061	0.743	0.119	0.077
0.073	0.785	0.020	0.122
0.096	0.090	0.065	0.749
0.077	0.710	0.102	0.111
0.108	0.118	0.105	0.669
0.657	0.113	0.114	0.116
0.106	0.098	0.687	0.109
>CACCGCCTTC	13-CACCGCCTTC	8.415089	-56.735188	0	T:220.0(3.84%),B:722.0(1.76%),P:1e-24	Tpos:37.9,Tstd:26.7,Bpos:47.6,Bstd:33.4,StrandBias:-0.6,Multiplicity:1.00
0.001	0.891	0.001	0.107
0.826	0.172	0.001	0.001
0.091	0.907	0.001	0.001
0.001	0.867	0.001	0.131
0.001	0.111	0.810	0.078
0.046	0.925	0.028	0.001
0.092	0.906	0.001	0.001
0.001	0.170	0.001	0.828
0.157	0.283	0.001	0.559
0.046	0.692	0.026	0.236
>AGTGACGTCA	14-AGTGACGTCA	7.690739	-54.567923	0	T:114.0(1.99%),B:265.6(0.65%),P:1e-23	Tpos:43.6,Tstd:27.1,Bpos:50.5,Bstd:37.3,StrandBias:-0.2,Multiplicity:1.05
0.404	0.123	0.221	0.253
0.169	0.007	0.809	0.015
0.009	0.254	0.046	0.691
0.001	0.001	0.997	0.001
0.865	0.089	0.045	0.001
0.001	0.857	0.001	0.141
0.097	0.037	0.865	0.001
0.022	0.270	0.001	0.707
0.021	0.977	0.001	0.001
0.635	0.126	0.238	0.001
>CGCCTGCGCA	15-CGCCTGCGCA	7.303815	-50.184043	0	T:238.0(4.15%),B:851.1(2.08%),P:1e-21	Tpos:52.0,Tstd:26.5,Bpos:51.8,Bstd:32.3,StrandBias:-0.4,Multiplicity:1.04
0.290	0.597	0.001	0.112
0.001	0.001	0.967	0.031
0.115	0.843	0.001	0.041
0.001	0.884	0.114	0.001
0.269	0.171	0.081	0.479
0.001	0.001	0.885	0.113
0.109	0.889	0.001	0.001
0.289	0.193	0.517	0.001
0.126	0.669	0.001	0.204
0.860	0.045	0.001	0.094
>CGACGATGGC	16-CGACGATGGC	7.271411	-38.953407	0	T:104.0(1.81%),B:284.3(0.69%),P:1e-16	Tpos:57.6,Tstd:28.9,Bpos:51.9,Bstd:32.7,StrandBias:0.3,Multiplicity:1.01
0.092	0.777	0.048	0.083
0.057	0.050	0.854	0.039
0.779	0.072	0.123	0.026
0.101	0.774	0.029	0.096
0.079	0.063	0.770	0.088
0.776	0.091	0.054	0.079
0.065	0.033	0.052	0.850
0.066	0.026	0.882	0.026
0.092	0.085	0.758	0.065
0.088	0.788	0.045	0.079
>TCACGTGASN	17-TCACGTGASN	8.166152	-36.953881	0	T:59.0(1.03%),B:114.6(0.28%),P:1e-16	Tpos:45.7,Tstd:26.0,Bpos:57.6,Bstd:28.0,StrandBias:-0.2,Multiplicity:1.04
0.157	0.001	0.001	0.841
0.001	0.865	0.133	0.001
0.918	0.080	0.001	0.001
0.001	0.997	0.001	0.001
0.001	0.003	0.995	0.001
0.081	0.004	0.001	0.914
0.001	0.001	0.997	0.001
0.762	0.079	0.001	0.158
0.004	0.571	0.424	0.001
0.231	0.166	0.294	0.309
>GGCGGCCATG	18-GGCGGCCATG	8.317006	-36.624939	0	T:92.0(1.60%),B:243.6(0.59%),P:1e-15	Tpos:56.7,Tstd:27.6,Bpos:48.0,Bstd:29.6,StrandBias:0.5,Multiplicity:1.01
0.001	0.001	0.829	0.169
0.066	0.001	0.932	0.001
0.001	0.997	0.001	0.001
0.238	0.001	0.760	0.001
0.069	0.001	0.884	0.046
0.289	0.643	0.067	0.001
0.067	0.832	0.034	0.067
0.886	0.112	0.001	0.001
0.001	0.001	0.001	0.997
0.067	0.250	0.451	0.231
>CGATTGGTCG	19-CGATTGGTCG	9.944152	-35.454936	0	T:18.0(0.31%),B:9.0(0.02%),P:1e-15	Tpos:39.3,Tstd:32.8,Bpos:56.9,Bstd:13.4,StrandBias:1.1,Multiplicity:1.00
0.001	0.919	0.079	0.001
0.080	0.160	0.600	0.160
0.997	0.001	0.001	0.001
0.001	0.080	0.093	0.826
0.001	0.001	0.001	0.997
0.001	0.001	0.997	0.001
0.001	0.001	0.997	0.001
0.080	0.080	0.001	0.839
0.253	0.666	0.080	0.001
0.001	0.001	0.919	0.079
>CCGCCGYAAW	20-CCGCCGYAAW	7.604683	-30.592769	0	T:22.0(0.38%),B:18.0(0.04%),P:1e-13	Tpos:50.6,Tstd:23.5,Bpos:45.3,Bstd:22.8,StrandBias:-0.3,Multiplicity:1.05
0.011	0.600	0.021	0.368
0.095	0.405	0.252	0.248
0.053	0.084	0.821	0.042
0.053	0.831	0.042	0.074
0.122	0.685	0.074	0.119
0.032	0.252	0.495	0.221
0.063	0.340	0.201	0.396
0.726	0.011	0.221	0.042
0.703	0.063	0.171	0.063
0.415	0.095	0.158	0.332
>CCACTCAGAG	21-CCACTCAGAG	7.706105	-28.478557	0	T:102.0(1.78%),B:327.1(0.80%),P:1e-12	Tpos:48.1,Tstd:27.5,Bpos:50.3,Bstd:26.1,StrandBias:0.0,Multiplicity:1.00
0.040	0.781	0.090	0.089
0.040	0.828	0.062	0.070
0.842	0.042	0.082	0.034
0.080	0.746	0.129	0.045
0.042	0.038	0.049	0.871
0.051	0.828	0.075	0.046
0.756	0.080	0.111	0.053
0.038	0.049	0.838	0.075
0.748	0.077	0.036	0.139
0.112	0.067	0.766	0.055
>ATACAGAGCC	22-ATACAGAGCC	7.114213	-26.511869	0	T:100.0(1.74%),B:329.5(0.80%),P:1e-11	Tpos:48.4,Tstd:26.5,Bpos:51.2,Bstd:24.4,StrandBias:-0.4,Multiplicity:1.00
0.778	0.061	0.088	0.073
0.047	0.071	0.033	0.849
0.812	0.050	0.061	0.077
0.075	0.733	0.082	0.110
0.800	0.036	0.051	0.113
0.065	0.087	0.763	0.085
0.799	0.061	0.074	0.066
0.088	0.020	0.811	0.081
0.027	0.827	0.082	0.064
0.063	0.834	0.051	0.052
>TTTCAGGTGG	23-TTTCAGGTGG	7.463722	-18.637725	0	T:11.0(0.19%),B:7.6(0.02%),P:1e-8	Tpos:45.0,Tstd:19.1,Bpos:50.9,Bstd:19.6,StrandBias:3.2,Multiplicity:1.00
0.119	0.137	0.130	0.614
0.139	0.128	0.132	0.601
0.117	0.147	0.117	0.619
0.146	0.588	0.132	0.134
0.587	0.156	0.139	0.118
0.130	0.141	0.618	0.111
0.126	0.148	0.599	0.127
0.117	0.167	0.143	0.573
0.114	0.166	0.605	0.115
0.126	0.153	0.599	0.122
>GGACAGCKCG	24-GGACAGCKCG	11.362624	-14.973754	0	T:7.0(0.12%),B:4.0(0.01%),P:1e-6	Tpos:64.1,Tstd:26.8,Bpos:21.6,Bstd:5.6,StrandBias:0.4,Multiplicity:1.00
0.041	0.215	0.504	0.240
0.001	0.001	0.997	0.001
0.921	0.077	0.001	0.001
0.372	0.626	0.001	0.001
0.656	0.001	0.001	0.342
0.001	0.001	0.997	0.001
0.001	0.997	0.001	0.001
0.001	0.001	0.561	0.437
0.001	0.997	0.001	0.001
0.001	0.001	0.997	0.001
>AGACCTCACA	25-AGACCTCACA	11.185123	-13.874428	0	T:9.0(0.16%),B:7.8(0.02%),P:1e-6	Tpos:49.3,Tstd:23.3,Bpos:51.2,Bstd:12.5,StrandBias:1.0,Multiplicity:1.33
0.914	0.084	0.001	0.001
0.001	0.001	0.997	0.001
0.997	0.001	0.001	0.001
0.001	0.997	0.001	0.001
0.001	0.997	0.001	0.001
0.001	0.001	0.001	0.997
0.001	0.997	0.001	0.001
0.914	0.001	0.084	0.001
0.001	0.997	0.001	0.001
0.914	0.001	0.084	0.001
>GSCACTTCCGGC	1-GSCACTTCCGGC	6.878855	-165.938095	0	T:279.0(4.87%),B:546.1(1.33%),P:1e-72	Tpos:44.6,Tstd:21.6,Bpos:49.5,Bstd:35.7,StrandBias:-0.5,Multiplicity:1.23
0.145	0.309	0.462	0.083
0.062	0.441	0.370	0.127
0.124	0.587	0.207	0.082
0.757	0.001	0.222	0.020
0.001	0.897	0.041	0.061
0.040	0.001	0.001	0.958
0.001	0.001	0.001	0.997
0.001	0.997	0.001	0.001
0.001	0.997	0.001	0.001
0.001	0.001	0.997	0.001
0.089	0.147	0.681	0.083
0.125	0.479	0.146	0.250
>AARATGGCGGCG	2-AARATGGCGGCG	10.184817	-141.843457	0	T:103.0(1.80%),B:79.3(0.19%),P:1e-61	Tpos:68.4,Tstd:20.8,Bpos:45.0,Bstd:31.3,StrandBias:1.0,Multiplicity:1.02
0.715	0.001	0.283	0.001
0.915	0.001	0.083	0.001
0.329	0.216	0.373	0.082
0.997	0.001	0.001	0.001
0.001	0.001	0.001	0.997
0.001	0.001	0.997	0.001
0.001	0.039	0.959	0.001
0.080	0.918	0.001	0.001
0.001	0.163	0.660	0.176
0.040	0.081	0.878	0.001
0.325	0.673	0.001	0.001
0.124	0.301	0.452	0.123
>BGGGGGAAAGTT	3-BGGGGGAAAGTT	5.882671	-103.328422	0	T:849.0(14.81%),B:3696.6(9.02%),P:1e-44	Tpos:52.9,Tstd:22.4,Bpos:49.8,Bstd:29.4,StrandBias:1.4,Multiplicity:1.05
0.079	0.238	0.387	0.295
0.278	0.046	0.567	0.109
0.087	0.055	0.800	0.058
0.062	0.040	0.849	0.049
0.085	0.024	0.821	0.070
0.073	0.043	0.847	0.037
0.653	0.213	0.073	0.061
0.807	0.056	0.067	0.070
0.818	0.041	0.080	0.061
0.112	0.186	0.453	0.249
0.110	0.079	0.235	0.576
0.067	0.061	0.280	0.592
>GKKGGGGGGGGG	4-GKKGGGGGGGGG	6.306995	-95.982019	0	T:1030.0(17.96%),B:4831.3(11.78%),P:1e-41	Tpos:42.7,Tstd:22.2,Bpos:48.9,Bstd:29.5,StrandBias:1.2,Multiplicity:1.14
0.126	0.210	0.427	0.237
0.112	0.159	0.311	0.417
0.109	0.062	0.378	0.451
0.031	0.016	0.860	0.093
0.066	0.012	0.847	0.075
0.107	0.030	0.799	0.064
0.111	0.067	0.742	0.080
0.106	0.063	0.753	0.078
0.127	0.056	0.736	0.081
0.144	0.017	0.779	0.060
0.097	0.045	0.828	0.030
0.249	0.162	0.464	0.125
>ARRGGGCGGGGC	5-ARRGGGCGGGGC	10.276227	-93.857350	0	T:262.0(4.57%),B:724.5(1.77%),P:1e-40	Tpos:33.6,Tstd:21.6,Bpos:50.7,Bstd:34.4,StrandBias:0.4,Multiplicity:1.03
0.616	0.226	0.086	0.072
0.320	0.254	0.425	0.001
0.447	0.001	0.510	0.042
0.363	0.001	0.635	0.001
0.001	0.001	0.997	0.001
0.001	0.001	0.997	0.001
0.001	0.957	0.001	0.041
0.001	0.001	0.997	0.001
0.001	0.001	0.997	0.001
0.362	0.001	0.636	0.001
0.001	0.112	0.886	0.001
0.172	0.826	0.001	0.001
>TTGCGCATGCGC	6-TTGCGCATGCGC	9.355959	-83.073974	0	T:96.0(1.67%),B:134.3(0.33%),P:1e-36	Tpos:38.6,Tstd:19.1,Bpos:52.2,Bstd:36.5,StrandBias:-0.1,Multiplicity:1.06
0.078	0.211	0.176	0.535
0.065	0.161	0.134	0.640
0.066	0.085	0.796	0.053
0.064	0.793	0.106	0.037
0.059	0.056	0.799	0.086
0.037	0.825	0.095	0.043
0.648	0.175	0.102	0.075
0.062	0.114	0.162	0.662
0.033	0.072	0.862	0.033
0.076	0.807	0.045	0.072
0.043	0.090	0.784	0.083
0.027	0.852	0.067	0.054
>GTCTATCAGCAG	7-GTCTATCAGCAG	12.968460	-72.026110	0	T:23.0(0.40%),B:3.0(0.01%),P:1e-31	Tpos:65.4,Tstd:12.5,Bpos:21.0,Bstd:9.5,StrandBias:10.0,Multiplicity:1.00
0.055	0.055	0.681	0.209
0.054	0.054	0.001	0.891
0.054	0.891	0.001	0.054
0.054	0.001	0.001	0.944
0.997	0.001	0.001	0.001
0.001	0.001	0.001	0.997
0.001	0.997	0.001	0.001
0.997	0.001	0.001	0.001
0.054	0.001	0.944	0.001
0.001	0.997	0.001	0.001
0.944	0.001	0.001	0.054
0.001	0.001	0.997	0.001
>GAGGAGGAGGAG	8-GAGGAGGAGGAG	8.361221	-70.799151	0	T:424.0(7.39%),B:1654.8(4.04%),P:1e-30	Tpos:49.3,Tstd:23.9,Bpos:49.5,Bstd:31.7,StrandBias:1.6,Multiplicity:1.13
0.021	0.142	0.813	0.024
0.449	0.157	0.190	0.204
0.245	0.032	0.620	0.103
0.002	0.003	0.994	0.001
0.443	0.089	0.256	0.212
0.134	0.001	0.803	0.062
0.036	0.041	0.922	0.001
0.493	0.170	0.130	0.206
0.204	0.014	0.719	0.063
0.046	0.180	0.758	0.016
0.469	0.129	0.158	0.245
0.223	0.070	0.603	0.104
>TCTTCATCATCA	9-TCTTCATCATCA	5.343236	-61.421794	0	T:1042.0(18.17%),B:5380.2(13.12%),P:1e-26	Tpos:53.6,Tstd:26.7,Bpos:50.1,Bstd:30.4,StrandBias:-1.2,Multiplicity:1.15
0.123	0.121	0.111	0.645
0.091	0.677	0.094	0.138
0.150	0.115	0.061	0.674
0.116	0.119	0.118	0.647
0.092	0.711	0.088	0.109
0.639	0.127	0.061	0.173
0.098	0.110	0.110	0.682
0.097	0.692	0.092	0.119
0.636	0.126	0.067	0.171
0.118	0.106	0.120	0.656
0.106	0.678	0.104	0.112
0.664	0.113	0.064	0.159
>AACTGGAGCAGC	10-AACTGGAGCAGC	6.931124	-61.031913	0	T:389.0(6.78%),B:1550.1(3.78%),P:1e-26	Tpos:50.8,Tstd:25.3,Bpos:50.4,Bstd:28.6,StrandBias:0.2,Multiplicity:1.04
0.738	0.119	0.101	0.042
0.727	0.108	0.105	0.060
0.116	0.718	0.097	0.069
0.120	0.062	0.074	0.744
0.083	0.042	0.812	0.063
0.106	0.123	0.696	0.075
0.744	0.079	0.106	0.071
0.066	0.063	0.808	0.063
0.098	0.750	0.110	0.042
0.785	0.066	0.028	0.121
0.054	0.060	0.817	0.069
0.150	0.661	0.094	0.095
>KCTCGCGAGAHG	11-KCTCGCGAGAHG	11.119960	-55.449068	0	T:17.0(0.30%),B:2.5(0.01%),P:1e-24	Tpos:22.4,Tstd:18.0,Bpos:58.0,Bstd:0.0,StrandBias:0.1,Multiplicity:1.00
0.032	0.123	0.369	0.476
0.033	0.687	0.217	0.063
0.063	0.158	0.092	0.687
0.001	0.997	0.001	0.001
0.001	0.030	0.968	0.001
0.001	0.908	0.030	0.061
0.001	0.001	0.968	0.030
0.907	0.031	0.031	0.031
0.063	0.062	0.813	0.062
0.722	0.185	0.092	0.001
0.251	0.283	0.158	0.308
0.001	0.251	0.558	0.190
>KCCGGCCGGAAA	12-KCCGGCCGGAAA	9.344933	-52.876486	0	T:14.0(0.24%),B:1.8(0.00%),P:1e-22	Tpos:52.1,Tstd:24.0,Bpos:13.8,Bstd:2.2,StrandBias:0.3,Multiplicity:1.00
0.010	0.245	0.314	0.431
0.015	0.911	0.064	0.010
0.010	0.730	0.015	0.245
0.152	0.157	0.485	0.206
0.010	0.323	0.657	0.010
0.029	0.726	0.015	0.230
0.201	0.509	0.128	0.162
0.274	0.010	0.485	0.230
0.010	0.304	0.666	0.020
0.588	0.196	0.206	0.010
0.568	0.201	0.211	0.020
0.651	0.020	0.309	0.020
>TTTTTTTYCAGG	13-TTTTTTTYCAGG	8.901890	-50.923723	0	T:233.0(4.06%),B:821.6(2.00%),P:1e-22	Tpos:52.3,Tstd:27.3,Bpos:51.3,Bstd:30.5,StrandBias:1.3,Multiplicity:1.03
0.064	0.044	0.008	0.884
0.040	0.155	0.029	0.776
0.102	0.076	0.096	0.726
0.148	0.151	0.040	0.661
0.051	0.018	0.032	0.899
0.001	0.144	0.016	0.839
0.031	0.047	0.001	0.921
0.213	0.301	0.048	0.439
0.179	0.620	0.001	0.200
0.996	0.001	0.001	0.002
0.136	0.001	0.831	0.032
0.170	0.016	0.635	0.179
>GGAAAAGTGTGA	14-GGAAAAGTGTGA	11.657606	-48.267426	0	T:13.0(0.23%),B:1.5(0.00%),P:1e-20	Tpos:50.9,Tstd:27.4,Bpos:49.7,Bstd:9.6,StrandBias:1.6,Multiplicity:1.00
0.022	0.001	0.955	0.022
0.067	0.044	0.867	0.022
0.823	0.044	0.089	0.044
0.845	0.022	0.089	0.044
0.624	0.265	0.067	0.044
0.888	0.022	0.046	0.044
0.201	0.265	0.490	0.044
0.023	0.023	0.001	0.953
0.110	0.201	0.557	0.132
0.022	0.001	0.176	0.801
0.044	0.022	0.867	0.067
0.535	0.001	0.221	0.243
>NSGTGACGTCNN	15-NSGTGACGTCNN	5.223131	-44.693400	0	T:160.0(2.79%),B:507.2(1.24%),P:1e-19	Tpos:40.3,Tstd:23.7,Bpos:51.5,Bstd:36.6,StrandBias:0.1,Multiplicity:1.03
0.214	0.328	0.223	0.235
0.204	0.354	0.258	0.184
0.123	0.125	0.615	0.137
0.158	0.158	0.121	0.563
0.170	0.125	0.525	0.180
0.576	0.131	0.148	0.145
0.110	0.679	0.097	0.114
0.091	0.082	0.718	0.109
0.144	0.127	0.147	0.582
0.171	0.481	0.147	0.201
0.276	0.228	0.267	0.228
0.208	0.302	0.266	0.224
>TCACGTGACCSA	16-TCACGTGACCSA	9.535041	-40.144900	0	T:43.0(0.75%),B:57.3(0.14%),P:1e-17	Tpos:37.5,Tstd:23.9,Bpos:55.4,Bstd:29.9,StrandBias:-0.7,Multiplicity:1.05
0.083	0.192	0.057	0.668
0.027	0.918	0.054	0.001
0.917	0.081	0.001	0.001
0.001	0.917	0.028	0.054
0.028	0.247	0.670	0.055
0.082	0.001	0.001	0.916
0.001	0.027	0.971	0.001
0.888	0.001	0.110	0.001
0.109	0.665	0.225	0.001
0.276	0.448	0.028	0.248
0.110	0.386	0.362	0.143
0.497	0.086	0.308	0.110
>TGAACTGGCTGA	17-TGAACTGGCTGA	7.969412	-38.284031	0	T:110.0(1.92%),B:313.5(0.76%),P:1e-16	Tpos:49.8,Tstd:26.7,Bpos:48.2,Bstd:27.0,StrandBias:0.2,Multiplicity:1.01
0.172	0.006	0.132	0.690
0.066	0.131	0.749	0.054
0.690	0.106	0.102	0.102
0.702	0.100	0.108	0.090
0.150	0.636	0.124	0.090
0.062	0.012	0.030	0.896
0.060	0.018	0.802	0.120
0.120	0.090	0.700	0.090
0.112	0.750	0.036	0.102
0.141	0.001	0.001	0.857
0.090	0.060	0.790	0.060
0.661	0.120	0.094	0.125
>CAGGGGTAGTTG	18-CAGGGGTAGTTG	8.983194	-35.057268	0	T:43.0(0.75%),B:66.9(0.16%),P:1e-15	Tpos:60.1,Tstd:21.2,Bpos:52.3,Bstd:22.3,StrandBias:1.0,Multiplicity:1.03
0.154	0.641	0.154	0.051
0.795	0.051	0.103	0.051
0.051	0.051	0.847	0.051
0.103	0.051	0.842	0.004
0.051	0.102	0.846	0.001
0.050	0.001	0.948	0.001
0.154	0.103	0.051	0.692
0.735	0.107	0.055	0.103
0.001	0.102	0.896	0.001
0.001	0.050	0.001	0.948
0.001	0.003	0.001	0.995
0.001	0.051	0.842	0.106
>CTCCGCCTAAGC	19-CTCCGCCTAAGC	10.957651	-28.105237	0	T:10.0(0.17%),B:2.4(0.01%),P:1e-12	Tpos:52.1,Tstd:23.9,Bpos:40.1,Bstd:20.8,StrandBias:-1.0,Multiplicity:1.00
0.044	0.911	0.001	0.044
0.133	0.044	0.044	0.779
0.001	0.954	0.001	0.044
0.089	0.866	0.001	0.044
0.001	0.044	0.907	0.048
0.044	0.823	0.089	0.044
0.044	0.819	0.044	0.093
0.133	0.048	0.089	0.730
0.734	0.044	0.133	0.089
0.729	0.093	0.089	0.089
0.089	0.001	0.866	0.044
0.044	0.907	0.048	0.001
>CGTGCTCGCGCG	20-CGTGCTCGCGCG	12.139393	-27.650550	0	T:17.0(0.30%),B:11.4(0.03%),P:1e-12	Tpos:36.8,Tstd:22.7,Bpos:49.4,Bstd:20.5,StrandBias:0.7,Multiplicity:1.00
0.084	0.910	0.005	0.001
0.084	0.001	0.914	0.001
0.001	0.370	0.084	0.545
0.001	0.168	0.830	0.001
0.001	0.830	0.168	0.001
0.084	0.001	0.099	0.816
0.001	0.914	0.084	0.001
0.001	0.001	0.718	0.280
0.001	0.997	0.001	0.001
0.001	0.001	0.997	0.001
0.001	0.997	0.001	0.001
0.001	0.186	0.729	0.084
>YAGCGGGGGAGA	21-YAGCGGGGGAGA	11.749502	-27.482782	0	T:12.0(0.21%),B:4.2(0.01%),P:1e-11	Tpos:57.1,Tstd:23.1,Bpos:56.0,Bstd:0.0,StrandBias:2.3,Multiplicity:1.00
0.127	0.369	0.118	0.386
0.997	0.001	0.001	0.001
0.125	0.001	0.639	0.235
0.008	0.741	0.243	0.008
0.001	0.001	0.997	0.001
0.117	0.001	0.881	0.001
0.125	0.001	0.873	0.001
0.258	0.001	0.740	0.001
0.001	0.001	0.997	0.001
0.763	0.001	0.001	0.235
0.117	0.001	0.881	0.001
0.997	0.001	0.001	0.001
>CGCCCATTGGTC	22-CGCCCATTGGTC	10.621643	-27.373672	0	T:18.0(0.31%),B:13.5(0.03%),P:1e-11	Tpos:28.2,Tstd:20.4,Bpos:53.6,Bstd:23.6,StrandBias:0.2,Multiplicity:1.00
0.042	0.872	0.001	0.085
0.043	0.043	0.655	0.259
0.001	0.956	0.042	0.001
0.001	0.869	0.042	0.088
0.043	0.740	0.174	0.043
0.744	0.170	0.085	0.001
0.084	0.001	0.001	0.914
0.085	0.043	0.043	0.829
0.042	0.042	0.915	0.001
0.001	0.085	0.872	0.042
0.043	0.131	0.174	0.652
0.001	0.997	0.001	0.001
>TCTCGCAGTCGC	23-TCTCGCAGTCGC	11.303376	-26.470227	0	T:8.0(0.14%),B:0.7(0.00%),P:1e-11	Tpos:43.9,Tstd:26.6,Bpos:39.0,Bstd:0.0,StrandBias:2.6,Multiplicity:1.00
0.036	0.073	0.112	0.779
0.001	0.963	0.001	0.035
0.073	0.039	0.036	0.852
0.072	0.926	0.001	0.001
0.075	0.109	0.780	0.036
0.036	0.927	0.036	0.001
0.779	0.073	0.109	0.039
0.001	0.145	0.853	0.001
0.073	0.148	0.146	0.633
0.073	0.779	0.039	0.109
0.073	0.036	0.782	0.109
0.001	0.963	0.001	0.035
>CAGCTAGGCTCG	24-CAGCTAGGCTCG	10.409522	-21.048910	0	T:8.0(0.14%),B:2.8(0.01%),P:1e-9	Tpos:63.6,Tstd:26.1,Bpos:81.6,Bstd:3.1,StrandBias:1.3,Multiplicity:1.00
0.100	0.700	0.100	0.100
0.700	0.100	0.100	0.100
0.100	0.100	0.700	0.100
0.100	0.700	0.100	0.100
0.100	0.100	0.100	0.700
0.700	0.100	0.100	0.100
0.100	0.100	0.700	0.100
0.100	0.100	0.700	0.100
0.100	0.700	0.100	0.100
0.100	0.100	0.100	0.700
0.100	0.700	0.100	0.100
0.100	0.100	0.700	0.100
>AGACTCGGAGTC	25-AGACTCGGAGTC	10.409522	-14.464412	0	T:6.0(0.10%),B:2.6(0.01%),P:1e-6	Tpos:67.0,Tstd:11.0,Bpos:43.5,Bstd:18.1,StrandBias:-0.4,Multiplicity:1.00
0.700	0.100	0.100	0.100
0.100	0.100	0.700	0.100
0.700	0.100	0.100	0.100
0.100	0.700	0.100	0.100
0.100	0.100	0.100	0.700
0.100	0.700	0.100	0.100
0.100	0.100	0.700	0.100
0.100	0.100	0.700	0.100
0.700	0.100	0.100	0.100
0.100	0.100	0.700	0.100
0.100	0.100	0.100	0.700
0.100	0.700	0.100	0.100
>CCGGAA	1-CCGGAA	6.811088	-114.833618	0	T:513.0(8.95%),B:1792.6(4.37%),P:1e-49	Tpos:46.0,Tstd:24.1,Bpos:49.7,Bstd:36.8,StrandBias:0.3,Multiplicity:1.28
0.001	0.773	0.225	0.001
0.001	0.997	0.001	0.001
0.001	0.001	0.997	0.001
0.001	0.001	0.997	0.001
0.997	0.001	0.001	0.001
0.997	0.001	0.001	0.001
>CTCCTC	2-CTCCTC	2.419555	-94.630984	0	T:3474.0(60.59%),B:21200.3(51.71%),P:1e-41	Tpos:49.3,Tstd:25.2,Bpos:49.6,Bstd:31.5,StrandBias:-1.1,Multiplicity:1.81
0.001	0.997	0.001	0.001
0.001	0.175	0.001	0.823
0.001	0.997	0.001	0.001
0.086	0.821	0.001	0.092
0.001	0.172	0.001	0.826
0.001	0.997	0.001	0.001
>WAGGGG	3-WAGGGG	4.209863	-82.695025	0	T:2688.0(46.88%),B:15861.4(38.69%),P:1e-35	Tpos:49.2,Tstd:26.5,Bpos:49.9,Bstd:31.2,StrandBias:0.4,Multiplicity:1.22
0.561	0.001	0.001	0.437
0.997	0.001	0.001	0.001
0.398	0.001	0.600	0.001
0.143	0.001	0.855	0.001
0.001	0.138	0.860	0.001
0.001	0.372	0.626	0.001
>TGACGA	4-TGACGA	3.608831	-75.470070	0	T:2146.0(37.43%),B:12300.8(30.00%),P:1e-32	Tpos:52.0,Tstd:28.0,Bpos:49.8,Bstd:34.9,StrandBias:0.5,Multiplicity:1.33
0.109	0.203	0.059	0.629
0.074	0.133	0.694	0.099
0.634	0.154	0.155	0.057
0.081	0.728	0.065	0.126
0.057	0.067	0.836	0.040
0.481	0.092	0.238	0.189
>GCTGCT	5-GCTGCT	3.906799	-75.135871	0	T:2756.0(48.06%),B:16495.3(40.23%),P:1e-32	Tpos:50.8,Tstd:28.0,Bpos:50.5,Bstd:30.6,StrandBias:-0.0,Multiplicity:1.42
0.086	0.001	0.912	0.001
0.075	0.788	0.041	0.096
0.144	0.001	0.001	0.854
0.001	0.001	0.956	0.042
0.123	0.742	0.001	0.134
0.001	0.082	0.001	0.916
>ACCGAC	6-ACCGAC	4.531024	-74.515812	0	T:1095.0(19.10%),B:5508.3(13.44%),P:1e-32	Tpos:52.6,Tstd:27.3,Bpos:50.1,Bstd:35.2,StrandBias:-0.5,Multiplicity:1.12
0.861	0.001	0.058	0.080
0.113	0.798	0.067	0.022
0.001	0.892	0.026	0.081
0.001	0.001	0.974	0.024
0.722	0.230	0.047	0.001
0.139	0.808	0.037	0.016
>CGAWGA	7-CGAWGA	2.848554	-63.410305	0	T:1150.0(20.06%),B:6023.2(14.69%),P:1e-27	Tpos:50.4,Tstd:28.6,Bpos:49.4,Bstd:36.4,StrandBias:0.1,Multiplicity:1.13
0.001	0.997	0.001	0.001
0.001	0.001	0.997	0.001
0.721	0.039	0.001	0.239
0.468	0.001	0.001	0.530
0.001	0.001	0.997	0.001
0.765	0.001	0.001	0.233
>TYACGT	8-TYACGT	3.903084	-54.008406	0	T:1784.0(31.11%),B:10328.7(25.19%),P:1e-23	Tpos:50.9,Tstd:28.3,Bpos:50.5,Bstd:32.8,StrandBias:-0.2,Multiplicity:1.14
0.098	0.001	0.001	0.900
0.135	0.322	0.099	0.444
0.554	0.247	0.198	0.001
0.001	0.892	0.106	0.001
0.001	0.212	0.786	0.001
0.198	0.001	0.226	0.575
>GCKSTA	9-GCKSTA	4.330715	-41.141107	0	T:922.0(16.08%),B:4981.1(12.15%),P:1e-17	Tpos:50.2,Tstd:28.2,Bpos:49.6,Bstd:30.7,StrandBias:-0.3,Multiplicity:1.08
0.001	0.001	0.997	0.001
0.001	0.997	0.001	0.001
0.001	0.001	0.469	0.529
0.001	0.553	0.445	0.001
0.001	0.064	0.001	0.934
0.997	0.001	0.001	0.001
>TGCGCA	10-TGCGCA	7.075160	-33.803338	0	T:189.0(3.30%),B:723.9(1.77%),P:1e-14	Tpos:45.9,Tstd:25.3,Bpos:49.8,Bstd:33.7,StrandBias:0.1,Multiplicity:1.04
0.001	0.001	0.001	0.997
0.001	0.001	0.997	0.001
0.001	0.997	0.001	0.001
0.001	0.001	0.997	0.001
0.293	0.705	0.001	0.001
0.997	0.001	0.001	0.001
>ATTGGC	11-ATTGGC	5.194076	-33.644777	0	T:750.0(13.08%),B:4040.7(9.86%),P:1e-14	Tpos:47.4,Tstd:28.5,Bpos:50.0,Bstd:29.4,StrandBias:0.2,Multiplicity:1.09
0.796	0.001	0.001	0.202
0.001	0.001	0.001	0.997
0.001	0.001	0.001	0.997
0.001	0.066	0.932	0.001
0.001	0.001	0.997	0.001
0.001	0.845	0.001	0.153
>CCGGAAGT	1-CCGGAAGT	9.817559	-178.166949	0	T:131.0(2.28%),B:102.6(0.25%),P:1e-77	Tpos:40.7,Tstd:22.5,Bpos:47.4,Bstd:34.0,StrandBias:1.0,Multiplicity:1.08
0.001	0.712	0.286	0.001
0.001	0.997	0.001	0.001
0.001	0.001	0.997	0.001
0.001	0.001	0.997	0.001
0.997	0.001	0.001	0.001
0.997	0.001	0.001	0.001
0.001	0.001	0.997	0.001
0.001	0.001	0.001	0.997
>GGGGGGGG	2-GGGGGGGG	5.299440	-142.952939	0	T:2008.0(35.02%),B:10290.5(25.10%),P:1e-62	Tpos:43.5,Tstd:23.6,Bpos:49.0,Bstd:31.8,StrandBias:1.0,Multiplicity:1.57
0.215	0.001	0.567	0.217
0.058	0.001	0.864	0.077
0.213	0.001	0.785	0.001
0.035	0.106	0.812	0.047
0.043	0.104	0.797	0.056
0.206	0.001	0.770	0.023
0.087	0.001	0.897	0.015
0.235	0.010	0.735	0.020
>WSCGGAAR	3-WSCGGAAR	4.162831	-142.071590	0	T:1949.0(33.99%),B:9923.4(24.20%),P:1e-61	Tpos:51.7,Tstd:26.1,Bpos:50.0,Bstd:34.4,StrandBias:0.2,Multiplicity:1.28
0.332	0.093	0.201	0.375
0.187	0.362	0.340	0.111
0.001	0.822	0.176	0.001
0.001	0.001	0.790	0.208
0.283	0.265	0.451	0.001
0.657	0.336	0.006	0.001
0.519	0.220	0.001	0.260
0.457	0.156	0.385	0.001
>TGRTGACG	4-TGRTGACG	3.696918	-92.087298	0	T:1706.0(29.75%),B:9094.0(22.18%),P:1e-39	Tpos:55.0,Tstd:26.9,Bpos:49.8,Bstd:32.3,StrandBias:1.0,Multiplicity:1.24
0.235	0.229	0.126	0.410
0.129	0.161	0.564	0.146
0.421	0.165	0.271	0.143
0.253	0.161	0.113	0.474
0.071	0.107	0.693	0.129
0.449	0.132	0.299	0.119
0.219	0.466	0.077	0.239
0.104	0.130	0.636	0.130
>WTTACCGC	5-WTTACCGC	5.094934	-71.948085	0	T:1193.0(20.81%),B:6155.8(15.01%),P:1e-31	Tpos:49.9,Tstd:27.3,Bpos:50.4,Bstd:29.8,StrandBias:-0.5,Multiplicity:1.09
0.423	0.001	0.030	0.546
0.233	0.208	0.082	0.477
0.186	0.188	0.173	0.453
0.691	0.001	0.270	0.038
0.009	0.908	0.082	0.001
0.322	0.492	0.001	0.185
0.001	0.203	0.738	0.058
0.001	0.997	0.001	0.001
>AAAGGGCG	6-AAAGGGCG	5.119009	-70.302829	0	T:814.0(14.20%),B:3865.4(9.43%),P:1e-30	Tpos:49.6,Tstd:25.2,Bpos:49.2,Bstd:33.0,StrandBias:0.6,Multiplicity:1.04
0.756	0.036	0.092	0.116
0.781	0.045	0.099	0.075
0.788	0.069	0.049	0.094
0.120	0.078	0.752	0.050
0.134	0.075	0.721	0.070
0.106	0.125	0.710	0.059
0.043	0.701	0.172	0.084
0.100	0.053	0.796	0.051
>CGACGACT	7-CGACGACT	3.290002	-69.542846	0	T:1893.0(33.01%),B:10725.3(26.16%),P:1e-30	Tpos:51.6,Tstd:27.6,Bpos:50.3,Bstd:34.3,StrandBias:-0.3,Multiplicity:1.22
0.127	0.701	0.031	0.141
0.143	0.074	0.645	0.138
0.648	0.104	0.148	0.100
0.090	0.644	0.129	0.137
0.158	0.110	0.611	0.121
0.510	0.145	0.190	0.155
0.127	0.586	0.145	0.142
0.195	0.137	0.015	0.653
>TGGAGGAG	8-TGGAGGAG	7.103274	-66.636241	0	T:651.0(11.35%),B:2955.7(7.21%),P:1e-28	Tpos:52.3,Tstd:25.7,Bpos:49.6,Bstd:30.7,StrandBias:1.2,Multiplicity:1.05
0.045	0.036	0.091	0.828
0.001	0.017	0.981	0.001
0.001	0.001	0.997	0.001
0.954	0.044	0.001	0.001
0.118	0.033	0.848	0.001
0.001	0.128	0.870	0.001
0.997	0.001	0.001	0.001
0.088	0.055	0.839	0.018
>GAAGCAGC	9-GAAGCAGC	6.794226	-55.909046	0	T:524.0(9.14%),B:2348.5(5.73%),P:1e-24	Tpos:53.1,Tstd:27.7,Bpos:49.0,Bstd:31.5,StrandBias:0.3,Multiplicity:1.03
0.001	0.001	0.972	0.026
0.895	0.103	0.001	0.001
0.878	0.001	0.073	0.048
0.080	0.115	0.625	0.180
0.099	0.851	0.049	0.001
0.885	0.060	0.054	0.001
0.001	0.001	0.997	0.001
0.001	0.960	0.001	0.038
>TCKGACWG	10-TCKGACWG	5.341975	-55.070768	0	T:878.0(15.31%),B:4466.9(10.90%),P:1e-23	Tpos:51.2,Tstd:28.0,Bpos:49.9,Bstd:30.2,StrandBias:0.0,Multiplicity:1.07
0.244	0.137	0.001	0.618
0.078	0.721	0.040	0.161
0.021	0.094	0.392	0.492
0.010	0.013	0.976	0.001
0.919	0.001	0.001	0.079
0.040	0.737	0.222	0.001
0.398	0.186	0.001	0.416
0.001	0.142	0.807	0.050
>ATTGGAGG	11-ATTGGAGG	5.778928	-50.297427	0	T:428.0(7.46%),B:1866.7(4.55%),P:1e-21	Tpos:50.3,Tstd:27.2,Bpos:49.9,Bstd:29.7,StrandBias:0.9,Multiplicity:1.01
0.811	0.076	0.112	0.001
0.001	0.061	0.001	0.937
0.123	0.048	0.001	0.828
0.001	0.023	0.912	0.064
0.045	0.001	0.953	0.001
0.917	0.055	0.027	0.001
0.064	0.064	0.871	0.001
0.039	0.161	0.799	0.001
>CGATTGGY	12-CGATTGGY	5.409070	-47.630904	0	T:289.0(5.04%),B:1133.7(2.77%),P:1e-20	Tpos:43.9,Tstd:28.0,Bpos:49.6,Bstd:31.4,StrandBias:0.5,Multiplicity:1.04
0.059	0.612	0.168	0.161
0.128	0.184	0.558	0.130
0.535	0.001	0.308	0.156
0.148	0.058	0.164	0.630
0.140	0.076	0.027	0.757
0.011	0.135	0.729	0.125
0.129	0.019	0.834	0.018
0.198	0.353	0.110	0.339
>TCTCGCGA	13-TCTCGCGA	8.236954	-42.220131	0	T:24.0(0.42%),B:13.7(0.03%),P:1e-18	Tpos:23.2,Tstd:19.9,Bpos:61.5,Bstd:35.7,StrandBias:0.1,Multiplicity:1.05
0.100	0.100	0.100	0.700
0.100	0.700	0.100	0.100
0.100	0.100	0.100	0.700
0.100	0.700	0.100	0.100
0.100	0.100	0.700	0.100
0.100	0.700	0.100	0.100
0.100	0.100	0.700	0.100
0.700	0.100	0.100	0.100
>ATCCTCTT	14-ATCCTCTT	6.703546	-42.143770	0	T:392.0(6.84%),B:1752.6(4.27%),P:1e-18	Tpos:53.1,Tstd:27.4,Bpos:49.1,Bstd:31.9,StrandBias:-0.8,Multiplicity:1.03
0.828	0.076	0.031	0.065
0.001	0.018	0.021	0.960
0.019	0.963	0.017	0.001
0.077	0.792	0.005	0.126
0.027	0.085	0.018	0.870
0.022	0.819	0.138	0.021
0.001	0.001	0.031	0.967
0.069	0.001	0.001	0.929
>CGMATACG	15-CGMATACG	6.135073	-38.247468	0	T:179.0(3.12%),B:639.5(1.56%),P:1e-16	Tpos:46.8,Tstd:26.3,Bpos:55.2,Bstd:38.4,StrandBias:-0.2,Multiplicity:1.03
0.061	0.882	0.056	0.001
0.001	0.001	0.835	0.163
0.471	0.506	0.022	0.001
0.555	0.337	0.005	0.103
0.001	0.016	0.061	0.922
0.851	0.001	0.147	0.001
0.260	0.735	0.001	0.004
0.167	0.012	0.750	0.071
>GTCACGTG	16-GTCACGTG	7.648730	-36.583185	0	T:80.0(1.40%),B:194.6(0.47%),P:1e-15	Tpos:42.9,Tstd:25.7,Bpos:50.4,Bstd:31.3,StrandBias:-0.1,Multiplicity:1.09
0.174	0.210	0.615	0.001
0.001	0.001	0.001	0.997
0.001	0.945	0.053	0.001
0.997	0.001	0.001	0.001
0.001	0.997	0.001	0.001
0.001	0.001	0.997	0.001
0.001	0.001	0.001	0.997
0.001	0.001	0.997	0.001
>CGAGAGAA	17-CGAGAGAA	6.478964	-35.243424	0	T:81.0(1.41%),B:203.4(0.50%),P:1e-15	Tpos:52.0,Tstd:26.1,Bpos:43.2,Bstd:33.9,StrandBias:0.4,Multiplicity:1.00
0.001	0.997	0.001	0.001
0.001	0.001	0.997	0.001
0.911	0.087	0.001	0.001
0.001	0.001	0.997	0.001
0.949	0.049	0.001	0.001
0.001	0.001	0.997	0.001
0.997	0.001	0.001	0.001
0.672	0.226	0.001	0.101
>AGGTAAAA	18-AGGTAAAA	6.945674	-33.307326	0	T:516.0(9.00%),B:2600.0(6.34%),P:1e-14	Tpos:50.8,Tstd:27.2,Bpos:50.3,Bstd:30.8,StrandBias:0.0,Multiplicity:1.08
0.714	0.001	0.255	0.030
0.001	0.001	0.997	0.001
0.077	0.122	0.745	0.056
0.274	0.100	0.081	0.545
0.997	0.001	0.001	0.001
0.836	0.001	0.036	0.127
0.907	0.001	0.091	0.001
0.881	0.001	0.117	0.001
>ACACCGSC	19-ACACCGSC	6.649182	-32.290280	0	T:209.0(3.64%),B:841.2(2.05%),P:1e-14	Tpos:47.2,Tstd:25.8,Bpos:50.7,Bstd:31.4,StrandBias:-1.1,Multiplicity:1.00
0.957	0.001	0.041	0.001
0.001	0.953	0.001	0.045
0.997	0.001	0.001	0.001
0.001	0.874	0.001	0.124
0.001	0.997	0.001	0.001
0.295	0.001	0.703	0.001
0.001	0.509	0.489	0.001
0.001	0.970	0.001	0.028
>TGCGCAGT	20-TGCGCAGT	10.626155	-30.382255	0	T:26.0(0.45%),B:27.1(0.07%),P:1e-13	Tpos:52.9,Tstd:14.0,Bpos:59.8,Bstd:36.1,StrandBias:3.9,Multiplicity:1.00
0.001	0.001	0.001	0.997
0.001	0.001	0.997	0.001
0.001	0.997	0.001	0.001
0.001	0.001	0.997	0.001
0.001	0.997	0.001	0.001
0.997	0.001	0.001	0.001
0.001	0.001	0.997	0.001
0.001	0.001	0.356	0.642
>CTGTAGGA	21-CTGTAGGA	7.617036	-27.790844	0	T:204.0(3.56%),B:856.6(2.09%),P:1e-12	Tpos:51.2,Tstd:25.6,Bpos:50.7,Bstd:28.6,StrandBias:0.1,Multiplicity:1.01
0.001	0.970	0.001	0.028
0.106	0.009	0.001	0.884
0.001	0.041	0.957	0.001
0.001	0.214	0.001	0.784
0.898	0.001	0.069	0.032
0.031	0.001	0.967	0.001
0.082	0.001	0.916	0.001
0.677	0.139	0.097	0.087
>GCTGATAG	22-GCTGATAG	8.236954	-27.756372	0	T:31.0(0.54%),B:44.3(0.11%),P:1e-12	Tpos:53.4,Tstd:21.5,Bpos:47.5,Bstd:27.9,StrandBias:-2.3,Multiplicity:1.00
0.100	0.100	0.700	0.100
0.100	0.700	0.100	0.100
0.100	0.100	0.100	0.700
0.100	0.100	0.700	0.100
0.700	0.100	0.100	0.100
0.100	0.100	0.100	0.700
0.700	0.100	0.100	0.100
0.100	0.100	0.700	0.100
>ATAGCCCG	23-ATAGCCCG	7.329922	-22.008697	0	T:101.0(1.76%),B:363.3(0.89%),P:1e-9	Tpos:52.8,Tstd:26.5,Bpos:50.2,Bstd:32.5,StrandBias:0.2,Multiplicity:1.01
0.762	0.202	0.015	0.021
0.001	0.056	0.130	0.813
0.966	0.007	0.026	0.001
0.001	0.001	0.997	0.001
0.001	0.997	0.001	0.001
0.099	0.845	0.001	0.055
0.001	0.855	0.001	0.143
0.149	0.018	0.832	0.001
>GGCGGTAA	24-GGCGGTAA	7.579771	-21.479395	0	T:70.0(1.22%),B:217.8(0.53%),P:1e-9	Tpos:58.7,Tstd:24.5,Bpos:52.3,Bstd:32.8,StrandBias:1.5,Multiplicity:1.00
0.001	0.026	0.972	0.001
0.046	0.001	0.952	0.001
0.001	0.948	0.050	0.001
0.001	0.029	0.969	0.001
0.007	0.090	0.896	0.007
0.001	0.001	0.001	0.997
0.494	0.057	0.169	0.280
0.793	0.051	0.129	0.027
>TATCGYCG	25-TATCGYCG	8.304551	-9.319298	0	T:12.0(0.21%),B:22.2(0.05%),P:1e-4	Tpos:46.6,Tstd:24.7,Bpos:47.0,Bstd:17.6,StrandBias:0.3,Multiplicity:1.00
0.001	0.243	0.001	0.755
0.997	0.001	0.001	0.001
0.001	0.001	0.001	0.997
0.232	0.630	0.137	0.001
0.311	0.001	0.593	0.095
0.259	0.318	0.001	0.422
0.001	0.997	0.001	0.001
0.001	0.001	0.997	0.001
