>BGCCGGAAGT	1-BGCCGGAAGT	7.483240	-212.969717	0	T:307.0(5.35%),B:523.2(1.29%),P:1e-92	Tpos:43.1,Tstd:22.5,Bpos:50.4,Bstd:35.9,StrandBias:-0.2,Multiplicity:1.18
0.171	0.274	0.231	0.324
0.176	0.161	0.447	0.216
0.199	0.590	0.170	0.041
0.047	0.951	0.001	0.001
0.001	0.001	0.997	0.001
0.081	0.001	0.917	0.001
0.997	0.001	0.001	0.001
0.997	0.001	0.001	0.001
0.285	0.219	0.495	0.001
0.205	0.250	0.113	0.431
>CCGCCATCTT	2-CCGCCATCTT	8.463479	-160.976491	0	T:135.0(2.35%),B:126.7(0.31%),P:1e-69	Tpos:70.0,Tstd:19.5,Bpos:51.4,Bstd:25.7,StrandBias:-1.4,Multiplicity:1.02
0.026	0.889	0.079	0.006
0.026	0.930	0.043	0.001
0.014	0.001	0.957	0.028
0.011	0.977	0.001	0.011
0.010	0.988	0.001	0.001
0.995	0.001	0.001	0.003
0.001	0.001	0.001	0.997
0.005	0.724	0.132	0.139
0.008	0.001	0.011	0.980
0.011	0.010	0.032	0.947
>DDGGGGGGGG	3-DDGGGGGGGG	4.023730	-153.962225	0	T:3064.0(53.44%),B:17096.7(42.04%),P:1e-66	Tpos:46.3,Tstd:23.4,Bpos:49.6,Bstd:29.8,StrandBias:1.2,Multiplicity:1.48
0.346	0.087	0.294	0.273
0.244	0.054	0.360	0.342
0.219	0.051	0.468	0.262
0.119	0.001	0.800	0.080
0.207	0.008	0.724	0.061
0.222	0.112	0.552	0.114
0.086	0.203	0.544	0.167
0.165	0.120	0.525	0.190
0.245	0.004	0.627	0.124
0.278	0.015	0.474	0.233
>CGCATGCGCA	4-CGCATGCGCA	8.363774	-101.529973	0	T:123.0(2.15%),B:178.6(0.44%),P:1e-44	Tpos:33.2,Tstd:18.5,Bpos:54.3,Bstd:37.9,StrandBias:-0.1,Multiplicity:1.05
0.070	0.846	0.076	0.008
0.127	0.033	0.807	0.033
0.066	0.838	0.063	0.033
0.824	0.066	0.030	0.080
0.099	0.070	0.081	0.750
0.022	0.050	0.877	0.051
0.051	0.840	0.001	0.108
0.033	0.087	0.802	0.078
0.011	0.869	0.073	0.047
0.551	0.166	0.174	0.109
>GAAGAGGAAG	5-GAAGAGGAAG	6.951302	-86.246783	0	T:712.0(12.42%),B:3067.2(7.54%),P:1e-37	Tpos:51.0,Tstd:25.0,Bpos:49.0,Bstd:34.1,StrandBias:1.5,Multiplicity:1.20
0.072	0.031	0.859	0.038
0.847	0.041	0.086	0.026
0.693	0.047	0.171	0.089
0.048	0.109	0.825	0.018
0.781	0.115	0.046	0.058
0.158	0.028	0.685	0.129
0.036	0.042	0.888	0.034
0.867	0.067	0.039	0.027
0.693	0.036	0.182	0.089
0.060	0.042	0.864	0.034
>CATCAKCAGC	6-CATCAKCAGC	4.670628	-79.124053	0	T:2019.0(35.21%),B:11285.0(27.75%),P:1e-34	Tpos:52.3,Tstd:27.3,Bpos:50.3,Bstd:29.9,StrandBias:-0.3,Multiplicity:1.20
0.078	0.458	0.170	0.293
0.471	0.008	0.240	0.282
0.205	0.128	0.245	0.422
0.018	0.828	0.094	0.060
0.779	0.001	0.001	0.219
0.188	0.112	0.419	0.281
0.006	0.941	0.011	0.042
0.730	0.006	0.068	0.196
0.138	0.175	0.454	0.233
0.001	0.786	0.080	0.133
>TCTGSAGGAG	7-TCTGSAGGAG	6.491365	-68.314246	0	T:585.0(10.20%),B:2539.3(6.24%),P:1e-29	Tpos:51.2,Tstd:26.3,Bpos:50.4,Bstd:30.8,StrandBias:0.4,Multiplicity:1.05
0.257	0.030	0.001	0.712
0.001	0.997	0.001	0.001
0.004	0.015	0.242	0.739
0.040	0.001	0.958	0.001
0.197	0.312	0.358	0.133
0.727	0.051	0.094	0.128
0.122	0.127	0.711	0.040
0.338	0.079	0.498	0.084
0.715	0.008	0.269	0.008
0.091	0.087	0.821	0.001
>GTAAAAGCCG	8-GTAAAAGCCG	6.754706	-56.197269	0	T:352.0(6.14%),B:1383.6(3.40%),P:1e-24	Tpos:49.9,Tstd:26.1,Bpos:49.1,Bstd:32.0,StrandBias:0.3,Multiplicity:1.03
0.320	0.075	0.575	0.030
0.213	0.044	0.166	0.577
0.786	0.185	0.028	0.001
0.861	0.001	0.137	0.001
0.729	0.091	0.179	0.001
0.964	0.001	0.034	0.001
0.062	0.001	0.936	0.001
0.012	0.571	0.366	0.051
0.138	0.637	0.103	0.122
0.030	0.192	0.734	0.044
>GCCGCCATTA	9-GCCGCCATTA	8.696067	-54.075956	0	T:45.0(0.78%),B:43.1(0.11%),P:1e-23	Tpos:53.8,Tstd:28.9,Bpos:43.3,Bstd:30.1,StrandBias:-0.4,Multiplicity:1.03
0.175	0.001	0.823	0.001
0.089	0.633	0.277	0.001
0.001	0.851	0.089	0.059
0.130	0.001	0.868	0.001
0.001	0.997	0.001	0.001
0.001	0.953	0.001	0.045
0.654	0.089	0.256	0.001
0.044	0.058	0.174	0.724
0.212	0.043	0.001	0.744
0.766	0.044	0.103	0.087
>GCTGGWAAAR	10-GCTGGWAAAR	7.596221	-47.242855	0	T:254.0(4.43%),B:946.8(2.33%),P:1e-20	Tpos:49.0,Tstd:26.6,Bpos:50.2,Bstd:29.8,StrandBias:-0.1,Multiplicity:1.02
0.171	0.215	0.556	0.058
0.043	0.817	0.065	0.075
0.001	0.056	0.043	0.900
0.026	0.001	0.872	0.101
0.076	0.001	0.728	0.195
0.318	0.001	0.224	0.457
0.997	0.001	0.001	0.001
0.864	0.107	0.001	0.028
0.934	0.064	0.001	0.001
0.378	0.056	0.519	0.047
>CVGCCAATCM	11-CVGCCAATCM	7.796977	-46.980135	0	T:194.0(3.38%),B:650.7(1.60%),P:1e-20	Tpos:39.4,Tstd:26.8,Bpos:51.3,Bstd:29.2,StrandBias:-0.2,Multiplicity:1.05
0.229	0.412	0.143	0.216
0.324	0.268	0.407	0.001
0.001	0.001	0.997	0.001
0.001	0.997	0.001	0.001
0.001	0.997	0.001	0.001
0.997	0.001	0.001	0.001
0.732	0.001	0.266	0.001
0.001	0.209	0.001	0.789
0.001	0.599	0.399	0.001
0.378	0.313	0.217	0.091
>AAATCTCGCG	12-AAATCTCGCG	7.920314	-41.102488	0	T:48.0(0.84%),B:69.7(0.17%),P:1e-17	Tpos:39.0,Tstd:23.8,Bpos:45.5,Bstd:36.2,StrandBias:-0.2,Multiplicity:1.02
0.801	0.071	0.057	0.071
0.762	0.085	0.139	0.014
0.690	0.139	0.044	0.127
0.118	0.113	0.100	0.669
0.042	0.844	0.057	0.057
0.014	0.122	0.057	0.807
0.010	0.961	0.015	0.014
0.014	0.072	0.815	0.099
0.029	0.772	0.142	0.057
0.014	0.043	0.886	0.057
>TGACGTCACG	13-TGACGTCACG	9.319588	-36.532394	0	T:37.0(0.65%),B:46.1(0.11%),P:1e-15	Tpos:33.7,Tstd:17.4,Bpos:57.9,Bstd:32.3,StrandBias:-0.2,Multiplicity:1.00
0.042	0.029	0.001	0.928
0.001	0.001	0.997	0.001
0.915	0.001	0.042	0.042
0.001	0.915	0.042	0.042
0.001	0.041	0.957	0.001
0.001	0.041	0.001	0.957
0.042	0.874	0.042	0.042
0.997	0.001	0.001	0.001
0.029	0.956	0.014	0.001
0.156	0.018	0.787	0.039
>CTTCCTGGTG	14-CTTCCTGGTG	8.208897	-35.805352	0	T:128.0(2.23%),B:404.2(0.99%),P:1e-15	Tpos:51.3,Tstd:26.4,Bpos:48.2,Bstd:29.6,StrandBias:-0.3,Multiplicity:1.00
0.019	0.942	0.008	0.031
0.001	0.001	0.034	0.964
0.001	0.001	0.001	0.997
0.035	0.950	0.014	0.001
0.047	0.876	0.035	0.042
0.011	0.032	0.035	0.922
0.035	0.001	0.925	0.039
0.092	0.024	0.805	0.079
0.053	0.019	0.024	0.904
0.198	0.081	0.720	0.001
>AGCGGTTACG	15-AGCGGTTACG	6.865733	-34.849624	0	T:114.0(1.99%),B:345.3(0.85%),P:1e-15	Tpos:48.1,Tstd:27.5,Bpos:46.1,Bstd:36.3,StrandBias:1.1,Multiplicity:1.02
0.766	0.039	0.151	0.044
0.067	0.048	0.874	0.011
0.050	0.806	0.060	0.084
0.045	0.044	0.867	0.044
0.033	0.034	0.853	0.080
0.094	0.116	0.027	0.763
0.050	0.076	0.196	0.678
0.794	0.078	0.087	0.041
0.019	0.833	0.098	0.050
0.048	0.097	0.773	0.082
>CGCAGGAAGT	16-CGCAGGAAGT	9.903605	-34.799406	0	T:44.0(0.77%),B:69.8(0.17%),P:1e-15	Tpos:48.9,Tstd:28.6,Bpos:55.1,Bstd:26.4,StrandBias:0.7,Multiplicity:1.00
0.016	0.844	0.058	0.082
0.117	0.001	0.821	0.061
0.177	0.761	0.061	0.001
0.990	0.001	0.008	0.001
0.001	0.045	0.953	0.001
0.045	0.001	0.953	0.001
0.953	0.045	0.001	0.001
0.953	0.001	0.001	0.045
0.001	0.001	0.997	0.001
0.001	0.001	0.057	0.941
>TTGTTTTTAA	17-TTGTTTTTAA	9.186629	-34.156729	0	T:186.0(3.24%),B:699.5(1.72%),P:1e-14	Tpos:54.2,Tstd:28.7,Bpos:50.0,Bstd:29.5,StrandBias:1.1,Multiplicity:1.03
0.001	0.183	0.150	0.666
0.061	0.116	0.001	0.822
0.095	0.001	0.665	0.239
0.001	0.142	0.197	0.660
0.001	0.001	0.132	0.866
0.001	0.001	0.002	0.996
0.103	0.001	0.001	0.895
0.001	0.113	0.001	0.885
0.578	0.350	0.001	0.071
0.915	0.001	0.083	0.001
>TTCCGTCGGT	18-TTCCGTCGGT	7.502223	-32.850757	0	T:48.0(0.84%),B:86.8(0.21%),P:1e-14	Tpos:58.1,Tstd:25.1,Bpos:48.8,Bstd:32.6,StrandBias:0.4,Multiplicity:1.00
0.098	0.039	0.059	0.804
0.040	0.105	0.040	0.815
0.039	0.745	0.099	0.117
0.060	0.861	0.040	0.039
0.039	0.087	0.834	0.040
0.020	0.057	0.039	0.884
0.059	0.717	0.079	0.145
0.078	0.020	0.785	0.117
0.059	0.057	0.864	0.020
0.117	0.104	0.079	0.700
>TCACGTGACC	19-TCACGTGACC	8.793772	-31.740245	0	T:46.0(0.80%),B:82.7(0.20%),P:1e-13	Tpos:40.9,Tstd:21.0,Bpos:51.5,Bstd:29.4,StrandBias:-0.2,Multiplicity:1.02
0.001	0.107	0.001	0.891
0.001	0.956	0.042	0.001
0.956	0.001	0.001	0.042
0.001	0.927	0.011	0.061
0.001	0.106	0.892	0.001
0.001	0.001	0.001	0.997
0.001	0.042	0.956	0.001
0.932	0.029	0.038	0.001
0.001	0.879	0.098	0.022
0.039	0.838	0.094	0.029
>MAACCGSCGG	20-MAACCGSCGG	6.756705	-31.410492	0	T:63.0(1.10%),B:144.7(0.36%),P:1e-13	Tpos:54.1,Tstd:28.0,Bpos:43.1,Bstd:38.0,StrandBias:0.2,Multiplicity:1.02
0.303	0.450	0.237	0.010
0.574	0.269	0.007	0.150
0.562	0.124	0.230	0.084
0.113	0.468	0.217	0.202
0.177	0.499	0.286	0.038
0.123	0.103	0.599	0.175
0.114	0.399	0.469	0.018
0.005	0.967	0.010	0.018
0.159	0.107	0.629	0.105
0.184	0.261	0.527	0.028
>GATATGGCGG	21-GATATGGCGG	10.874112	-21.605836	0	T:15.0(0.26%),B:12.1(0.03%),P:1e-9	Tpos:51.3,Tstd:19.8,Bpos:84.0,Bstd:10.9,StrandBias:1.2,Multiplicity:1.00
0.023	0.001	0.975	0.001
0.997	0.001	0.001	0.001
0.001	0.418	0.001	0.580
0.865	0.133	0.001	0.001
0.057	0.057	0.001	0.885
0.001	0.001	0.997	0.001
0.001	0.001	0.997	0.001
0.133	0.865	0.001	0.001
0.001	0.001	0.997	0.001
0.001	0.057	0.885	0.057
>BGCTABTGAT	22-BGCTABTGAT	7.744961	-19.553133	0	T:32.0(0.56%),B:65.6(0.16%),P:1e-8	Tpos:43.9,Tstd:22.4,Bpos:47.4,Bstd:21.1,StrandBias:0.1,Multiplicity:1.00
0.070	0.358	0.213	0.359
0.220	0.054	0.725	0.001
0.035	0.821	0.143	0.001
0.001	0.062	0.216	0.721
0.530	0.314	0.001	0.155
0.063	0.378	0.314	0.245
0.001	0.086	0.001	0.912
0.001	0.001	0.608	0.390
0.523	0.143	0.318	0.016
0.138	0.152	0.079	0.631
>AGATGAGATG	23-AGATGAGATG	10.296193	-13.028561	0	T:7.0(0.12%),B:4.6(0.01%),P:1e-5	Tpos:32.8,Tstd:18.7,Bpos:60.2,Bstd:20.5,StrandBias:1.0,Multiplicity:1.29
0.700	0.100	0.100	0.100
0.100	0.100	0.700	0.100
0.700	0.100	0.100	0.100
0.100	0.100	0.100	0.700
0.100	0.100	0.700	0.100
0.700	0.100	0.100	0.100
0.100	0.100	0.700	0.100
0.700	0.100	0.100	0.100
0.100	0.100	0.100	0.700
0.100	0.100	0.700	0.100
>CGTGCAGGCG	24-CGTGCAGGCG	11.553120	-10.088635	0	T:10.0(0.17%),B:15.0(0.04%),P:1e-4	Tpos:55.3,Tstd:22.3,Bpos:62.5,Bstd:38.3,StrandBias:2.0,Multiplicity:1.00
0.001	0.997	0.001	0.001
0.001	0.001	0.997	0.001
0.001	0.001	0.001	0.997
0.001	0.001	0.997	0.001
0.001	0.896	0.102	0.001
0.997	0.001	0.001	0.001
0.001	0.001	0.997	0.001
0.001	0.001	0.997	0.001
0.001	0.997	0.001	0.001
0.001	0.001	0.997	0.001
>TCCTGCCGCT	25-TCCTGCCGCT	13.095185	-7.118849	0	T:5.0(0.09%),B:5.2(0.01%),P:1e-3	Tpos:67.3,Tstd:14.9,Bpos:30.1,Bstd:7.5,StrandBias:0.4,Multiplicity:1.40
0.001	0.001	0.001	0.997
0.001	0.922	0.076	0.001
0.001	0.922	0.001	0.076
0.053	0.209	0.001	0.737
0.001	0.001	0.997	0.001
0.001	0.997	0.001	0.001
0.017	0.907	0.001	0.075
0.001	0.169	0.829	0.001
0.001	0.997	0.001	0.001
0.001	0.001	0.001	0.997
>GBCACTTCCGGC	1-GBCACTTCCGGC	9.499472	-179.578871	0	T:158.0(2.76%),B:157.6(0.39%),P:1e-77	Tpos:40.8,Tstd:20.7,Bpos:51.0,Bstd:39.3,StrandBias:-0.1,Multiplicity:1.09
0.124	0.193	0.601	0.082
0.109	0.321	0.351	0.218
0.102	0.484	0.267	0.147
0.543	0.001	0.264	0.192
0.001	0.976	0.001	0.022
0.001	0.010	0.001	0.988
0.001	0.010	0.001	0.988
0.001	0.997	0.001	0.001
0.001	0.976	0.001	0.022
0.001	0.001	0.841	0.157
0.001	0.172	0.826	0.001
0.079	0.478	0.160	0.283
>NGCCGCCATYTT	2-NGCCGCCATYTT	9.787766	-172.670179	0	T:120.0(2.09%),B:86.0(0.21%),P:1e-74	Tpos:72.5,Tstd:16.6,Bpos:49.8,Bstd:27.0,StrandBias:-1.2,Multiplicity:1.01
0.179	0.324	0.320	0.177
0.072	0.071	0.817	0.040
0.037	0.577	0.211	0.175
0.108	0.783	0.073	0.036
0.069	0.001	0.929	0.001
0.001	0.997	0.001	0.001
0.034	0.964	0.001	0.001
0.997	0.001	0.001	0.001
0.001	0.001	0.001	0.997
0.035	0.434	0.141	0.390
0.035	0.001	0.070	0.894
0.001	0.034	0.001	0.964
>GCGCATGCGCRM	3-GCGCATGCGCRM	1.930230	-141.081332	0	T:140.0(2.44%),B:162.7(0.40%),P:1e-61	Tpos:34.1,Tstd:18.1,Bpos:54.3,Bstd:39.9,StrandBias:0.1,Multiplicity:1.03
0.001	0.001	0.997	0.001
0.001	0.997	0.001	0.001
0.001	0.001	0.997	0.001
0.001	0.997	0.001	0.001
0.997	0.001	0.001	0.001
0.001	0.001	0.001	0.997
0.001	0.001	0.997	0.001
0.001	0.997	0.001	0.001
0.001	0.001	0.997	0.001
0.001	0.997	0.001	0.001
0.448	0.072	0.479	0.001
0.422	0.450	0.127	0.001
>AGGGGGCGGGGC	4-AGGGGGCGGGGC	8.978060	-111.252807	0	T:466.0(8.13%),B:1569.9(3.86%),P:1e-48	Tpos:34.1,Tstd:20.5,Bpos:49.2,Bstd:34.1,StrandBias:0.6,Multiplicity:1.15
0.408	0.099	0.243	0.250
0.286	0.165	0.548	0.001
0.144	0.118	0.560	0.178
0.076	0.001	0.922	0.001
0.001	0.001	0.997	0.001
0.001	0.001	0.997	0.001
0.124	0.583	0.001	0.292
0.001	0.001	0.923	0.075
0.001	0.001	0.883	0.115
0.223	0.001	0.747	0.029
0.075	0.007	0.917	0.001
0.129	0.684	0.001	0.186
>NNTTTTCCGGNN	5-NNTTTTCCGGNN	4.290193	-88.846625	0	T:1666.0(29.05%),B:8816.5(21.68%),P:1e-38	Tpos:50.8,Tstd:24.9,Bpos:50.5,Bstd:32.2,StrandBias:0.1,Multiplicity:1.17
0.196	0.276	0.272	0.255
0.177	0.267	0.248	0.307
0.097	0.118	0.109	0.676
0.056	0.130	0.114	0.700
0.049	0.126	0.087	0.738
0.064	0.130	0.091	0.715
0.028	0.802	0.093	0.077
0.071	0.765	0.111	0.053
0.039	0.127	0.818	0.016
0.077	0.096	0.735	0.092
0.212	0.295	0.275	0.218
0.248	0.302	0.227	0.223
>GRGKGGGHGGGG	6-GRGKGGGHGGGG	8.108641	-69.666554	0	T:302.0(5.27%),B:1030.9(2.53%),P:1e-30	Tpos:46.6,Tstd:25.5,Bpos:48.6,Bstd:31.1,StrandBias:1.2,Multiplicity:1.05
0.228	0.055	0.663	0.054
0.397	0.034	0.364	0.204
0.294	0.096	0.514	0.096
0.104	0.135	0.432	0.330
0.052	0.152	0.754	0.042
0.255	0.023	0.678	0.044
0.045	0.300	0.615	0.040
0.266	0.246	0.149	0.339
0.191	0.032	0.497	0.280
0.030	0.021	0.595	0.354
0.056	0.051	0.838	0.055
0.037	0.033	0.684	0.246
>TCCTCCYCCWCC	7-TCCTCCYCCWCC	7.398284	-69.476486	0	T:573.0(9.99%),B:2460.2(6.05%),P:1e-30	Tpos:48.1,Tstd:23.2,Bpos:48.6,Bstd:32.3,StrandBias:-1.4,Multiplicity:1.17
0.097	0.174	0.176	0.553
0.008	0.758	0.161	0.073
0.105	0.617	0.004	0.274
0.082	0.195	0.207	0.516
0.003	0.714	0.105	0.178
0.014	0.667	0.031	0.288
0.106	0.336	0.103	0.456
0.017	0.672	0.118	0.193
0.051	0.762	0.006	0.181
0.335	0.161	0.107	0.397
0.009	0.696	0.191	0.104
0.119	0.561	0.106	0.214
>GGAGGAGGAGGA	8-GGAGGAGGAGGA	5.720010	-63.364850	0	T:1728.0(30.14%),B:9677.5(23.80%),P:1e-27	Tpos:53.0,Tstd:25.8,Bpos:50.0,Bstd:31.5,StrandBias:1.0,Multiplicity:1.22
0.190	0.058	0.546	0.206
0.244	0.092	0.641	0.023
0.745	0.051	0.116	0.088
0.255	0.044	0.518	0.183
0.263	0.090	0.635	0.012
0.957	0.001	0.001	0.041
0.274	0.010	0.516	0.200
0.258	0.144	0.532	0.066
0.640	0.001	0.112	0.247
0.116	0.066	0.716	0.102
0.247	0.107	0.576	0.070
0.846	0.001	0.001	0.152
>TGTTTGGGGCGG	9-TGTTTGGGGCGG	7.911134	-61.269423	0	T:268.0(4.67%),B:918.8(2.26%),P:1e-26	Tpos:50.1,Tstd:24.1,Bpos:48.7,Bstd:27.0,StrandBias:1.4,Multiplicity:1.03
0.069	0.001	0.042	0.888
0.001	0.159	0.839	0.001
0.021	0.191	0.123	0.665
0.064	0.053	0.318	0.565
0.001	0.022	0.288	0.689
0.001	0.001	0.747	0.251
0.160	0.001	0.838	0.001
0.083	0.001	0.895	0.021
0.189	0.021	0.789	0.001
0.141	0.490	0.230	0.139
0.140	0.021	0.667	0.172
0.021	0.021	0.957	0.001
>GCGGAAGTTCCG	10-GCGGAAGTTCCG	11.213658	-52.764054	0	T:14.0(0.24%),B:2.0(0.00%),P:1e-22	Tpos:44.3,Tstd:19.5,Bpos:49.1,Bstd:26.8,StrandBias:0.3,Multiplicity:1.17
0.073	0.206	0.684	0.037
0.037	0.751	0.106	0.106
0.035	0.073	0.786	0.106
0.034	0.001	0.964	0.001
0.823	0.070	0.001	0.106
0.894	0.001	0.035	0.070
0.001	0.240	0.758	0.001
0.001	0.037	0.106	0.856
0.035	0.035	0.001	0.929
0.001	0.890	0.037	0.072
0.037	0.857	0.071	0.035
0.035	0.071	0.823	0.071
>AYCCGGAAGCSG	11-AYCCGGAAGCSG	10.791369	-49.242378	0	T:34.0(0.59%),B:25.3(0.06%),P:1e-21	Tpos:42.8,Tstd:16.2,Bpos:65.3,Bstd:15.9,StrandBias:0.0,Multiplicity:1.00
0.531	0.206	0.158	0.105
0.208	0.453	0.001	0.338
0.001	0.922	0.052	0.025
0.156	0.790	0.001	0.053
0.129	0.001	0.869	0.001
0.001	0.001	0.997	0.001
0.844	0.130	0.025	0.001
0.973	0.001	0.025	0.001
0.025	0.025	0.949	0.001
0.078	0.741	0.155	0.026
0.086	0.285	0.421	0.208
0.130	0.285	0.532	0.053
>AATGGCAGCGGC	12-AATGGCAGCGGC	9.531751	-48.563443	0	T:81.0(1.41%),B:159.2(0.39%),P:1e-21	Tpos:54.0,Tstd:27.6,Bpos:50.6,Bstd:32.0,StrandBias:0.1,Multiplicity:1.02
0.737	0.100	0.162	0.001
0.901	0.096	0.002	0.001
0.066	0.002	0.131	0.801
0.095	0.095	0.809	0.001
0.095	0.032	0.841	0.032
0.031	0.777	0.191	0.001
0.743	0.095	0.097	0.065
0.001	0.001	0.997	0.001
0.064	0.777	0.095	0.064
0.130	0.001	0.804	0.065
0.032	0.095	0.841	0.032
0.001	0.872	0.126	0.001
>CAGCTGATAGAC	13-CAGCTGATAGAC	9.609856	-44.972468	0	T:50.0(0.87%),B:68.0(0.17%),P:1e-19	Tpos:56.8,Tstd:25.1,Bpos:50.7,Bstd:25.3,StrandBias:-0.9,Multiplicity:1.02
0.063	0.873	0.063	0.001
0.773	0.001	0.001	0.225
0.001	0.097	0.837	0.065
0.127	0.840	0.001	0.032
0.001	0.031	0.001	0.967
0.001	0.063	0.935	0.001
0.840	0.064	0.032	0.064
0.164	0.098	0.160	0.578
0.744	0.064	0.160	0.032
0.033	0.066	0.868	0.033
0.841	0.095	0.063	0.001
0.065	0.710	0.160	0.065
>GTCACGTGACSG	14-GTCACGTGACSG	8.689947	-43.314050	0	T:78.0(1.36%),B:163.8(0.40%),P:1e-18	Tpos:41.5,Tstd:20.0,Bpos:50.6,Bstd:33.7,StrandBias:0.2,Multiplicity:1.05
0.001	0.224	0.761	0.014
0.001	0.266	0.001	0.732
0.001	0.760	0.238	0.001
0.997	0.001	0.001	0.001
0.001	0.798	0.090	0.111
0.028	0.028	0.943	0.001
0.001	0.135	0.098	0.766
0.001	0.266	0.732	0.001
0.592	0.125	0.282	0.001
0.084	0.579	0.295	0.042
0.098	0.441	0.404	0.057
0.126	0.301	0.474	0.099
>ACTTCCGGGTCA	15-ACTTCCGGGTCA	11.448710	-40.134225	0	T:17.0(0.30%),B:5.9(0.01%),P:1e-17	Tpos:45.2,Tstd:23.9,Bpos:13.0,Bstd:0.0,StrandBias:0.7,Multiplicity:1.00
0.761	0.149	0.008	0.082
0.148	0.777	0.001	0.074
0.147	0.001	0.001	0.851
0.074	0.001	0.296	0.629
0.001	0.997	0.001	0.001
0.147	0.851	0.001	0.001
0.008	0.001	0.983	0.008
0.001	0.001	0.997	0.001
0.001	0.073	0.925	0.001
0.221	0.001	0.001	0.777
0.001	0.777	0.148	0.074
0.702	0.001	0.001	0.296
>GTACAAATTAAT	16-GTACAAATTAAT	13.644487	-39.189622	0	T:11.0(0.19%),B:1.3(0.00%),P:1e-17	Tpos:43.7,Tstd:28.9,Bpos:25.0,Bstd:0.0,StrandBias:-0.5,Multiplicity:1.00
0.278	0.001	0.720	0.001
0.119	0.001	0.001	0.879
0.879	0.001	0.119	0.001
0.001	0.879	0.001	0.119
0.997	0.001	0.001	0.001
0.879	0.001	0.001	0.119
0.997	0.001	0.001	0.001
0.001	0.001	0.001	0.997
0.001	0.001	0.001	0.997
0.997	0.001	0.001	0.001
0.997	0.001	0.001	0.001
0.119	0.001	0.001	0.879
>GCCAATCAGGAA	17-GCCAATCAGGAA	9.288274	-37.524414	0	T:50.0(0.87%),B:82.3(0.20%),P:1e-16	Tpos:41.3,Tstd:27.2,Bpos:49.9,Bstd:26.2,StrandBias:0.4,Multiplicity:1.02
0.126	0.084	0.725	0.065
0.063	0.811	0.021	0.105
0.042	0.874	0.042	0.042
0.807	0.065	0.065	0.063
0.851	0.023	0.063	0.063
0.063	0.021	0.063	0.853
0.042	0.853	0.063	0.042
0.893	0.063	0.021	0.023
0.042	0.042	0.874	0.042
0.105	0.042	0.852	0.001
0.811	0.105	0.063	0.021
0.809	0.042	0.063	0.086
>GGGGTAGTTGGG	18-GGGGTAGTTGGG	11.255686	-37.167238	0	T:17.0(0.30%),B:7.0(0.02%),P:1e-16	Tpos:57.0,Tstd:23.9,Bpos:48.1,Bstd:20.3,StrandBias:1.5,Multiplicity:1.00
0.035	0.037	0.823	0.105
0.001	0.001	0.964	0.034
0.072	0.001	0.892	0.035
0.001	0.070	0.894	0.035
0.072	0.105	0.213	0.610
0.683	0.037	0.175	0.105
0.035	0.001	0.894	0.070
0.070	0.070	0.070	0.790
0.001	0.035	0.107	0.857
0.001	0.001	0.927	0.071
0.001	0.001	0.964	0.034
0.001	0.175	0.719	0.105
>CTTGTATTTACC	19-CTTGTATTTACC	11.287568	-36.924018	0	T:22.0(0.38%),B:13.3(0.03%),P:1e-16	Tpos:42.6,Tstd:27.1,Bpos:45.6,Bstd:34.4,StrandBias:0.1,Multiplicity:1.00
0.001	0.997	0.001	0.001
0.171	0.286	0.001	0.542
0.056	0.001	0.001	0.942
0.114	0.118	0.767	0.001
0.001	0.171	0.001	0.827
0.762	0.233	0.001	0.004
0.113	0.001	0.001	0.885
0.056	0.001	0.001	0.942
0.001	0.001	0.001	0.997
0.651	0.114	0.173	0.062
0.001	0.997	0.001	0.001
0.061	0.762	0.001	0.176
>TGATGGGGGAGA	20-TGATGGGGGAGA	9.413422	-35.365073	0	T:83.0(1.45%),B:209.7(0.52%),P:1e-15	Tpos:55.9,Tstd:19.5,Bpos:48.1,Bstd:25.0,StrandBias:1.6,Multiplicity:1.05
0.138	0.081	0.075	0.706
0.061	0.061	0.797	0.081
0.705	0.158	0.056	0.081
0.060	0.001	0.060	0.879
0.060	0.001	0.938	0.001
0.060	0.001	0.899	0.040
0.040	0.020	0.857	0.083
0.090	0.001	0.889	0.020
0.094	0.101	0.804	0.001
0.835	0.001	0.060	0.104
0.081	0.063	0.816	0.040
0.818	0.081	0.040	0.061
>TAATTATCAAGG	21-TAATTATCAAGG	13.702315	-34.829948	0	T:10.0(0.17%),B:0.0(0.00%),P:1e-15	Tpos:59.0,Tstd:24.3,Bpos:0.0,Bstd:0.0,StrandBias:0.6,Multiplicity:1.00
0.001	0.001	0.001	0.997
0.997	0.001	0.001	0.001
0.997	0.001	0.001	0.001
0.125	0.125	0.001	0.749
0.001	0.124	0.001	0.874
0.874	0.124	0.001	0.001
0.124	0.001	0.001	0.874
0.001	0.874	0.124	0.001
0.874	0.124	0.001	0.001
0.997	0.001	0.001	0.001
0.001	0.001	0.997	0.001
0.001	0.001	0.997	0.001
>TTTAAAAATAAA	22-TTTAAAAATAAA	11.249448	-31.838893	0	T:61.0(1.06%),B:135.1(0.33%),P:1e-13	Tpos:45.9,Tstd:27.6,Bpos:46.4,Bstd:27.7,StrandBias:-1.0,Multiplicity:1.02
0.055	0.023	0.160	0.762
0.058	0.241	0.100	0.601
0.001	0.001	0.001	0.997
0.603	0.001	0.033	0.363
0.822	0.001	0.175	0.002
0.966	0.032	0.001	0.001
0.997	0.001	0.001	0.001
0.751	0.033	0.001	0.215
0.001	0.001	0.251	0.747
0.997	0.001	0.001	0.001
0.875	0.001	0.001	0.123
0.997	0.001	0.001	0.001
>TGGTAGGGGGGA	23-TGGTAGGGGGGA	10.085933	-30.459053	0	T:82.0(1.43%),B:226.0(0.56%),P:1e-13	Tpos:47.9,Tstd:22.2,Bpos:47.4,Bstd:25.4,StrandBias:2.0,Multiplicity:1.04
0.143	0.001	0.116	0.740
0.001	0.001	0.997	0.001
0.001	0.001	0.997	0.001
0.110	0.108	0.267	0.515
0.562	0.001	0.217	0.220
0.107	0.001	0.818	0.074
0.071	0.001	0.832	0.096
0.143	0.001	0.855	0.001
0.107	0.001	0.891	0.001
0.001	0.001	0.963	0.035
0.060	0.111	0.828	0.001
0.927	0.036	0.001	0.036
>TTCAGTTGCTGC	24-TTCAGTTGCTGC	9.357579	-28.054930	0	T:66.0(1.15%),B:168.1(0.41%),P:1e-12	Tpos:52.8,Tstd:29.8,Bpos:45.4,Bstd:27.7,StrandBias:1.1,Multiplicity:1.02
0.075	0.185	0.025	0.715
0.076	0.050	0.080	0.794
0.050	0.840	0.109	0.001
0.873	0.051	0.001	0.075
0.050	0.050	0.899	0.001
0.104	0.129	0.076	0.691
0.001	0.001	0.152	0.846
0.001	0.075	0.848	0.076
0.050	0.899	0.001	0.050
0.050	0.050	0.001	0.899
0.001	0.025	0.921	0.053
0.126	0.722	0.101	0.051
>GATGGGATGGGA	25-GATGGGATGGGA	13.487863	-3.359738	0	T:3.0(0.05%),B:5.3(0.01%),P:1e-1	Tpos:37.8,Tstd:16.3,Bpos:39.7,Bstd:13.1,StrandBias:3.7,Multiplicity:1.00
0.001	0.001	0.997	0.001
0.949	0.001	0.049	0.001
0.001	0.001	0.001	0.997
0.001	0.001	0.997	0.001
0.001	0.049	0.949	0.001
0.001	0.001	0.997	0.001
0.997	0.001	0.001	0.001
0.001	0.001	0.001	0.997
0.001	0.001	0.997	0.001
0.001	0.001	0.997	0.001
0.001	0.001	0.997	0.001
0.949	0.049	0.001	0.001
>CCGGAA	1-CCGGAA	8.077501	-141.032162	0	T:359.0(6.26%),B:933.7(2.30%),P:1e-61	Tpos:44.4,Tstd:23.6,Bpos:50.2,Bstd:36.0,StrandBias:-0.2,Multiplicity:1.19
0.001	0.854	0.144	0.001
0.001	0.997	0.001	0.001
0.001	0.001	0.997	0.001
0.001	0.001	0.997	0.001
0.932	0.001	0.001	0.066
0.997	0.001	0.001	0.001
>AAGAGG	2-AAGAGG	4.034868	-93.511833	0	T:3459.0(60.32%),B:20943.2(51.50%),P:1e-40	Tpos:51.1,Tstd:26.4,Bpos:49.9,Bstd:31.9,StrandBias:0.8,Multiplicity:1.67
0.965	0.001	0.001	0.033
0.831	0.001	0.134	0.034
0.110	0.078	0.811	0.001
0.787	0.041	0.171	0.001
0.091	0.001	0.772	0.136
0.001	0.001	0.997	0.001
>AGCRGT	3-AGCRGT	0.713911	-80.545651	0	T:2638.0(46.01%),B:15433.5(37.95%),P:1e-34	Tpos:51.4,Tstd:27.7,Bpos:49.8,Bstd:31.0,StrandBias:0.4,Multiplicity:1.32
0.640	0.001	0.358	0.001
0.004	0.204	0.786	0.006
0.001	0.997	0.001	0.001
0.451	0.001	0.547	0.001
0.001	0.001	0.997	0.001
0.001	0.001	0.001	0.997
>CGVWGA	4-CGVWGA	3.909020	-77.046953	0	T:2507.0(43.72%),B:14608.3(35.92%),P:1e-33	Tpos:51.4,Tstd:27.8,Bpos:50.6,Bstd:33.2,StrandBias:0.3,Multiplicity:1.27
0.022	0.571	0.112	0.295
0.116	0.001	0.845	0.038
0.357	0.311	0.252	0.080
0.418	0.153	0.001	0.428
0.397	0.001	0.585	0.017
0.642	0.147	0.134	0.077
>TTCGGC	5-TTCGGC	5.410571	-70.423451	0	T:947.0(16.52%),B:4624.6(11.37%),P:1e-30	Tpos:48.0,Tstd:28.8,Bpos:50.1,Bstd:32.6,StrandBias:0.0,Multiplicity:1.10
0.344	0.001	0.001	0.654
0.322	0.001	0.001	0.676
0.001	0.641	0.001	0.357
0.001	0.336	0.662	0.001
0.001	0.001	0.997	0.001
0.001	0.997	0.001	0.001
>CCCCCA	6-CCCCCA	5.419526	-69.885451	0	T:2108.0(36.76%),B:12060.3(29.66%),P:1e-30	Tpos:51.1,Tstd:25.7,Bpos:50.2,Bstd:30.0,StrandBias:-1.1,Multiplicity:1.21
0.001	0.997	0.001	0.001
0.001	0.997	0.001	0.001
0.001	0.551	0.183	0.265
0.232	0.766	0.001	0.001
0.039	0.686	0.001	0.274
0.997	0.001	0.001	0.001
>GTRACG	7-GTRACG	5.469562	-69.443868	0	T:413.0(7.20%),B:1594.0(3.92%),P:1e-30	Tpos:41.8,Tstd:25.6,Bpos:50.0,Bstd:35.3,StrandBias:0.5,Multiplicity:1.13
0.237	0.169	0.508	0.086
0.001	0.060	0.057	0.882
0.379	0.217	0.399	0.006
0.739	0.151	0.085	0.025
0.001	0.997	0.001	0.001
0.001	0.001	0.943	0.055
>GCYGYT	8-GCYGYT	5.326077	-35.528320	0	T:1776.0(30.97%),B:10654.9(26.20%),P:1e-15	Tpos:52.8,Tstd:28.2,Bpos:50.0,Bstd:33.3,StrandBias:-0.2,Multiplicity:1.33
0.001	0.001	0.997	0.001
0.018	0.746	0.026	0.210
0.001	0.442	0.001	0.556
0.001	0.001	0.997	0.001
0.055	0.417	0.174	0.355
0.001	0.343	0.009	0.647
>TGCGCA	9-TGCGCA	6.177716	-34.631678	0	T:124.0(2.16%),B:392.7(0.97%),P:1e-15	Tpos:42.6,Tstd:24.0,Bpos:53.0,Bstd:34.1,StrandBias:0.0,Multiplicity:1.05
0.100	0.100	0.100	0.700
0.100	0.100	0.700	0.100
0.100	0.700	0.100	0.100
0.100	0.100	0.700	0.100
0.100	0.700	0.100	0.100
0.700	0.100	0.100	0.100
>CCGGAAGT	1-CCGGAAGT	9.211423	-182.455601	0	T:196.0(3.42%),B:248.3(0.61%),P:1e-79	Tpos:42.1,Tstd:21.8,Bpos:50.2,Bstd:36.5,StrandBias:-0.2,Multiplicity:1.11
0.001	0.997	0.001	0.001
0.001	0.997	0.001	0.001
0.001	0.001	0.997	0.001
0.001	0.001	0.997	0.001
0.997	0.001	0.001	0.001
0.997	0.001	0.001	0.001
0.001	0.001	0.997	0.001
0.156	0.205	0.001	0.638
>TGGAGGAG	2-TGGAGGAG	4.586420	-117.493579	0	T:3106.0(54.17%),B:17982.3(44.22%),P:1e-51	Tpos:50.7,Tstd:25.0,Bpos:49.8,Bstd:31.6,StrandBias:1.1,Multiplicity:1.48
0.231	0.127	0.087	0.555
0.150	0.006	0.843	0.001
0.107	0.001	0.822	0.070
0.722	0.071	0.116	0.091
0.126	0.001	0.811	0.062
0.172	0.056	0.711	0.061
0.750	0.026	0.181	0.043
0.136	0.029	0.809	0.026
>TTTCCGGT	3-TTTCCGGT	5.399491	-116.836508	0	T:580.0(10.12%),B:2101.5(5.17%),P:1e-50	Tpos:50.9,Tstd:27.8,Bpos:49.3,Bstd:33.4,StrandBias:0.1,Multiplicity:1.04
0.166	0.122	0.150	0.562
0.210	0.163	0.149	0.478
0.001	0.001	0.182	0.816
0.001	0.819	0.111	0.069
0.147	0.851	0.001	0.001
0.001	0.033	0.898	0.068
0.163	0.054	0.587	0.196
0.074	0.362	0.001	0.563
>CGGTAACG	4-CGGTAACG	4.277924	-105.787965	0	T:1064.0(18.56%),B:4878.9(12.00%),P:1e-45	Tpos:49.0,Tstd:26.7,Bpos:50.6,Bstd:35.2,StrandBias:0.2,Multiplicity:1.20
0.016	0.803	0.050	0.131
0.139	0.139	0.685	0.037
0.155	0.094	0.750	0.001
0.164	0.118	0.055	0.663
0.798	0.042	0.105	0.055
0.779	0.001	0.207	0.013
0.158	0.706	0.005	0.131
0.047	0.037	0.815	0.101
>GGGGSGGK	5-GGGGSGGK	6.072813	-96.864554	0	T:1198.0(20.89%),B:5784.7(14.22%),P:1e-42	Tpos:41.4,Tstd:24.1,Bpos:49.4,Bstd:33.8,StrandBias:0.9,Multiplicity:1.22
0.001	0.001	0.758	0.240
0.035	0.001	0.963	0.001
0.165	0.001	0.833	0.001
0.001	0.087	0.788	0.124
0.110	0.278	0.422	0.190
0.014	0.049	0.623	0.314
0.030	0.001	0.732	0.237
0.209	0.001	0.440	0.351
>AAARGSSG	6-AAARGSSG	4.489317	-94.788516	0	T:1198.0(20.89%),B:5811.2(14.29%),P:1e-41	Tpos:48.3,Tstd:25.7,Bpos:50.3,Bstd:31.7,StrandBias:0.6,Multiplicity:1.11
0.518	0.068	0.102	0.312
0.666	0.120	0.213	0.001
0.477	0.052	0.222	0.248
0.282	0.183	0.387	0.148
0.099	0.048	0.781	0.072
0.008	0.464	0.478	0.051
0.023	0.421	0.403	0.153
0.055	0.309	0.613	0.023
>GCCATCTT	7-GCCATCTT	8.236954	-69.916688	0	T:101.0(1.76%),B:174.3(0.43%),P:1e-30	Tpos:69.6,Tstd:21.4,Bpos:50.4,Bstd:27.8,StrandBias:-1.6,Multiplicity:1.02
0.100	0.100	0.700	0.100
0.100	0.700	0.100	0.100
0.100	0.700	0.100	0.100
0.700	0.100	0.100	0.100
0.100	0.100	0.100	0.700
0.100	0.700	0.100	0.100
0.100	0.100	0.100	0.700
0.100	0.100	0.100	0.700
>TGATGWWG	8-TGATGWWG	5.410387	-69.836739	0	T:1662.0(28.99%),B:9121.8(22.43%),P:1e-30	Tpos:51.9,Tstd:28.4,Bpos:50.2,Bstd:30.3,StrandBias:0.7,Multiplicity:1.16
0.383	0.001	0.001	0.615
0.001	0.001	0.997	0.001
0.477	0.216	0.148	0.160
0.249	0.001	0.001	0.749
0.065	0.001	0.933	0.001
0.464	0.220	0.001	0.315
0.294	0.244	0.037	0.425
0.136	0.001	0.862	0.001
>TTTCCCCC	9-TTTCCCCC	6.843484	-69.357175	0	T:440.0(7.67%),B:1737.3(4.27%),P:1e-30	Tpos:48.8,Tstd:23.6,Bpos:50.8,Bstd:33.0,StrandBias:-1.2,Multiplicity:1.01
0.164	0.028	0.001	0.807
0.022	0.034	0.001	0.943
0.015	0.090	0.100	0.795
0.001	0.843	0.058	0.098
0.001	0.997	0.001	0.001
0.044	0.954	0.001	0.001
0.001	0.904	0.001	0.094
0.001	0.905	0.044	0.050
>CTGCCGAT	10-CTGCCGAT	6.832432	-61.039905	0	T:225.0(3.92%),B:714.5(1.76%),P:1e-26	Tpos:49.2,Tstd:28.1,Bpos:51.7,Bstd:29.4,StrandBias:-0.7,Multiplicity:1.02
0.001	0.939	0.007	0.053
0.001	0.041	0.001	0.957
0.078	0.059	0.828	0.035
0.001	0.905	0.001	0.093
0.177	0.629	0.001	0.193
0.094	0.001	0.904	0.001
0.997	0.001	0.001	0.001
0.121	0.001	0.001	0.877
>TATSCGCT	11-TATSCGCT	6.673631	-58.973110	0	T:136.0(2.37%),B:334.7(0.82%),P:1e-25	Tpos:54.0,Tstd:29.4,Bpos:56.4,Bstd:36.0,StrandBias:-1.6,Multiplicity:1.00
0.001	0.357	0.066	0.576
0.623	0.001	0.153	0.223
0.346	0.001	0.004	0.649
0.001	0.431	0.534	0.034
0.001	0.906	0.092	0.001
0.102	0.001	0.896	0.001
0.001	0.997	0.001	0.001
0.225	0.185	0.132	0.459
>GCCAATCG	12-GCCAATCG	6.756377	-57.942918	0	T:157.0(2.74%),B:425.3(1.05%),P:1e-25	Tpos:39.5,Tstd:28.3,Bpos:52.4,Bstd:32.8,StrandBias:-0.4,Multiplicity:1.01
0.114	0.081	0.773	0.032
0.001	0.962	0.001	0.036
0.001	0.966	0.018	0.015
0.957	0.001	0.023	0.019
0.917	0.001	0.019	0.063
0.005	0.096	0.001	0.898
0.032	0.880	0.087	0.001
0.174	0.101	0.724	0.001
>TGKCGKCG	13-TGKCGKCG	6.196567	-57.382590	0	T:709.0(12.36%),B:3382.8(8.32%),P:1e-24	Tpos:54.3,Tstd:28.8,Bpos:50.2,Bstd:33.2,StrandBias:0.6,Multiplicity:1.06
0.155	0.001	0.001	0.843
0.001	0.001	0.997	0.001
0.001	0.001	0.502	0.496
0.001	0.997	0.001	0.001
0.306	0.001	0.692	0.001
0.001	0.001	0.548	0.450
0.001	0.542	0.088	0.369
0.210	0.001	0.574	0.215
>CGCATGCG	14-CGCATGCG	7.439701	-54.048260	0	T:173.0(3.02%),B:513.4(1.26%),P:1e-23	Tpos:36.8,Tstd:21.8,Bpos:52.8,Bstd:39.2,StrandBias:-0.0,Multiplicity:1.10
0.089	0.909	0.001	0.001
0.124	0.001	0.874	0.001
0.001	0.997	0.001	0.001
0.965	0.001	0.001	0.033
0.001	0.143	0.216	0.640
0.014	0.001	0.951	0.034
0.056	0.942	0.001	0.001
0.001	0.001	0.997	0.001
>TGACCGTT	15-TGACCGTT	4.996894	-39.923106	0	T:514.0(8.96%),B:2469.5(6.07%),P:1e-17	Tpos:50.6,Tstd:29.1,Bpos:48.9,Bstd:31.0,StrandBias:0.0,Multiplicity:1.05
0.035	0.118	0.053	0.794
0.051	0.100	0.779	0.070
0.702	0.079	0.160	0.059
0.103	0.804	0.057	0.036
0.068	0.769	0.066	0.097
0.050	0.085	0.762	0.103
0.155	0.124	0.104	0.617
0.088	0.089	0.044	0.779
>ACTGATCG	16-ACTGATCG	6.478603	-36.730147	0	T:193.0(3.37%),B:715.4(1.76%),P:1e-15	Tpos:52.1,Tstd:26.7,Bpos:47.6,Bstd:31.1,StrandBias:-0.3,Multiplicity:1.01
0.864	0.072	0.026	0.038
0.028	0.934	0.001	0.037
0.023	0.001	0.001	0.975
0.001	0.245	0.675	0.079
0.827	0.093	0.021	0.059
0.040	0.001	0.046	0.913
0.030	0.935	0.001	0.034
0.033	0.073	0.893	0.001
>YCGCGAGW	17-YCGCGAGW	5.922396	-31.946075	0	T:201.0(3.51%),B:795.9(1.96%),P:1e-13	Tpos:53.4,Tstd:27.0,Bpos:50.1,Bstd:38.2,StrandBias:-0.1,Multiplicity:1.03
0.018	0.426	0.123	0.433
0.060	0.553	0.364	0.023
0.041	0.103	0.766	0.090
0.268	0.623	0.087	0.022
0.065	0.052	0.638	0.245
0.795	0.087	0.033	0.085
0.040	0.389	0.570	0.001
0.449	0.022	0.051	0.479
>CTGATSAR	18-CTGATSAR	3.319026	-31.345911	0	T:419.0(7.31%),B:2030.8(4.99%),P:1e-13	Tpos:49.9,Tstd:28.1,Bpos:51.3,Bstd:29.0,StrandBias:-0.0,Multiplicity:1.04
0.001	0.997	0.001	0.001
0.001	0.001	0.001	0.997
0.011	0.001	0.987	0.001
0.997	0.001	0.001	0.001
0.010	0.167	0.001	0.822
0.001	0.526	0.472	0.001
0.997	0.001	0.001	0.001
0.433	0.001	0.565	0.001
>TCGATCCG	19-TCGATCCG	6.176880	-31.239207	0	T:161.0(2.81%),B:594.5(1.46%),P:1e-13	Tpos:50.1,Tstd:27.0,Bpos:50.3,Bstd:33.4,StrandBias:0.2,Multiplicity:1.04
0.180	0.001	0.001	0.818
0.086	0.742	0.171	0.001
0.009	0.001	0.989	0.001
0.720	0.001	0.001	0.278
0.354	0.001	0.001	0.644
0.001	0.914	0.001	0.084
0.001	0.491	0.175	0.333
0.337	0.001	0.661	0.001
>AAACCGGT	20-AAACCGGT	5.466085	-27.708487	0	T:226.0(3.94%),B:970.8(2.39%),P:1e-12	Tpos:49.5,Tstd:27.9,Bpos:48.4,Bstd:31.5,StrandBias:0.3,Multiplicity:1.00
0.659	0.127	0.093	0.121
0.732	0.096	0.120	0.052
0.828	0.047	0.054	0.071
0.090	0.740	0.080	0.090
0.086	0.787	0.064	0.063
0.076	0.154	0.694	0.076
0.094	0.075	0.776	0.055
0.083	0.084	0.041	0.792
>GTAAGGGT	21-GTAAGGGT	6.411019	-26.427452	0	T:239.0(4.17%),B:1056.1(2.60%),P:1e-11	Tpos:51.3,Tstd:26.4,Bpos:50.8,Bstd:28.7,StrandBias:0.7,Multiplicity:1.02
0.001	0.035	0.929	0.035
0.051	0.001	0.001	0.947
0.932	0.024	0.043	0.001
0.797	0.139	0.036	0.028
0.126	0.041	0.770	0.063
0.067	0.016	0.916	0.001
0.068	0.202	0.708	0.022
0.001	0.001	0.001	0.997
>TTTAGGCG	22-TTTAGGCG	6.709497	-23.957188	0	T:113.0(1.97%),B:406.1(1.00%),P:1e-10	Tpos:47.3,Tstd:25.0,Bpos:48.2,Bstd:28.3,StrandBias:1.1,Multiplicity:1.00
0.015	0.001	0.063	0.921
0.001	0.014	0.001	0.984
0.001	0.033	0.023	0.943
0.781	0.109	0.001	0.109
0.019	0.039	0.941	0.001
0.001	0.001	0.997	0.001
0.001	0.722	0.122	0.155
0.095	0.001	0.791	0.113
>CACGTGAC	23-CACGTGAC	8.298297	-22.273270	0	T:63.0(1.10%),B:180.2(0.44%),P:1e-9	Tpos:36.0,Tstd:23.6,Bpos:47.5,Bstd:31.3,StrandBias:-0.0,Multiplicity:1.00
0.001	0.997	0.001	0.001
0.919	0.079	0.001	0.001
0.001	0.997	0.001	0.001
0.001	0.001	0.997	0.001
0.001	0.001	0.001	0.997
0.001	0.001	0.997	0.001
0.997	0.001	0.001	0.001
0.001	0.790	0.208	0.001
>TATCTGCG	24-TATCTGCG	6.967175	-21.253594	0	T:112.0(1.95%),B:421.9(1.04%),P:1e-9	Tpos:49.9,Tstd:27.5,Bpos:50.6,Bstd:36.1,StrandBias:-0.6,Multiplicity:1.00
0.144	0.052	0.026	0.778
0.906	0.071	0.001	0.022
0.001	0.043	0.070	0.886
0.065	0.933	0.001	0.001
0.048	0.001	0.001	0.950
0.055	0.204	0.707	0.034
0.001	0.956	0.001	0.042
0.073	0.026	0.900	0.001
>CTATCCSC	25-CTATCCSC	6.687349	-19.322325	0	T:114.0(1.99%),B:447.3(1.10%),P:1e-8	Tpos:48.1,Tstd:23.8,Bpos:50.9,Bstd:32.7,StrandBias:-0.8,Multiplicity:1.02
0.001	0.680	0.165	0.154
0.420	0.001	0.001	0.578
0.847	0.001	0.005	0.147
0.001	0.211	0.246	0.542
0.115	0.503	0.117	0.265
0.001	0.997	0.001	0.001
0.001	0.438	0.560	0.001
0.001	0.631	0.001	0.367
