>GCCGGAAGYG	1-GCCGGAAGYG	4.949934	-164.518799	0	T:340.0(5.93%),B:774.3(1.90%),P:1e-71	Tpos:45.5,Tstd:22.0,Bpos:51.0,Bstd:36.5,StrandBias:0.3,Multiplicity:1.20
0.246	0.142	0.470	0.143
0.137	0.635	0.227	0.001
0.001	0.997	0.001	0.001
0.001	0.001	0.997	0.001
0.001	0.001	0.997	0.001
0.997	0.001	0.001	0.001
0.997	0.001	0.001	0.001
0.014	0.007	0.978	0.001
0.074	0.422	0.001	0.503
0.175	0.228	0.442	0.155
>GAAGAAGAWG	2-GAAGAAGAWG	5.400003	-120.023083	0	T:1918.0(33.45%),B:9984.3(24.47%),P:1e-52	Tpos:53.9,Tstd:25.8,Bpos:49.5,Bstd:31.7,StrandBias:1.4,Multiplicity:1.21
0.001	0.152	0.846	0.001
0.573	0.090	0.274	0.063
0.511	0.037	0.237	0.215
0.026	0.072	0.901	0.001
0.717	0.048	0.160	0.075
0.504	0.068	0.212	0.216
0.076	0.008	0.915	0.001
0.678	0.102	0.179	0.041
0.380	0.064	0.183	0.373
0.033	0.203	0.741	0.023
>TCAGCWGCAG	3-TCAGCWGCAG	4.511766	-99.935237	0	T:2179.0(38.00%),B:12009.3(29.43%),P:1e-43	Tpos:52.5,Tstd:27.0,Bpos:50.1,Bstd:30.4,StrandBias:0.2,Multiplicity:1.22
0.040	0.114	0.312	0.534
0.049	0.761	0.092	0.098
0.647	0.056	0.043	0.254
0.182	0.020	0.639	0.159
0.007	0.888	0.032	0.073
0.433	0.067	0.095	0.406
0.066	0.006	0.771	0.157
0.080	0.547	0.251	0.122
0.629	0.098	0.179	0.094
0.058	0.012	0.771	0.159
>TTAGGGGGAA	4-TTAGGGGGAA	4.648688	-93.224982	0	T:1499.0(26.14%),B:7715.1(18.91%),P:1e-40	Tpos:52.5,Tstd:23.9,Bpos:49.7,Bstd:28.9,StrandBias:1.0,Multiplicity:1.10
0.100	0.128	0.090	0.682
0.097	0.115	0.109	0.679
0.661	0.095	0.121	0.123
0.112	0.078	0.714	0.096
0.106	0.062	0.733	0.099
0.105	0.079	0.720	0.096
0.094	0.067	0.731	0.108
0.103	0.100	0.697	0.100
0.685	0.108	0.106	0.101
0.699	0.099	0.098	0.104
>CGCCGCCATT	5-CGCCGCCATT	5.571912	-91.822519	0	T:514.0(8.96%),B:1951.3(4.78%),P:1e-39	Tpos:57.6,Tstd:26.4,Bpos:50.5,Bstd:34.6,StrandBias:-0.5,Multiplicity:1.11
0.091	0.745	0.101	0.063
0.084	0.001	0.828	0.087
0.055	0.760	0.120	0.065
0.121	0.754	0.060	0.065
0.045	0.039	0.853	0.063
0.045	0.832	0.071	0.052
0.001	0.900	0.067	0.032
0.847	0.001	0.087	0.065
0.093	0.101	0.070	0.736
0.065	0.085	0.104	0.746
>TGCGCATGCG	6-TGCGCATGCG	7.172689	-89.123693	0	T:143.0(2.49%),B:269.7(0.66%),P:1e-38	Tpos:37.9,Tstd:19.3,Bpos:51.8,Bstd:37.6,StrandBias:-0.2,Multiplicity:1.13
0.113	0.284	0.128	0.474
0.180	0.112	0.598	0.110
0.222	0.634	0.100	0.044
0.117	0.044	0.734	0.105
0.096	0.736	0.113	0.055
0.522	0.235	0.132	0.111
0.180	0.079	0.190	0.551
0.092	0.133	0.654	0.121
0.082	0.741	0.081	0.096
0.075	0.053	0.709	0.163
>CCCCCCCCTT	7-CCCCCCCCTT	5.092503	-88.661992	0	T:1396.0(24.35%),B:7137.9(17.49%),P:1e-38	Tpos:42.9,Tstd:22.6,Bpos:49.5,Bstd:30.9,StrandBias:-1.0,Multiplicity:1.29
0.077	0.739	0.071	0.113
0.084	0.735	0.085	0.096
0.103	0.664	0.134	0.099
0.089	0.729	0.089	0.093
0.098	0.728	0.088	0.086
0.117	0.688	0.086	0.109
0.096	0.694	0.081	0.129
0.105	0.715	0.065	0.115
0.128	0.152	0.074	0.646
0.113	0.138	0.086	0.663
>GGTGACGTCA	8-GGTGACGTCA	6.704839	-65.290680	0	T:253.0(4.41%),B:824.6(2.02%),P:1e-28	Tpos:45.3,Tstd:26.5,Bpos:49.1,Bstd:31.0,StrandBias:0.3,Multiplicity:1.03
0.107	0.048	0.783	0.062
0.077	0.091	0.800	0.032
0.058	0.104	0.047	0.791
0.111	0.086	0.775	0.028
0.846	0.057	0.064	0.033
0.086	0.707	0.102	0.105
0.053	0.039	0.830	0.078
0.046	0.061	0.028	0.865
0.067	0.804	0.088	0.041
0.801	0.052	0.106	0.041
>TATCAGCAGT	9-TATCAGCAGT	10.898382	-53.474629	0	T:31.0(0.54%),B:18.0(0.04%),P:1e-23	Tpos:65.5,Tstd:14.3,Bpos:50.6,Bstd:22.8,StrandBias:3.2,Multiplicity:1.00
0.001	0.087	0.001	0.911
0.997	0.001	0.001	0.001
0.001	0.001	0.001	0.997
0.001	0.997	0.001	0.001
0.997	0.001	0.001	0.001
0.058	0.001	0.940	0.001
0.001	0.997	0.001	0.001
0.997	0.001	0.001	0.001
0.001	0.001	0.997	0.001
0.001	0.001	0.001	0.997
>GTACCGCCTT	10-GTACCGCCTT	7.292019	-46.694113	0	T:167.0(2.91%),B:526.5(1.29%),P:1e-20	Tpos:48.9,Tstd:27.8,Bpos:54.0,Bstd:31.3,StrandBias:-0.4,Multiplicity:1.00
0.136	0.040	0.715	0.109
0.020	0.001	0.113	0.866
0.645	0.177	0.034	0.144
0.001	0.865	0.001	0.133
0.139	0.718	0.058	0.085
0.034	0.001	0.767	0.198
0.001	0.965	0.033	0.001
0.001	0.997	0.001	0.001
0.001	0.228	0.001	0.770
0.137	0.234	0.062	0.567
>CCAATTGGNW	11-CCAATTGGNW	6.863564	-41.220223	0	T:192.0(3.35%),B:680.3(1.67%),P:1e-17	Tpos:47.6,Tstd:28.3,Bpos:47.6,Bstd:26.8,StrandBias:-0.3,Multiplicity:1.01
0.035	0.883	0.073	0.009
0.021	0.934	0.001	0.044
0.646	0.228	0.026	0.100
0.770	0.057	0.078	0.095
0.062	0.088	0.033	0.817
0.080	0.001	0.141	0.778
0.018	0.001	0.907	0.074
0.057	0.056	0.886	0.001
0.250	0.344	0.198	0.208
0.400	0.242	0.001	0.357
>GCGGAGATAT	12-GCGGAGATAT	4.986503	-40.377866	0	T:504.0(8.79%),B:2412.4(5.91%),P:1e-17	Tpos:52.4,Tstd:26.8,Bpos:50.2,Bstd:29.8,StrandBias:0.8,Multiplicity:1.03
0.085	0.097	0.722	0.096
0.115	0.656	0.110	0.119
0.112	0.074	0.697	0.117
0.076	0.100	0.760	0.064
0.748	0.077	0.094	0.081
0.088	0.085	0.746	0.081
0.671	0.108	0.107	0.114
0.118	0.103	0.118	0.661
0.659	0.111	0.121	0.109
0.098	0.114	0.106	0.682
>AGCGGATTGG	13-AGCGGATTGG	6.615529	-39.484867	0	T:286.0(4.99%),B:1184.6(2.90%),P:1e-17	Tpos:49.7,Tstd:27.1,Bpos:49.9,Bstd:31.4,StrandBias:1.0,Multiplicity:1.07
0.808	0.063	0.063	0.066
0.044	0.073	0.825	0.058
0.073	0.735	0.102	0.090
0.055	0.075	0.784	0.086
0.017	0.036	0.886	0.061
0.759	0.074	0.095	0.072
0.073	0.070	0.100	0.757
0.080	0.070	0.052	0.798
0.051	0.046	0.846	0.057
0.073	0.075	0.806	0.046
>TTAAAAACAA	14-TTAAAAACAA	8.812902	-35.722700	0	T:250.0(4.36%),B:1025.3(2.51%),P:1e-15	Tpos:54.3,Tstd:29.9,Bpos:50.3,Bstd:31.5,StrandBias:-1.4,Multiplicity:1.03
0.052	0.024	0.001	0.923
0.134	0.001	0.016	0.849
0.879	0.001	0.020	0.100
0.953	0.045	0.001	0.001
0.974	0.001	0.018	0.007
0.890	0.089	0.020	0.001
0.954	0.001	0.001	0.044
0.159	0.698	0.104	0.039
0.997	0.001	0.001	0.001
0.918	0.001	0.054	0.027
>TCTTACCGGA	15-TCTTACCGGA	7.673272	-33.367233	0	T:85.0(1.48%),B:226.7(0.56%),P:1e-14	Tpos:44.8,Tstd:26.3,Bpos:51.7,Bstd:31.6,StrandBias:0.5,Multiplicity:1.00
0.050	0.022	0.113	0.815
0.001	0.934	0.001	0.064
0.096	0.086	0.043	0.775
0.043	0.063	0.127	0.767
0.692	0.144	0.038	0.126
0.097	0.762	0.070	0.071
0.215	0.700	0.001	0.084
0.057	0.100	0.795	0.048
0.031	0.059	0.858	0.052
0.784	0.073	0.039	0.104
>TMGGYGRAGT	16-TMGGYGRAGT	8.550214	-30.534484	0	T:21.0(0.37%),B:16.6(0.04%),P:1e-13	Tpos:46.6,Tstd:25.7,Bpos:51.4,Bstd:23.4,StrandBias:0.7,Multiplicity:1.00
0.149	0.011	0.025	0.815
0.302	0.424	0.161	0.113
0.237	0.114	0.550	0.099
0.017	0.169	0.725	0.089
0.029	0.408	0.090	0.473
0.011	0.138	0.840	0.011
0.302	0.133	0.451	0.113
0.977	0.001	0.001	0.021
0.029	0.033	0.937	0.001
0.297	0.196	0.001	0.506
>ACTGCGTCGT	17-ACTGCGTCGT	6.754640	-29.630419	0	T:145.0(2.53%),B:527.3(1.29%),P:1e-12	Tpos:49.7,Tstd:27.6,Bpos:47.7,Bstd:33.0,StrandBias:0.1,Multiplicity:1.03
0.786	0.072	0.068	0.074
0.036	0.858	0.036	0.070
0.065	0.085	0.034	0.816
0.027	0.036	0.887	0.050
0.094	0.786	0.062	0.058
0.105	0.062	0.753	0.080
0.041	0.123	0.068	0.768
0.088	0.758	0.106	0.048
0.066	0.067	0.760	0.107
0.034	0.074	0.059	0.833
>GCTCTATGGT	18-GCTCTATGGT	9.633338	-24.599007	0	T:26.0(0.45%),B:35.7(0.09%),P:1e-10	Tpos:42.8,Tstd:26.5,Bpos:44.5,Bstd:25.6,StrandBias:0.4,Multiplicity:1.00
0.001	0.045	0.953	0.001
0.001	0.997	0.001	0.001
0.031	0.001	0.001	0.967
0.046	0.802	0.046	0.106
0.001	0.020	0.045	0.934
0.934	0.064	0.001	0.001
0.105	0.031	0.001	0.863
0.001	0.001	0.997	0.001
0.046	0.024	0.898	0.032
0.032	0.106	0.046	0.816
>GTGACTGTTT	19-GTGACTGTTT	11.715638	-24.482670	0	T:9.0(0.16%),B:2.8(0.01%),P:1e-10	Tpos:56.3,Tstd:25.2,Bpos:25.9,Bstd:16.0,StrandBias:-0.4,Multiplicity:1.00
0.001	0.001	0.997	0.001
0.001	0.001	0.001	0.997
0.001	0.001	0.997	0.001
0.997	0.001	0.001	0.001
0.001	0.997	0.001	0.001
0.001	0.001	0.001	0.997
0.001	0.001	0.997	0.001
0.001	0.001	0.001	0.997
0.001	0.120	0.001	0.878
0.001	0.001	0.001	0.997
>CHTRTTCYAN	20-CHTRTTCYAN	6.288726	-23.106673	0	T:392.0(6.84%),B:2003.5(4.91%),P:1e-10	Tpos:50.8,Tstd:26.7,Bpos:50.1,Bstd:27.7,StrandBias:-0.4,Multiplicity:1.07
0.001	0.997	0.001	0.001
0.298	0.336	0.074	0.292
0.001	0.349	0.001	0.649
0.519	0.001	0.479	0.001
0.001	0.001	0.001	0.997
0.289	0.226	0.001	0.483
0.250	0.488	0.261	0.001
0.001	0.446	0.212	0.341
0.614	0.001	0.384	0.001
0.227	0.298	0.299	0.177
>TTCAATATAG	21-TTCAATATAG	10.984668	-22.759853	0	T:16.0(0.28%),B:13.8(0.03%),P:1e-9	Tpos:46.8,Tstd:26.6,Bpos:43.2,Bstd:30.1,StrandBias:-0.2,Multiplicity:1.07
0.001	0.001	0.001	0.997
0.001	0.225	0.001	0.773
0.001	0.607	0.001	0.391
0.997	0.001	0.001	0.001
0.997	0.001	0.001	0.001
0.001	0.001	0.001	0.997
0.655	0.097	0.001	0.247
0.284	0.001	0.097	0.618
0.654	0.001	0.344	0.001
0.001	0.001	0.997	0.001
>ACTTTTKGCT	22-ACTTTTKGCT	8.248993	-22.065975	0	T:98.0(1.71%),B:346.7(0.85%),P:1e-9	Tpos:45.3,Tstd:27.8,Bpos:50.4,Bstd:28.8,StrandBias:0.7,Multiplicity:1.00
0.594	0.167	0.238	0.001
0.001	0.872	0.001	0.126
0.001	0.070	0.214	0.715
0.073	0.001	0.001	0.925
0.282	0.001	0.243	0.474
0.001	0.001	0.001	0.997
0.112	0.070	0.441	0.377
0.001	0.001	0.996	0.002
0.001	0.833	0.001	0.165
0.030	0.001	0.001	0.968
>CTGGTTTGTT	23-CTGGTTTGTT	11.513114	-21.011761	0	T:8.0(0.14%),B:2.3(0.01%),P:1e-9	Tpos:50.2,Tstd:23.9,Bpos:63.7,Bstd:20.0,StrandBias:0.7,Multiplicity:1.00
0.001	0.997	0.001	0.001
0.001	0.001	0.001	0.997
0.001	0.001	0.997	0.001
0.001	0.001	0.997	0.001
0.001	0.001	0.001	0.997
0.001	0.001	0.001	0.997
0.001	0.098	0.001	0.900
0.001	0.001	0.997	0.001
0.001	0.001	0.001	0.997
0.001	0.001	0.001	0.997
>ATCTCGCGAG	24-ATCTCGCGAG	9.836910	-15.227023	0	T:14.0(0.24%),B:17.2(0.04%),P:1e-6	Tpos:37.2,Tstd:17.2,Bpos:29.2,Bstd:17.5,StrandBias:-0.7,Multiplicity:1.00
0.525	0.296	0.054	0.125
0.001	0.054	0.054	0.891
0.053	0.945	0.001	0.001
0.054	0.037	0.001	0.908
0.001	0.945	0.001	0.053
0.053	0.001	0.945	0.001
0.001	0.997	0.001	0.001
0.001	0.001	0.997	0.001
0.945	0.001	0.001	0.053
0.001	0.001	0.945	0.053
>GGTTTTAGCT	25-GGTTTTAGCT	13.591279	-14.436803	0	T:6.0(0.10%),B:2.3(0.01%),P:1e-6	Tpos:47.0,Tstd:35.4,Bpos:49.6,Bstd:5.4,StrandBias:2.3,Multiplicity:1.00
0.001	0.001	0.997	0.001
0.001	0.001	0.997	0.001
0.001	0.108	0.108	0.783
0.001	0.001	0.001	0.997
0.001	0.001	0.001	0.997
0.001	0.001	0.001	0.997
0.997	0.001	0.001	0.001
0.001	0.001	0.997	0.001
0.001	0.997	0.001	0.001
0.001	0.001	0.001	0.997
>NMCGGAAGBKGH	1-NMCGGAAGBKGH	7.536105	-162.655323	0	T:316.0(5.51%),B:688.9(1.69%),P:1e-70	Tpos:45.5,Tstd:21.8,Bpos:52.0,Bstd:35.6,StrandBias:0.4,Multiplicity:1.17
0.255	0.231	0.308	0.205
0.332	0.411	0.256	0.001
0.025	0.924	0.001	0.050
0.050	0.001	0.948	0.001
0.001	0.025	0.949	0.025
0.949	0.025	0.025	0.001
0.974	0.001	0.024	0.001
0.001	0.024	0.974	0.001
0.103	0.333	0.231	0.333
0.156	0.180	0.305	0.359
0.257	0.155	0.436	0.153
0.357	0.306	0.104	0.233
>RGAGGAGGAGGA	2-RGAGGAGGAGGA	6.788210	-112.957659	0	T:1312.0(22.88%),B:6290.4(15.42%),P:1e-49	Tpos:50.5,Tstd:24.4,Bpos:49.1,Bstd:30.7,StrandBias:1.4,Multiplicity:1.25
0.302	0.002	0.440	0.256
0.001	0.083	0.915	0.001
0.520	0.104	0.266	0.110
0.333	0.001	0.499	0.167
0.135	0.032	0.832	0.001
0.620	0.001	0.330	0.049
0.266	0.001	0.589	0.144
0.001	0.129	0.869	0.001
0.656	0.185	0.001	0.158
0.321	0.001	0.561	0.117
0.354	0.067	0.577	0.002
0.500	0.209	0.197	0.094
>GCGCATGCGCAA	3-GCGCATGCGCAA	9.282444	-108.506141	0	T:117.0(2.04%),B:150.9(0.37%),P:1e-47	Tpos:38.9,Tstd:18.1,Bpos:51.0,Bstd:36.6,StrandBias:0.2,Multiplicity:1.09
0.047	0.074	0.858	0.021
0.107	0.812	0.052	0.029
0.064	0.087	0.782	0.067
0.031	0.851	0.079	0.039
0.669	0.172	0.095	0.064
0.068	0.081	0.165	0.686
0.018	0.094	0.841	0.047
0.073	0.804	0.055	0.068
0.075	0.068	0.759	0.098
0.029	0.819	0.090	0.062
0.608	0.124	0.205	0.063
0.512	0.148	0.278	0.062
>CTATCAGCAGTT	4-CTATCAGCAGTT	12.429771	-105.353729	0	T:31.0(0.54%),B:3.3(0.01%),P:1e-45	Tpos:67.2,Tstd:10.5,Bpos:65.8,Bstd:13.4,StrandBias:3.9,Multiplicity:1.00
0.001	0.788	0.079	0.132
0.001	0.001	0.001	0.997
0.931	0.034	0.001	0.034
0.001	0.001	0.001	0.997
0.033	0.965	0.001	0.001
0.997	0.001	0.001	0.001
0.033	0.001	0.965	0.001
0.033	0.965	0.001	0.001
0.965	0.001	0.001	0.033
0.001	0.001	0.997	0.001
0.001	0.001	0.131	0.867
0.034	0.034	0.132	0.800
>GGCCGCCATMTT	5-GGCCGCCATMTT	8.232591	-104.895973	0	T:135.0(2.35%),B:208.4(0.51%),P:1e-45	Tpos:69.0,Tstd:20.5,Bpos:49.6,Bstd:34.8,StrandBias:-1.5,Multiplicity:1.03
0.174	0.231	0.533	0.062
0.026	0.001	0.882	0.091
0.027	0.865	0.067	0.041
0.049	0.858	0.040	0.053
0.027	0.013	0.933	0.027
0.013	0.961	0.013	0.013
0.013	0.973	0.013	0.001
0.946	0.013	0.040	0.001
0.001	0.053	0.040	0.906
0.363	0.483	0.087	0.067
0.027	0.067	0.080	0.826
0.013	0.026	0.001	0.960
>GGGGCGGGGCCW	6-GGGGCGGGGCCW	10.802871	-83.279597	0	T:171.0(2.98%),B:388.1(0.95%),P:1e-36	Tpos:30.2,Tstd:18.8,Bpos:52.1,Bstd:35.6,StrandBias:0.0,Multiplicity:1.10
0.024	0.030	0.820	0.126
0.070	0.001	0.906	0.023
0.010	0.024	0.943	0.023
0.001	0.001	0.997	0.001
0.024	0.950	0.001	0.025
0.001	0.046	0.952	0.001
0.016	0.001	0.974	0.009
0.167	0.001	0.778	0.054
0.047	0.001	0.929	0.023
0.003	0.915	0.059	0.023
0.023	0.740	0.191	0.046
0.488	0.001	0.109	0.402
>AGCTGCAGCTGA	7-AGCTGCAGCTGA	4.571791	-65.489469	0	T:2590.0(45.17%),B:15481.2(37.94%),P:1e-28	Tpos:52.7,Tstd:26.5,Bpos:50.4,Bstd:29.6,StrandBias:0.2,Multiplicity:1.33
0.700	0.100	0.100	0.100
0.100	0.100	0.700	0.100
0.100	0.700	0.100	0.100
0.100	0.100	0.100	0.700
0.100	0.100	0.700	0.100
0.100	0.700	0.100	0.100
0.700	0.100	0.100	0.100
0.100	0.100	0.700	0.100
0.100	0.700	0.100	0.100
0.100	0.100	0.100	0.700
0.100	0.100	0.700	0.100
0.700	0.100	0.100	0.100
>CGGTGACGTCAG	8-CGGTGACGTCAG	9.484837	-48.498672	0	T:58.0(1.01%),B:85.3(0.21%),P:1e-21	Tpos:37.8,Tstd:25.2,Bpos:52.3,Bstd:31.5,StrandBias:0.2,Multiplicity:1.00
0.073	0.630	0.184	0.113
0.112	0.112	0.775	0.001
0.072	0.076	0.851	0.001
0.001	0.001	0.072	0.926
0.001	0.072	0.926	0.001
0.925	0.001	0.073	0.001
0.073	0.706	0.074	0.147
0.001	0.037	0.887	0.075
0.109	0.221	0.073	0.597
0.036	0.855	0.073	0.036
0.890	0.001	0.036	0.073
0.001	0.224	0.739	0.036
>GGCGGAACTACH	9-GGCGGAACTACH	11.305501	-43.236693	0	T:14.0(0.24%),B:2.6(0.01%),P:1e-18	Tpos:40.9,Tstd:27.8,Bpos:66.1,Bstd:25.2,StrandBias:0.8,Multiplicity:1.00
0.001	0.094	0.904	0.001
0.001	0.108	0.796	0.095
0.204	0.700	0.001	0.095
0.001	0.001	0.997	0.001
0.001	0.001	0.997	0.001
0.904	0.094	0.001	0.001
0.715	0.095	0.095	0.095
0.094	0.904	0.001	0.001
0.001	0.094	0.001	0.904
0.792	0.001	0.001	0.206
0.001	0.997	0.001	0.001
0.394	0.306	0.001	0.299
>AATGGCGGCGCC	10-AATGGCGGCGCC	9.316009	-41.362651	0	T:76.0(1.33%),B:162.3(0.40%),P:1e-17	Tpos:54.0,Tstd:27.9,Bpos:42.6,Bstd:33.0,StrandBias:-0.3,Multiplicity:1.00
0.837	0.083	0.079	0.001
0.840	0.082	0.039	0.039
0.124	0.040	0.043	0.793
0.079	0.080	0.840	0.001
0.001	0.117	0.842	0.040
0.041	0.841	0.117	0.001
0.039	0.237	0.723	0.001
0.001	0.196	0.802	0.001
0.081	0.801	0.079	0.039
0.001	0.001	0.919	0.079
0.001	0.878	0.120	0.001
0.039	0.805	0.078	0.078
>GCCGGTTTCCGG	11-GCCGGTTTCCGG	10.892456	-40.611442	0	T:19.0(0.33%),B:8.0(0.02%),P:1e-17	Tpos:47.6,Tstd:22.1,Bpos:66.2,Bstd:23.0,StrandBias:1.6,Multiplicity:1.07
0.001	0.067	0.690	0.242
0.121	0.818	0.060	0.001
0.001	0.938	0.001	0.060
0.182	0.007	0.750	0.061
0.001	0.242	0.690	0.067
0.001	0.001	0.242	0.756
0.001	0.001	0.060	0.938
0.001	0.006	0.121	0.872
0.001	0.997	0.001	0.001
0.001	0.938	0.001	0.060
0.060	0.183	0.756	0.001
0.001	0.060	0.938	0.001
>TGGGGTGTGGTT	12-TGGGGTGTGGTT	8.789849	-40.278310	0	T:104.0(1.81%),B:277.4(0.68%),P:1e-17	Tpos:50.5,Tstd:21.8,Bpos:52.4,Bstd:24.4,StrandBias:1.5,Multiplicity:1.04
0.044	0.076	0.215	0.665
0.010	0.001	0.769	0.220
0.150	0.001	0.731	0.118
0.021	0.001	0.957	0.021
0.044	0.162	0.708	0.086
0.151	0.032	0.130	0.687
0.001	0.097	0.767	0.135
0.183	0.001	0.184	0.632
0.107	0.001	0.763	0.129
0.001	0.075	0.746	0.178
0.022	0.022	0.141	0.815
0.011	0.086	0.044	0.859
>TTTTGTGGGGGG	13-TTTTGTGGGGGG	9.384231	-39.818842	0	T:69.0(1.20%),B:141.4(0.35%),P:1e-17	Tpos:50.1,Tstd:18.6,Bpos:41.0,Bstd:25.2,StrandBias:2.4,Multiplicity:1.02
0.063	0.063	0.146	0.728
0.042	0.063	0.105	0.790
0.001	0.062	0.062	0.875
0.042	0.021	0.127	0.810
0.062	0.083	0.649	0.206
0.021	0.042	0.102	0.835
0.001	0.001	0.901	0.097
0.084	0.021	0.833	0.062
0.001	0.001	0.853	0.145
0.042	0.001	0.853	0.104
0.103	0.001	0.895	0.001
0.083	0.001	0.833	0.083
>GTAAAAACAAAA	14-GTAAAAACAAAA	10.304681	-39.732980	0	T:177.0(3.09%),B:616.8(1.51%),P:1e-17	Tpos:56.1,Tstd:29.3,Bpos:50.9,Bstd:31.5,StrandBias:-1.7,Multiplicity:1.03
0.108	0.041	0.634	0.217
0.146	0.060	0.095	0.699
0.825	0.037	0.049	0.089
0.878	0.037	0.054	0.031
0.919	0.040	0.004	0.037
0.915	0.030	0.030	0.025
0.877	0.047	0.046	0.030
0.169	0.716	0.057	0.058
0.926	0.052	0.007	0.015
0.888	0.044	0.045	0.023
0.868	0.062	0.063	0.007
0.861	0.048	0.043	0.048
>TATTGCACGTGG	15-TATTGCACGTGG	11.035269	-39.324909	0	T:13.0(0.23%),B:2.7(0.01%),P:1e-17	Tpos:62.1,Tstd:24.9,Bpos:44.3,Bstd:15.2,StrandBias:0.3,Multiplicity:1.10
0.001	0.112	0.001	0.886
0.724	0.216	0.001	0.059
0.054	0.108	0.054	0.784
0.001	0.167	0.054	0.778
0.108	0.163	0.724	0.005
0.113	0.832	0.054	0.001
0.945	0.001	0.001	0.053
0.054	0.612	0.280	0.054
0.280	0.001	0.611	0.108
0.001	0.004	0.054	0.941
0.001	0.001	0.997	0.001
0.269	0.001	0.729	0.001
>NNSCRWAGTCNN	16-NNSCRWAGTCNN	3.367383	-38.351603	0	T:1492.0(26.02%),B:8713.7(21.36%),P:1e-16	Tpos:51.2,Tstd:25.5,Bpos:50.3,Bstd:31.5,StrandBias:-0.1,Multiplicity:1.16
0.240	0.272	0.273	0.216
0.262	0.236	0.268	0.234
0.138	0.263	0.393	0.206
0.088	0.567	0.246	0.099
0.385	0.082	0.394	0.139
0.341	0.094	0.073	0.491
0.477	0.293	0.082	0.149
0.158	0.130	0.583	0.129
0.231	0.197	0.102	0.470
0.112	0.559	0.199	0.130
0.280	0.232	0.285	0.202
0.230	0.268	0.244	0.258
>GAGCGGGAAATG	17-GAGCGGGAAATG	12.454438	-35.487197	0	T:12.0(0.21%),B:2.1(0.01%),P:1e-15	Tpos:46.6,Tstd:22.8,Bpos:36.0,Bstd:9.6,StrandBias:-0.3,Multiplicity:1.00
0.001	0.001	0.997	0.001
0.789	0.001	0.105	0.105
0.104	0.001	0.894	0.001
0.017	0.649	0.001	0.333
0.210	0.001	0.788	0.001
0.001	0.001	0.997	0.001
0.001	0.001	0.997	0.001
0.894	0.001	0.104	0.001
0.788	0.210	0.001	0.001
0.997	0.001	0.001	0.001
0.001	0.001	0.001	0.997
0.104	0.001	0.894	0.001
>GMGCGGGTGGTT	18-GMGCGGGTGGTT	11.683051	-34.862667	0	T:10.0(0.17%),B:1.3(0.00%),P:1e-15	Tpos:54.5,Tstd:21.3,Bpos:77.0,Bstd:0.0,StrandBias:1.0,Multiplicity:1.20
0.001	0.001	0.997	0.001
0.553	0.445	0.001	0.001
0.001	0.001	0.997	0.001
0.133	0.865	0.001	0.001
0.001	0.148	0.718	0.133
0.001	0.001	0.732	0.266
0.133	0.133	0.733	0.001
0.001	0.014	0.001	0.984
0.001	0.001	0.997	0.001
0.133	0.001	0.865	0.001
0.001	0.001	0.136	0.862
0.281	0.001	0.014	0.704
>TAGGAAGTGGCC	19-TAGGAAGTGGCC	13.293476	-31.729439	0	T:11.0(0.19%),B:3.0(0.01%),P:1e-13	Tpos:55.4,Tstd:28.4,Bpos:39.3,Bstd:11.8,StrandBias:0.8,Multiplicity:1.00
0.091	0.091	0.001	0.817
0.908	0.001	0.090	0.001
0.001	0.001	0.997	0.001
0.001	0.001	0.997	0.001
0.997	0.001	0.001	0.001
0.908	0.090	0.001	0.001
0.001	0.001	0.997	0.001
0.001	0.001	0.001	0.997
0.001	0.001	0.997	0.001
0.001	0.090	0.908	0.001
0.091	0.727	0.091	0.091
0.001	0.817	0.091	0.091
>GCGCCCACGTGR	20-GCGCCCACGTGR	12.673285	-30.750822	0	T:12.0(0.21%),B:3.5(0.01%),P:1e-13	Tpos:43.2,Tstd:23.0,Bpos:42.0,Bstd:9.4,StrandBias:0.3,Multiplicity:1.00
0.001	0.001	0.788	0.210
0.001	0.788	0.210	0.001
0.015	0.105	0.865	0.015
0.001	0.530	0.364	0.105
0.001	0.635	0.003	0.361
0.001	0.997	0.001	0.001
0.789	0.001	0.105	0.105
0.104	0.894	0.001	0.001
0.001	0.014	0.984	0.001
0.001	0.001	0.001	0.997
0.001	0.001	0.997	0.001
0.574	0.001	0.424	0.001
>AGTGACACCAGC	21-AGTGACACCAGC	13.233605	-30.573883	0	T:13.0(0.23%),B:4.7(0.01%),P:1e-13	Tpos:53.3,Tstd:32.0,Bpos:71.1,Bstd:19.9,StrandBias:0.0,Multiplicity:1.00
0.833	0.001	0.083	0.083
0.001	0.001	0.997	0.001
0.001	0.001	0.082	0.916
0.001	0.082	0.916	0.001
0.916	0.001	0.082	0.001
0.001	0.916	0.001	0.082
0.916	0.082	0.001	0.001
0.001	0.997	0.001	0.001
0.001	0.916	0.001	0.082
0.997	0.001	0.001	0.001
0.083	0.001	0.833	0.083
0.082	0.916	0.001	0.001
>ACTGACTATAYC	22-ACTGACTATAYC	9.646237	-22.820059	0	T:12.0(0.21%),B:6.3(0.02%),P:1e-9	Tpos:42.6,Tstd:29.8,Bpos:48.4,Bstd:22.4,StrandBias:-1.0,Multiplicity:1.00
0.969	0.001	0.001	0.029
0.197	0.546	0.242	0.015
0.242	0.001	0.001	0.756
0.001	0.302	0.682	0.015
0.683	0.015	0.015	0.287
0.213	0.408	0.137	0.242
0.001	0.273	0.015	0.711
0.545	0.196	0.001	0.258
0.060	0.001	0.256	0.683
0.633	0.169	0.001	0.197
0.001	0.573	0.001	0.425
0.271	0.532	0.196	0.001
>ACCATCACCACC	23-ACCATCACCACC	9.530554	-22.774655	0	T:54.0(0.94%),B:140.5(0.34%),P:1e-9	Tpos:60.8,Tstd:23.2,Bpos:44.5,Bstd:23.1,StrandBias:-1.2,Multiplicity:1.11
0.855	0.031	0.075	0.039
0.090	0.879	0.001	0.030
0.045	0.879	0.016	0.060
0.820	0.075	0.060	0.045
0.120	0.133	0.070	0.677
0.016	0.878	0.075	0.031
0.839	0.046	0.030	0.085
0.075	0.834	0.030	0.061
0.015	0.940	0.015	0.030
0.778	0.071	0.060	0.091
0.075	0.780	0.060	0.085
0.040	0.845	0.070	0.045
>ATAGAACACWYC	24-ATAGAACACWYC	11.385492	-21.381314	0	T:10.0(0.17%),B:5.0(0.01%),P:1e-9	Tpos:47.2,Tstd:31.6,Bpos:57.6,Bstd:24.2,StrandBias:0.8,Multiplicity:1.22
0.745	0.001	0.174	0.080
0.001	0.001	0.001	0.997
0.997	0.001	0.001	0.001
0.160	0.001	0.592	0.247
0.919	0.001	0.001	0.079
0.997	0.001	0.001	0.001
0.080	0.839	0.080	0.001
0.672	0.247	0.001	0.080
0.001	0.919	0.001	0.079
0.430	0.001	0.248	0.321
0.080	0.352	0.160	0.407
0.001	0.997	0.001	0.001
>GAGGCGGGAGGC	25-GAGGCGGGAGGC	13.663105	-11.608848	0	T:8.0(0.14%),B:7.7(0.02%),P:1e-5	Tpos:36.1,Tstd:13.3,Bpos:52.9,Bstd:26.8,StrandBias:-0.7,Multiplicity:2.00
0.001	0.001	0.997	0.001
0.997	0.001	0.001	0.001
0.001	0.001	0.997	0.001
0.060	0.001	0.879	0.060
0.001	0.938	0.001	0.060
0.001	0.001	0.997	0.001
0.001	0.001	0.997	0.001
0.001	0.001	0.997	0.001
0.997	0.001	0.001	0.001
0.001	0.001	0.997	0.001
0.001	0.001	0.997	0.001
0.001	0.997	0.001	0.001
>GCGGAA	1-GCGGAA	3.959937	-124.303185	0	T:609.0(10.62%),B:2204.7(5.40%),P:1e-53	Tpos:46.8,Tstd:24.2,Bpos:51.0,Bstd:37.6,StrandBias:0.2,Multiplicity:1.29
0.345	0.013	0.641	0.001
0.001	0.997	0.001	0.001
0.001	0.001	0.997	0.001
0.001	0.001	0.997	0.001
0.997	0.001	0.001	0.001
0.997	0.001	0.001	0.001
>GCGGTA	2-GCGGTA	3.537254	-111.644805	0	T:2534.0(44.19%),B:14190.0(34.78%),P:1e-48	Tpos:52.2,Tstd:27.4,Bpos:49.7,Bstd:32.4,StrandBias:0.2,Multiplicity:1.33
0.055	0.172	0.652	0.121
0.100	0.689	0.125	0.086
0.175	0.173	0.518	0.134
0.034	0.263	0.651	0.052
0.082	0.087	0.001	0.830
0.684	0.022	0.036	0.258
>GGAGGA	3-GGAGGA	4.065046	-90.921439	0	T:3030.0(52.84%),B:18004.7(44.13%),P:1e-39	Tpos:51.0,Tstd:25.7,Bpos:49.6,Bstd:31.1,StrandBias:1.1,Multiplicity:1.61
0.162	0.001	0.836	0.001
0.001	0.001	0.961	0.037
0.772	0.001	0.226	0.001
0.001	0.001	0.893	0.105
0.001	0.088	0.910	0.001
0.997	0.001	0.001	0.001
>TCGTCG	4-TCGTCG	3.612083	-89.300174	0	T:1915.0(33.40%),B:10452.1(25.62%),P:1e-38	Tpos:50.1,Tstd:27.7,Bpos:50.5,Bstd:35.7,StrandBias:-0.3,Multiplicity:1.35
0.149	0.133	0.166	0.552
0.055	0.773	0.087	0.085
0.199	0.051	0.604	0.146
0.112	0.066	0.119	0.703
0.057	0.848	0.018	0.077
0.327	0.074	0.523	0.076
>CCCCTT	5-CCCCTT	5.420205	-63.015679	0	T:1883.0(32.84%),B:10741.1(26.33%),P:1e-27	Tpos:47.7,Tstd:26.6,Bpos:49.1,Bstd:32.2,StrandBias:-0.7,Multiplicity:1.16
0.001	0.997	0.001	0.001
0.134	0.645	0.001	0.220
0.001	0.901	0.001	0.097
0.001	0.876	0.001	0.122
0.001	0.109	0.001	0.889
0.001	0.001	0.001	0.997
>GTCADC	6-GTCADC	5.058929	-58.225200	0	T:1267.0(22.10%),B:6823.5(16.72%),P:1e-25	Tpos:51.9,Tstd:28.3,Bpos:50.1,Bstd:29.3,StrandBias:-0.1,Multiplicity:1.07
0.174	0.001	0.824	0.001
0.001	0.080	0.001	0.918
0.001	0.997	0.001	0.001
0.997	0.001	0.001	0.001
0.372	0.001	0.367	0.260
0.067	0.931	0.001	0.001
>ATTGGC	7-ATTGGC	5.525701	-52.236672	0	T:889.0(15.50%),B:4557.9(11.17%),P:1e-22	Tpos:46.8,Tstd:28.6,Bpos:49.5,Bstd:29.3,StrandBias:-0.1,Multiplicity:1.07
0.787	0.001	0.001	0.211
0.001	0.235	0.001	0.763
0.001	0.103	0.001	0.895
0.001	0.001	0.997	0.001
0.001	0.001	0.997	0.001
0.001	0.997	0.001	0.001
>CGCCAW	8-CGCCAW	4.384678	-42.213357	0	T:1166.0(20.33%),B:6491.4(15.91%),P:1e-18	Tpos:53.7,Tstd:26.9,Bpos:50.5,Bstd:31.5,StrandBias:-0.7,Multiplicity:1.08
0.001	0.942	0.056	0.001
0.139	0.146	0.624	0.091
0.044	0.707	0.088	0.161
0.251	0.528	0.112	0.109
0.821	0.001	0.069	0.109
0.488	0.075	0.036	0.401
>GCWGCT	9-GCWGCT	6.163522	-42.132679	0	T:1153.0(20.11%),B:6409.6(15.71%),P:1e-18	Tpos:52.4,Tstd:27.8,Bpos:50.6,Bstd:33.0,StrandBias:-0.1,Multiplicity:1.18
0.001	0.001	0.997	0.001
0.006	0.882	0.001	0.111
0.455	0.180	0.001	0.365
0.001	0.001	0.767	0.231
0.030	0.968	0.001	0.001
0.001	0.011	0.001	0.987
>WKCGAA	10-WKCGAA	4.183737	-35.752780	0	T:382.0(6.66%),B:1762.4(4.32%),P:1e-15	Tpos:46.0,Tstd:27.4,Bpos:50.7,Bstd:35.1,StrandBias:0.1,Multiplicity:1.06
0.432	0.001	0.001	0.566
0.001	0.001	0.501	0.497
0.001	0.997	0.001	0.001
0.001	0.001	0.997	0.001
0.941	0.057	0.001	0.001
0.997	0.001	0.001	0.001
>ATCCGA	11-ATCCGA	5.086481	-22.957511	0	T:420.0(7.32%),B:2176.7(5.33%),P:1e-9	Tpos:52.6,Tstd:26.8,Bpos:48.7,Bstd:34.8,StrandBias:0.1,Multiplicity:1.08
0.572	0.010	0.189	0.229
0.117	0.001	0.001	0.881
0.001	0.997	0.001	0.001
0.029	0.767	0.203	0.001
0.001	0.001	0.932	0.066
0.885	0.001	0.110	0.004
>TACCTG	12-TACCTG	7.574199	-9.564068	0	T:272.0(4.74%),B:1528.9(3.75%),P:1e-4	Tpos:56.6,Tstd:29.6,Bpos:49.6,Bstd:29.8,StrandBias:0.1,Multiplicity:1.03
0.033	0.001	0.001	0.965
0.927	0.001	0.001	0.071
0.001	0.997	0.001	0.001
0.001	0.774	0.105	0.120
0.028	0.001	0.001	0.970
0.001	0.288	0.710	0.001
>CCGGAAGT	1-CCGGAAGT	5.819823	-161.449672	0	T:280.0(4.88%),B:559.7(1.37%),P:1e-70	Tpos:44.5,Tstd:21.7,Bpos:50.8,Bstd:37.2,StrandBias:0.2,Multiplicity:1.23
0.064	0.780	0.155	0.001
0.001	0.997	0.001	0.001
0.001	0.001	0.997	0.001
0.001	0.001	0.997	0.001
0.997	0.001	0.001	0.001
0.997	0.001	0.001	0.001
0.043	0.001	0.955	0.001
0.001	0.215	0.001	0.783
>TGATGATG	2-TGATGATG	4.215422	-135.301523	0	T:2870.0(50.05%),B:16097.9(39.45%),P:1e-58	Tpos:52.3,Tstd:27.3,Bpos:50.0,Bstd:30.6,StrandBias:0.5,Multiplicity:1.36
0.133	0.255	0.068	0.544
0.038	0.024	0.937	0.001
0.541	0.276	0.114	0.069
0.222	0.055	0.054	0.669
0.001	0.001	0.987	0.011
0.471	0.312	0.148	0.069
0.224	0.231	0.050	0.494
0.136	0.182	0.681	0.001
>GGGGGGGG	3-GGGGGGGG	5.106380	-132.316945	0	T:2312.0(40.32%),B:12372.2(30.32%),P:1e-57	Tpos:45.5,Tstd:23.5,Bpos:49.4,Bstd:31.4,StrandBias:1.1,Multiplicity:1.50
0.260	0.001	0.459	0.280
0.001	0.001	0.883	0.115
0.244	0.001	0.754	0.001
0.091	0.018	0.866	0.025
0.001	0.129	0.833	0.037
0.271	0.071	0.601	0.057
0.162	0.001	0.785	0.052
0.293	0.017	0.610	0.080
>CGGAARAR	4-CGGAARAR	5.335457	-109.186730	0	T:545.0(9.50%),B:1983.3(4.86%),P:1e-47	Tpos:51.0,Tstd:26.8,Bpos:49.2,Bstd:35.7,StrandBias:0.4,Multiplicity:1.06
0.001	0.903	0.095	0.001
0.001	0.088	0.910	0.001
0.213	0.058	0.524	0.205
0.881	0.071	0.001	0.047
0.590	0.207	0.057	0.146
0.321	0.189	0.410	0.080
0.531	0.088	0.195	0.186
0.348	0.177	0.474	0.001
>RCCGSCAA	5-RCCGSCAA	3.768741	-100.623286	0	T:2018.0(35.19%),B:10935.0(26.80%),P:1e-43	Tpos:52.4,Tstd:26.9,Bpos:49.6,Bstd:31.0,StrandBias:-0.3,Multiplicity:1.19
0.371	0.152	0.278	0.199
0.133	0.540	0.326	0.001
0.160	0.440	0.290	0.110
0.121	0.007	0.576	0.296
0.077	0.431	0.285	0.208
0.216	0.782	0.001	0.001
0.561	0.034	0.127	0.278
0.481	0.111	0.134	0.273
>TTACGGCG	6-TTACGGCG	4.495297	-79.272233	0	T:903.0(15.75%),B:4260.2(10.44%),P:1e-34	Tpos:53.9,Tstd:27.1,Bpos:51.0,Bstd:37.2,StrandBias:0.4,Multiplicity:1.22
0.163	0.115	0.023	0.699
0.070	0.109	0.150	0.671
0.668	0.139	0.076	0.117
0.054	0.689	0.044	0.213
0.118	0.089	0.719	0.074
0.001	0.128	0.777	0.094
0.019	0.959	0.005	0.017
0.068	0.045	0.822	0.065
>GBHCGVTW	7-GBHCGVTW	4.769570	-67.816521	0	T:547.0(9.54%),B:2340.5(5.74%),P:1e-29	Tpos:51.0,Tstd:27.6,Bpos:49.2,Bstd:35.9,StrandBias:0.0,Multiplicity:1.04
0.380	0.001	0.618	0.001
0.117	0.304	0.325	0.254
0.301	0.335	0.001	0.362
0.001	0.725	0.273	0.001
0.078	0.123	0.798	0.001
0.278	0.313	0.377	0.033
0.255	0.177	0.001	0.567
0.574	0.001	0.001	0.424
>CCARTTGG	8-CCARTTGG	7.228926	-42.707790	0	T:176.0(3.07%),B:592.7(1.45%),P:1e-18	Tpos:47.3,Tstd:26.7,Bpos:45.8,Bstd:28.3,StrandBias:0.2,Multiplicity:1.01
0.001	0.997	0.001	0.001
0.001	0.997	0.001	0.001
0.911	0.001	0.087	0.001
0.500	0.110	0.389	0.001
0.056	0.001	0.001	0.942
0.064	0.001	0.212	0.723
0.001	0.001	0.997	0.001
0.049	0.029	0.921	0.001
>ACVYTACC	9-ACVYTACC	5.267305	-42.697393	0	T:679.0(11.84%),B:3425.6(8.40%),P:1e-18	Tpos:53.5,Tstd:26.6,Bpos:49.4,Bstd:29.3,StrandBias:-0.6,Multiplicity:1.06
0.519	0.292	0.117	0.072
0.042	0.949	0.001	0.008
0.257	0.269	0.391	0.083
0.104	0.430	0.096	0.370
0.029	0.158	0.049	0.764
0.737	0.073	0.038	0.152
0.073	0.634	0.246	0.047
0.047	0.858	0.064	0.031
>TATCTCCG	10-TATCTCCG	7.238176	-39.654089	0	T:101.0(1.76%),B:267.7(0.66%),P:1e-17	Tpos:58.2,Tstd:25.5,Bpos:47.1,Bstd:33.6,StrandBias:-0.8,Multiplicity:1.00
0.012	0.001	0.137	0.850
0.872	0.072	0.001	0.055
0.058	0.001	0.160	0.781
0.076	0.901	0.022	0.001
0.001	0.111	0.037	0.851
0.001	0.836	0.069	0.094
0.043	0.955	0.001	0.001
0.001	0.048	0.950	0.001
>GCGCATGC	11-GCGCATGC	9.055914	-32.593032	0	T:133.0(2.32%),B:448.6(1.10%),P:1e-14	Tpos:40.6,Tstd:20.1,Bpos:48.0,Bstd:36.9,StrandBias:-0.1,Multiplicity:1.09
0.037	0.001	0.961	0.001
0.127	0.871	0.001	0.001
0.001	0.001	0.997	0.001
0.001	0.997	0.001	0.001
0.850	0.148	0.001	0.001
0.001	0.001	0.186	0.812
0.001	0.001	0.997	0.001
0.001	0.997	0.001	0.001
>AGCGGAGT	12-AGCGGAGT	7.177130	-30.060414	0	T:149.0(2.60%),B:544.1(1.33%),P:1e-13	Tpos:53.1,Tstd:26.7,Bpos:50.2,Bstd:32.5,StrandBias:0.5,Multiplicity:1.00
0.888	0.035	0.050	0.027
0.001	0.022	0.976	0.001
0.001	0.957	0.001	0.041
0.081	0.270	0.553	0.096
0.001	0.001	0.960	0.038
0.907	0.091	0.001	0.001
0.021	0.079	0.891	0.009
0.001	0.001	0.001	0.997
>TGTAGGAG	13-TGTAGGAG	5.887006	-27.363983	0	T:269.0(4.69%),B:1218.1(2.99%),P:1e-11	Tpos:48.3,Tstd:26.3,Bpos:48.6,Bstd:29.4,StrandBias:0.4,Multiplicity:1.01
0.231	0.207	0.031	0.531
0.158	0.131	0.710	0.001
0.066	0.106	0.089	0.739
0.555	0.207	0.214	0.024
0.160	0.012	0.807	0.021
0.012	0.265	0.614	0.109
0.662	0.120	0.027	0.191
0.155	0.068	0.598	0.179
>TCAGTCGG	14-TCAGTCGG	8.022274	-26.746297	0	T:36.0(0.63%),B:61.3(0.15%),P:1e-11	Tpos:47.0,Tstd:24.6,Bpos:42.4,Bstd:32.7,StrandBias:1.0,Multiplicity:1.00
0.001	0.001	0.001	0.997
0.001	0.997	0.001	0.001
0.997	0.001	0.001	0.001
0.075	0.001	0.923	0.001
0.001	0.001	0.001	0.997
0.001	0.997	0.001	0.001
0.001	0.153	0.845	0.001
0.001	0.253	0.745	0.001
>TAGCGSCK	15-TAGCGSCK	6.620451	-26.079369	0	T:155.0(2.70%),B:606.7(1.49%),P:1e-11	Tpos:52.4,Tstd:25.2,Bpos:48.7,Bstd:33.5,StrandBias:-0.4,Multiplicity:1.03
0.011	0.001	0.008	0.980
0.951	0.001	0.001	0.047
0.159	0.306	0.534	0.001
0.001	0.997	0.001	0.001
0.124	0.335	0.540	0.001
0.001	0.417	0.410	0.172
0.121	0.783	0.095	0.001
0.001	0.001	0.551	0.447
>CGCGAACA	16-CGCGAACA	6.582600	-25.462127	0	T:139.0(2.42%),B:528.3(1.29%),P:1e-11	Tpos:52.1,Tstd:29.2,Bpos:49.8,Bstd:37.4,StrandBias:-0.6,Multiplicity:1.04
0.069	0.902	0.001	0.028
0.025	0.001	0.973	0.001
0.001	0.794	0.063	0.142
0.051	0.050	0.898	0.001
0.808	0.078	0.113	0.001
0.871	0.039	0.077	0.013
0.001	0.975	0.023	0.001
0.827	0.120	0.001	0.052
>CGATCGGA	17-CGATCGGA	8.828949	-24.482670	0	T:9.0(0.16%),B:2.4(0.01%),P:1e-10	Tpos:57.8,Tstd:6.2,Bpos:21.0,Bstd:0.0,StrandBias:0.0,Multiplicity:1.00
0.001	0.997	0.001	0.001
0.001	0.001	0.997	0.001
0.935	0.001	0.001	0.063
0.001	0.001	0.001	0.997
0.001	0.935	0.001	0.063
0.001	0.001	0.997	0.001
0.121	0.001	0.794	0.084
0.997	0.001	0.001	0.001
>AGTACTGC	18-AGTACTGC	6.787358	-20.556364	0	T:173.0(3.02%),B:756.4(1.85%),P:1e-8	Tpos:53.8,Tstd:29.0,Bpos:49.7,Bstd:30.0,StrandBias:0.3,Multiplicity:1.03
0.861	0.023	0.037	0.079
0.001	0.050	0.919	0.030
0.071	0.049	0.023	0.857
0.997	0.001	0.001	0.001
0.082	0.885	0.001	0.032
0.032	0.018	0.023	0.927
0.068	0.060	0.747	0.125
0.074	0.903	0.001	0.022
>CCTCTGAA	19-CCTCTGAA	7.282566	-18.953697	0	T:156.0(2.72%),B:679.5(1.67%),P:1e-8	Tpos:48.1,Tstd:26.5,Bpos:48.4,Bstd:29.8,StrandBias:-0.0,Multiplicity:1.02
0.001	0.765	0.233	0.001
0.001	0.997	0.001	0.001
0.001	0.001	0.001	0.997
0.001	0.997	0.001	0.001
0.001	0.001	0.001	0.997
0.097	0.001	0.724	0.178
0.997	0.001	0.001	0.001
0.997	0.001	0.001	0.001
>TTTTTTTT	20-TTTTTTTT	7.644770	-18.849000	0	T:663.0(11.56%),B:3795.2(9.30%),P:1e-8	Tpos:54.4,Tstd:29.6,Bpos:51.3,Bstd:34.0,StrandBias:1.1,Multiplicity:1.21
0.031	0.001	0.018	0.950
0.015	0.001	0.037	0.947
0.039	0.001	0.085	0.875
0.047	0.001	0.139	0.813
0.057	0.040	0.117	0.786
0.060	0.079	0.026	0.835
0.024	0.042	0.001	0.933
0.073	0.066	0.001	0.860
>CGTCGCGA	21-CGTCGCGA	5.833030	-18.520968	0	T:130.0(2.27%),B:541.3(1.33%),P:1e-8	Tpos:46.4,Tstd:25.4,Bpos:48.2,Bstd:37.6,StrandBias:0.4,Multiplicity:1.03
0.065	0.708	0.058	0.169
0.146	0.151	0.646	0.057
0.141	0.032	0.070	0.757
0.105	0.804	0.043	0.048
0.097	0.051	0.767	0.085
0.067	0.812	0.076	0.045
0.067	0.128	0.651	0.154
0.863	0.025	0.041	0.071
>ATCACGTG	22-ATCACGTG	7.872735	-18.252843	0	T:61.0(1.06%),B:192.7(0.47%),P:1e-7	Tpos:41.7,Tstd:24.7,Bpos:45.8,Bstd:31.0,StrandBias:0.6,Multiplicity:1.04
0.883	0.001	0.115	0.001
0.001	0.001	0.001	0.997
0.229	0.769	0.001	0.001
0.793	0.205	0.001	0.001
0.001	0.997	0.001	0.001
0.001	0.001	0.997	0.001
0.001	0.420	0.001	0.578
0.001	0.001	0.997	0.001
