>ACCGGAAGTG	1-ACCGGAAGTG	7.295715	-245.830031	0	T:307.0(5.35%),B:459.6(1.12%),P:1e-106	Tpos:44.4,Tstd:22.5,Bpos:52.4,Bstd:36.2,StrandBias:0.4,Multiplicity:1.13
0.525	0.183	0.194	0.098
0.070	0.710	0.190	0.030
0.031	0.892	0.018	0.059
0.014	0.024	0.945	0.017
0.028	0.018	0.924	0.030
0.949	0.027	0.018	0.006
0.903	0.018	0.026	0.053
0.093	0.084	0.787	0.036
0.077	0.116	0.047	0.760
0.103	0.158	0.605	0.134
>GAAGAAGATG	2-GAAGAAGATG	5.528614	-123.413292	0	T:1468.0(25.60%),B:7127.4(17.43%),P:1e-53	Tpos:52.2,Tstd:25.1,Bpos:49.8,Bstd:31.6,StrandBias:1.5,Multiplicity:1.21
0.111	0.121	0.723	0.045
0.605	0.116	0.183	0.096
0.599	0.110	0.149	0.142
0.128	0.100	0.766	0.006
0.681	0.079	0.135	0.105
0.614	0.086	0.136	0.164
0.024	0.056	0.898	0.022
0.697	0.105	0.106	0.092
0.201	0.124	0.148	0.527
0.050	0.015	0.895	0.040
>TTGGGGGGGG	3-TTGGGGGGGG	4.683397	-120.765111	0	T:1748.0(30.48%),B:8910.0(21.79%),P:1e-52	Tpos:48.9,Tstd:23.0,Bpos:50.1,Bstd:29.3,StrandBias:1.4,Multiplicity:1.21
0.105	0.103	0.088	0.704
0.104	0.081	0.063	0.752
0.114	0.066	0.693	0.127
0.119	0.052	0.710	0.119
0.127	0.105	0.648	0.120
0.104	0.089	0.706	0.101
0.088	0.101	0.723	0.088
0.106	0.108	0.679	0.107
0.122	0.082	0.698	0.098
0.120	0.092	0.685	0.103
>AATTTCCCCC	4-AATTTCCCCC	5.310243	-101.896688	0	T:1205.0(21.01%),B:5795.7(14.17%),P:1e-44	Tpos:53.7,Tstd:24.8,Bpos:49.5,Bstd:29.5,StrandBias:-1.0,Multiplicity:1.09
0.970	0.001	0.001	0.028
0.469	0.221	0.001	0.309
0.050	0.263	0.069	0.618
0.250	0.005	0.237	0.508
0.096	0.272	0.193	0.439
0.120	0.556	0.226	0.098
0.224	0.521	0.001	0.254
0.107	0.763	0.125	0.005
0.001	0.820	0.114	0.065
0.001	0.687	0.001	0.311
>GGCCCCGCCC	5-GGCCCCGCCC	8.369180	-101.246753	0	T:252.0(4.39%),B:649.2(1.59%),P:1e-43	Tpos:31.4,Tstd:20.8,Bpos:50.6,Bstd:37.1,StrandBias:-0.8,Multiplicity:1.08
0.201	0.001	0.797	0.001
0.001	0.001	0.997	0.001
0.023	0.907	0.069	0.001
0.047	0.889	0.001	0.063
0.116	0.882	0.001	0.001
0.001	0.997	0.001	0.001
0.001	0.001	0.997	0.001
0.001	0.997	0.001	0.001
0.001	0.997	0.001	0.001
0.001	0.942	0.001	0.056
>AASATGGCGG	6-AASATGGCGG	8.279126	-79.445067	0	T:152.0(2.65%),B:329.7(0.81%),P:1e-34	Tpos:59.7,Tstd:24.9,Bpos:48.6,Bstd:32.2,StrandBias:0.8,Multiplicity:1.02
0.827	0.001	0.171	0.001
0.845	0.001	0.077	0.077
0.190	0.386	0.347	0.077
0.960	0.001	0.001	0.038
0.309	0.001	0.132	0.558
0.001	0.001	0.997	0.001
0.001	0.225	0.585	0.189
0.016	0.945	0.038	0.001
0.089	0.309	0.486	0.116
0.044	0.001	0.954	0.001
>CGCATGCGCW	7-CGCATGCGCW	9.732286	-78.458488	0	T:114.0(1.99%),B:198.1(0.48%),P:1e-34	Tpos:34.7,Tstd:19.4,Bpos:47.3,Bstd:38.6,StrandBias:-0.1,Multiplicity:1.12
0.001	0.913	0.054	0.032
0.014	0.033	0.920	0.033
0.001	0.997	0.001	0.001
0.763	0.139	0.079	0.019
0.001	0.191	0.207	0.601
0.032	0.001	0.966	0.001
0.001	0.879	0.065	0.055
0.013	0.001	0.985	0.001
0.001	0.966	0.001	0.032
0.390	0.163	0.199	0.248
>GCWGCHGCHR	8-GCWGCHGCHR	6.151908	-74.456957	0	T:1060.0(18.49%),B:5281.3(12.91%),P:1e-32	Tpos:53.3,Tstd:28.0,Bpos:49.0,Bstd:33.2,StrandBias:-0.3,Multiplicity:1.15
0.302	0.001	0.696	0.001
0.001	0.997	0.001	0.001
0.305	0.240	0.001	0.454
0.318	0.001	0.680	0.001
0.001	0.631	0.001	0.367
0.311	0.273	0.016	0.400
0.255	0.054	0.448	0.243
0.001	0.997	0.001	0.001
0.308	0.353	0.001	0.339
0.414	0.001	0.445	0.140
>AAAGGGGGGG	9-AAAGGGGGGG	6.787541	-68.898394	0	T:425.0(7.41%),B:1671.4(4.09%),P:1e-29	Tpos:44.0,Tstd:24.6,Bpos:49.2,Bstd:32.5,StrandBias:0.8,Multiplicity:1.02
0.822	0.044	0.070	0.064
0.879	0.037	0.078	0.006
0.783	0.059	0.118	0.040
0.076	0.079	0.799	0.046
0.073	0.061	0.817	0.049
0.075	0.098	0.796	0.031
0.052	0.105	0.804	0.039
0.061	0.150	0.720	0.069
0.070	0.094	0.762	0.074
0.052	0.056	0.819	0.073
>TGGGGCRGAA	10-TGGGGCRGAA	6.068746	-67.347438	0	T:465.0(8.11%),B:1899.9(4.65%),P:1e-29	Tpos:48.4,Tstd:26.3,Bpos:50.3,Bstd:31.1,StrandBias:0.9,Multiplicity:1.02
0.090	0.126	0.159	0.625
0.074	0.066	0.805	0.055
0.088	0.208	0.625	0.079
0.063	0.175	0.631	0.131
0.207	0.087	0.645	0.061
0.123	0.675	0.083	0.119
0.374	0.175	0.392	0.060
0.173	0.089	0.665	0.073
0.621	0.154	0.135	0.090
0.611	0.135	0.147	0.107
>GCTGATTGGC	11-GCTGATTGGC	6.561490	-66.456140	0	T:329.0(5.74%),B:1192.7(2.92%),P:1e-28	Tpos:45.6,Tstd:27.7,Bpos:49.4,Bstd:28.2,StrandBias:-0.0,Multiplicity:1.04
0.060	0.138	0.733	0.069
0.052	0.851	0.063	0.034
0.083	0.065	0.062	0.790
0.052	0.096	0.772	0.080
0.834	0.051	0.056	0.059
0.076	0.079	0.048	0.797
0.064	0.038	0.057	0.841
0.057	0.048	0.794	0.101
0.083	0.050	0.796	0.071
0.102	0.794	0.032	0.072
>GGTGACGTCA	12-GGTGACGTCA	6.828763	-44.727340	0	T:172.0(3.00%),B:562.2(1.37%),P:1e-19	Tpos:38.9,Tstd:24.6,Bpos:48.9,Bstd:33.5,StrandBias:0.4,Multiplicity:1.05
0.089	0.091	0.755	0.065
0.100	0.094	0.767	0.039
0.053	0.098	0.059	0.790
0.042	0.095	0.804	0.059
0.812	0.029	0.100	0.059
0.035	0.822	0.066	0.077
0.061	0.048	0.834	0.057
0.071	0.103	0.032	0.794
0.062	0.786	0.079	0.073
0.840	0.049	0.056	0.055
>GTTGGCTGCT	13-GTTGGCTGCT	9.120149	-38.974671	0	T:60.0(1.05%),B:112.4(0.27%),P:1e-16	Tpos:47.3,Tstd:28.9,Bpos:49.9,Bstd:23.9,StrandBias:-0.1,Multiplicity:1.00
0.086	0.026	0.858	0.030
0.001	0.019	0.001	0.979
0.044	0.001	0.049	0.906
0.044	0.001	0.911	0.044
0.001	0.001	0.984	0.014
0.001	0.940	0.058	0.001
0.075	0.031	0.023	0.871
0.001	0.001	0.997	0.001
0.127	0.679	0.171	0.023
0.001	0.085	0.001	0.913
>TAAAGCGCGG	14-TAAAGCGCGG	7.014349	-38.827216	0	T:141.0(2.46%),B:450.5(1.10%),P:1e-16	Tpos:53.9,Tstd:25.0,Bpos:50.7,Bstd:33.2,StrandBias:0.4,Multiplicity:1.01
0.078	0.066	0.109	0.747
0.822	0.078	0.070	0.030
0.811	0.069	0.064	0.056
0.857	0.053	0.031	0.059
0.038	0.084	0.850	0.028
0.088	0.779	0.097	0.036
0.088	0.070	0.753	0.089
0.095	0.763	0.063	0.079
0.077	0.096	0.747	0.080
0.037	0.047	0.879	0.037
>CCGAAGATCC	15-CCGAAGATCC	7.299495	-38.700183	0	T:106.0(1.85%),B:293.7(0.72%),P:1e-16	Tpos:48.6,Tstd:27.9,Bpos:51.5,Bstd:34.0,StrandBias:0.2,Multiplicity:1.00
0.108	0.739	0.058	0.095
0.067	0.765	0.117	0.051
0.056	0.126	0.766	0.052
0.872	0.056	0.043	0.029
0.879	0.001	0.092	0.028
0.157	0.069	0.760	0.014
0.849	0.018	0.026	0.107
0.083	0.039	0.127	0.751
0.053	0.796	0.058	0.093
0.047	0.828	0.058	0.067
>CATCTACGGT	16-CATCTACGGT	8.394747	-37.889025	0	T:41.0(0.72%),B:55.4(0.14%),P:1e-16	Tpos:44.2,Tstd:29.3,Bpos:59.1,Bstd:23.6,StrandBias:0.2,Multiplicity:1.03
0.001	0.792	0.205	0.002
0.774	0.033	0.001	0.192
0.001	0.049	0.192	0.758
0.001	0.859	0.047	0.093
0.001	0.049	0.047	0.903
0.997	0.001	0.001	0.001
0.097	0.865	0.001	0.037
0.236	0.080	0.640	0.044
0.143	0.230	0.626	0.001
0.001	0.001	0.206	0.792
>GTTGCGACCG	17-GTTGCGACCG	10.454991	-37.117059	0	T:15.0(0.26%),B:4.4(0.01%),P:1e-16	Tpos:63.3,Tstd:27.3,Bpos:78.7,Bstd:17.3,StrandBias:1.7,Multiplicity:1.00
0.001	0.001	0.911	0.087
0.088	0.205	0.088	0.619
0.001	0.088	0.088	0.823
0.001	0.001	0.997	0.001
0.001	0.911	0.087	0.001
0.001	0.001	0.997	0.001
0.997	0.001	0.001	0.001
0.001	0.911	0.001	0.087
0.001	0.911	0.001	0.087
0.001	0.001	0.997	0.001
>GATCGGTAAG	18-GATCGGTAAG	6.493185	-35.020835	0	T:215.0(3.75%),B:847.6(2.07%),P:1e-15	Tpos:53.7,Tstd:26.7,Bpos:52.2,Bstd:29.8,StrandBias:0.8,Multiplicity:1.02
0.017	0.008	0.933	0.042
0.693	0.120	0.152	0.035
0.086	0.093	0.083	0.738
0.143	0.593	0.082	0.182
0.286	0.029	0.584	0.101
0.029	0.118	0.803	0.050
0.145	0.048	0.055	0.752
0.707	0.140	0.084	0.069
0.911	0.001	0.044	0.044
0.015	0.040	0.888	0.057
>AGTCGCCATT	19-AGTCGCCATT	7.577653	-34.909510	0	T:49.0(0.85%),B:85.7(0.21%),P:1e-15	Tpos:64.2,Tstd:22.5,Bpos:50.1,Bstd:27.6,StrandBias:0.1,Multiplicity:1.00
0.807	0.051	0.061	0.081
0.077	0.111	0.772	0.040
0.104	0.035	0.100	0.761
0.043	0.755	0.107	0.095
0.048	0.055	0.868	0.029
0.024	0.816	0.086	0.074
0.050	0.881	0.023	0.046
0.768	0.093	0.046	0.093
0.070	0.085	0.068	0.777
0.066	0.064	0.067	0.803
>CTTTACGGCG	20-CTTTACGGCG	10.907380	-29.115003	0	T:15.0(0.26%),B:7.5(0.02%),P:1e-12	Tpos:45.7,Tstd:22.7,Bpos:65.7,Bstd:21.4,StrandBias:-0.7,Multiplicity:1.08
0.001	0.892	0.001	0.106
0.001	0.001	0.106	0.892
0.001	0.001	0.001	0.997
0.001	0.001	0.001	0.997
0.892	0.001	0.106	0.001
0.106	0.892	0.001	0.001
0.106	0.001	0.892	0.001
0.001	0.001	0.997	0.001
0.001	0.997	0.001	0.001
0.001	0.107	0.785	0.107
>ARKAMCTCCA	21-ARKAMCTCCA	6.579563	-29.062163	0	T:64.0(1.12%),B:157.4(0.38%),P:1e-12	Tpos:51.1,Tstd:24.6,Bpos:51.5,Bstd:24.6,StrandBias:-1.1,Multiplicity:1.00
0.547	0.004	0.209	0.240
0.337	0.081	0.418	0.164
0.001	0.228	0.346	0.425
0.463	0.299	0.001	0.237
0.315	0.455	0.195	0.035
0.004	0.721	0.068	0.207
0.314	0.109	0.007	0.570
0.153	0.426	0.184	0.237
0.256	0.740	0.003	0.001
0.611	0.046	0.232	0.111
>AGGTACGCTG	22-AGGTACGCTG	10.879075	-28.409681	0	T:14.0(0.24%),B:7.0(0.02%),P:1e-12	Tpos:54.7,Tstd:31.1,Bpos:42.8,Bstd:29.6,StrandBias:-0.4,Multiplicity:1.00
0.919	0.001	0.040	0.040
0.001	0.001	0.958	0.040
0.001	0.001	0.997	0.001
0.294	0.001	0.094	0.611
0.919	0.040	0.040	0.001
0.090	0.908	0.001	0.001
0.001	0.155	0.843	0.001
0.001	0.997	0.001	0.001
0.041	0.041	0.041	0.877
0.001	0.001	0.997	0.001
>TTCATCGGCG	23-TTCATCGGCG	10.410774	-22.793804	0	T:16.0(0.28%),B:13.3(0.03%),P:1e-9	Tpos:58.4,Tstd:21.0,Bpos:77.0,Bstd:11.0,StrandBias:1.1,Multiplicity:1.00
0.001	0.080	0.001	0.918
0.001	0.001	0.001	0.997
0.001	0.918	0.001	0.080
0.730	0.188	0.081	0.001
0.001	0.080	0.001	0.918
0.001	0.918	0.001	0.080
0.001	0.001	0.918	0.080
0.001	0.080	0.918	0.001
0.001	0.997	0.001	0.001
0.001	0.081	0.837	0.081
>GCACCAGAAG	24-GCACCAGAAG	10.296193	-17.910407	0	T:8.0(0.14%),B:3.9(0.01%),P:1e-7	Tpos:47.9,Tstd:24.9,Bpos:61.4,Bstd:24.8,StrandBias:2.6,Multiplicity:1.00
0.100	0.100	0.700	0.100
0.100	0.700	0.100	0.100
0.700	0.100	0.100	0.100
0.100	0.700	0.100	0.100
0.100	0.700	0.100	0.100
0.700	0.100	0.100	0.100
0.100	0.100	0.700	0.100
0.700	0.100	0.100	0.100
0.700	0.100	0.100	0.100
0.100	0.100	0.700	0.100
>CGCAGTGACC	25-CGCAGTGACC	10.296193	-17.674046	0	T:7.0(0.12%),B:2.2(0.01%),P:1e-7	Tpos:60.6,Tstd:21.0,Bpos:30.9,Bstd:18.7,StrandBias:1.3,Multiplicity:1.00
0.100	0.700	0.100	0.100
0.100	0.100	0.700	0.100
0.100	0.700	0.100	0.100
0.700	0.100	0.100	0.100
0.100	0.100	0.700	0.100
0.100	0.100	0.100	0.700
0.100	0.100	0.700	0.100
0.700	0.100	0.100	0.100
0.100	0.700	0.100	0.100
0.100	0.700	0.100	0.100
>VCCGGAAGTSSY	1-VCCGGAAGTSSY	9.841999	-214.628833	0	T:136.0(2.37%),B:83.6(0.20%),P:1e-93	Tpos:43.7,Tstd:20.6,Bpos:55.0,Bstd:36.8,StrandBias:0.4,Multiplicity:1.11
0.331	0.235	0.299	0.135
0.136	0.623	0.240	0.001
0.001	0.997	0.001	0.001
0.001	0.001	0.997	0.001
0.001	0.001	0.997	0.001
0.997	0.001	0.001	0.001
0.997	0.001	0.001	0.001
0.001	0.001	0.997	0.001
0.019	0.058	0.001	0.922
0.155	0.316	0.412	0.116
0.196	0.395	0.332	0.077
0.194	0.377	0.156	0.272
>GGAGGAGGAGGA	2-GGAGGAGGAGGA	6.708481	-115.811206	0	T:1062.0(18.52%),B:4783.6(11.70%),P:1e-50	Tpos:50.0,Tstd:23.5,Bpos:50.1,Bstd:30.5,StrandBias:1.7,Multiplicity:1.16
0.286	0.007	0.543	0.164
0.001	0.021	0.977	0.001
0.664	0.015	0.259	0.062
0.202	0.001	0.615	0.182
0.001	0.001	0.997	0.001
0.760	0.003	0.232	0.005
0.309	0.001	0.570	0.120
0.008	0.019	0.972	0.001
0.609	0.092	0.188	0.111
0.391	0.001	0.569	0.039
0.084	0.029	0.886	0.001
0.665	0.025	0.140	0.170
>NNTGGGGNRGAA	3-NNTGGGGNRGAA	5.433131	-109.719417	0	T:1174.0(20.47%),B:5513.9(13.48%),P:1e-47	Tpos:49.6,Tstd:22.6,Bpos:49.9,Bstd:29.3,StrandBias:1.2,Multiplicity:1.05
0.212	0.227	0.223	0.338
0.319	0.187	0.269	0.225
0.007	0.001	0.380	0.612
0.144	0.002	0.627	0.227
0.001	0.001	0.758	0.240
0.199	0.093	0.538	0.170
0.180	0.202	0.481	0.137
0.207	0.258	0.329	0.207
0.283	0.102	0.404	0.211
0.321	0.011	0.659	0.009
0.488	0.124	0.306	0.082
0.491	0.011	0.282	0.216
>AAGATGGCKGCG	4-AAGATGGCKGCG	8.730020	-105.264237	0	T:151.0(2.63%),B:258.8(0.63%),P:1e-45	Tpos:67.4,Tstd:22.2,Bpos:51.3,Bstd:30.7,StrandBias:0.9,Multiplicity:1.01
0.769	0.001	0.229	0.001
0.741	0.129	0.001	0.129
0.260	0.259	0.481	0.001
0.997	0.001	0.001	0.001
0.001	0.001	0.001	0.997
0.001	0.001	0.997	0.001
0.001	0.001	0.997	0.001
0.001	0.997	0.001	0.001
0.108	0.065	0.481	0.346
0.001	0.179	0.777	0.043
0.237	0.698	0.001	0.064
0.043	0.197	0.495	0.265
>GGGCGGGGCYTB	5-GGGCGGGGCYTB	9.815996	-97.194453	0	T:208.0(3.63%),B:486.9(1.19%),P:1e-42	Tpos:30.8,Tstd:19.8,Bpos:52.2,Bstd:32.6,StrandBias:0.8,Multiplicity:1.08
0.050	0.016	0.933	0.001
0.034	0.067	0.832	0.067
0.083	0.033	0.883	0.001
0.051	0.899	0.033	0.017
0.017	0.001	0.921	0.061
0.017	0.017	0.861	0.105
0.155	0.084	0.694	0.067
0.034	0.017	0.932	0.017
0.050	0.866	0.017	0.067
0.106	0.361	0.067	0.466
0.162	0.146	0.182	0.510
0.100	0.339	0.257	0.304
>GCGCATGCGCAS	6-GCGCATGCGCAS	10.594510	-78.907782	0	T:99.0(1.73%),B:150.9(0.37%),P:1e-34	Tpos:37.5,Tstd:18.5,Bpos:46.2,Bstd:38.5,StrandBias:0.1,Multiplicity:1.08
0.023	0.047	0.929	0.001
0.001	0.975	0.023	0.001
0.001	0.001	0.997	0.001
0.001	0.997	0.001	0.001
0.739	0.189	0.071	0.001
0.001	0.064	0.245	0.690
0.001	0.001	0.997	0.001
0.001	0.997	0.001	0.001
0.001	0.001	0.997	0.001
0.001	0.997	0.001	0.001
0.579	0.138	0.228	0.055
0.169	0.400	0.384	0.047
>NCAGAGGAGGRA	7-NCAGAGGAGGRA	5.929759	-53.603872	0	T:1161.0(20.25%),B:6249.8(15.28%),P:1e-23	Tpos:50.6,Tstd:25.2,Bpos:50.3,Bstd:31.1,StrandBias:0.6,Multiplicity:1.10
0.193	0.291	0.249	0.268
0.196	0.539	0.229	0.036
0.461	0.148	0.157	0.235
0.044	0.122	0.819	0.015
0.586	0.236	0.149	0.029
0.008	0.059	0.812	0.121
0.006	0.110	0.758	0.126
0.690	0.161	0.003	0.146
0.014	0.053	0.895	0.038
0.257	0.158	0.472	0.113
0.468	0.083	0.332	0.117
0.603	0.096	0.222	0.079
>GCAGCAGCAGCA	8-GCAGCAGCAGCA	5.492289	-51.646600	0	T:1422.0(24.80%),B:7968.1(19.48%),P:1e-22	Tpos:50.6,Tstd:26.9,Bpos:49.7,Bstd:28.8,StrandBias:0.0,Multiplicity:1.13
0.167	0.252	0.410	0.170
0.247	0.478	0.238	0.036
0.997	0.001	0.001	0.001
0.213	0.147	0.526	0.114
0.315	0.566	0.074	0.045
0.726	0.085	0.070	0.119
0.167	0.196	0.523	0.114
0.137	0.648	0.186	0.029
0.737	0.007	0.002	0.254
0.098	0.215	0.626	0.061
0.217	0.749	0.032	0.002
0.508	0.224	0.057	0.211
>STGACGTCACHN	9-STGACGTCACHN	6.269011	-45.436064	0	T:83.0(1.45%),B:176.5(0.43%),P:1e-19	Tpos:37.8,Tstd:22.4,Bpos:50.3,Bstd:35.5,StrandBias:0.3,Multiplicity:1.06
0.189	0.284	0.387	0.140
0.141	0.050	0.047	0.762
0.001	0.046	0.907	0.046
0.952	0.001	0.046	0.001
0.001	0.997	0.001	0.001
0.001	0.001	0.997	0.001
0.046	0.001	0.001	0.952
0.001	0.997	0.001	0.001
0.997	0.001	0.001	0.001
0.001	0.860	0.046	0.093
0.251	0.281	0.140	0.329
0.335	0.234	0.244	0.186
>NNCGACGAAKWW	10-NNCGACGAAKWW	3.698157	-43.644471	0	T:1161.0(20.25%),B:6444.2(15.76%),P:1e-18	Tpos:51.3,Tstd:26.0,Bpos:50.2,Bstd:32.9,StrandBias:0.4,Multiplicity:1.08
0.206	0.207	0.318	0.269
0.318	0.207	0.301	0.175
0.146	0.459	0.158	0.237
0.174	0.111	0.620	0.095
0.602	0.143	0.096	0.159
0.288	0.474	0.111	0.127
0.048	0.127	0.682	0.143
0.430	0.174	0.127	0.269
0.477	0.285	0.111	0.127
0.143	0.174	0.414	0.269
0.349	0.159	0.191	0.301
0.365	0.175	0.206	0.254
>GCSYCACGTGAC	11-GCSYCACGTGAC	8.620057	-41.405195	0	T:81.0(1.41%),B:182.0(0.44%),P:1e-17	Tpos:42.6,Tstd:22.5,Bpos:54.0,Bstd:32.2,StrandBias:-0.1,Multiplicity:1.03
0.001	0.361	0.637	0.001
0.180	0.510	0.284	0.026
0.231	0.308	0.409	0.051
0.001	0.536	0.027	0.436
0.076	0.898	0.025	0.001
0.899	0.025	0.051	0.025
0.001	0.746	0.101	0.152
0.076	0.076	0.823	0.025
0.025	0.025	0.051	0.899
0.001	0.001	0.997	0.001
0.840	0.025	0.084	0.051
0.001	0.865	0.081	0.053
>ACTGCTGATMGA	12-ACTGCTGATMGA	12.988841	-39.251467	0	T:11.0(0.19%),B:1.0(0.00%),P:1e-17	Tpos:59.6,Tstd:18.6,Bpos:56.0,Bstd:0.0,StrandBias:-3.2,Multiplicity:1.00
0.817	0.181	0.001	0.001
0.181	0.817	0.001	0.001
0.001	0.001	0.001	0.997
0.001	0.001	0.997	0.001
0.001	0.997	0.001	0.001
0.181	0.001	0.001	0.817
0.218	0.001	0.599	0.182
0.997	0.001	0.001	0.001
0.001	0.001	0.001	0.997
0.418	0.364	0.182	0.036
0.001	0.181	0.817	0.001
0.781	0.182	0.036	0.001
>TTCCGGCGGGTG	13-TTCCGGCGGGTG	13.007406	-39.251467	0	T:11.0(0.19%),B:1.8(0.00%),P:1e-17	Tpos:38.6,Tstd:21.8,Bpos:0.0,Bstd:0.0,StrandBias:1.4,Multiplicity:1.00
0.001	0.001	0.001	0.997
0.001	0.001	0.001	0.997
0.001	0.997	0.001	0.001
0.001	0.777	0.221	0.001
0.001	0.001	0.888	0.110
0.001	0.110	0.888	0.001
0.001	0.997	0.001	0.001
0.001	0.001	0.777	0.221
0.001	0.001	0.997	0.001
0.001	0.110	0.888	0.001
0.001	0.001	0.110	0.888
0.001	0.001	0.888	0.110
>AAARGCGCGGGC	14-AAARGCGCGGGC	12.098662	-34.770553	0	T:17.0(0.30%),B:7.7(0.02%),P:1e-15	Tpos:41.9,Tstd:23.9,Bpos:0.0,Bstd:0.0,StrandBias:-0.4,Multiplicity:1.00
0.997	0.001	0.001	0.001
0.997	0.001	0.001	0.001
0.788	0.210	0.001	0.001
0.473	0.105	0.421	0.001
0.001	0.001	0.997	0.001
0.001	0.997	0.001	0.001
0.001	0.001	0.997	0.001
0.001	0.666	0.332	0.001
0.210	0.105	0.684	0.001
0.105	0.245	0.649	0.001
0.001	0.104	0.894	0.001
0.001	0.997	0.001	0.001
>CCGTTCACCACA	15-CCGTTCACCACA	11.535912	-31.754950	0	T:11.0(0.19%),B:2.8(0.01%),P:1e-13	Tpos:35.4,Tstd:24.0,Bpos:21.9,Bstd:5.0,StrandBias:-0.3,Multiplicity:1.00
0.001	0.906	0.092	0.001
0.193	0.805	0.001	0.001
0.093	0.185	0.507	0.215
0.001	0.101	0.001	0.897
0.001	0.092	0.001	0.906
0.001	0.997	0.001	0.001
0.906	0.001	0.092	0.001
0.001	0.906	0.001	0.092
0.092	0.693	0.214	0.001
0.815	0.001	0.092	0.092
0.101	0.713	0.185	0.001
0.990	0.001	0.001	0.008
>CGGAAGCGGCKG	16-CGGAAGCGGCKG	11.739856	-31.724955	0	T:24.0(0.42%),B:21.5(0.05%),P:1e-13	Tpos:51.1,Tstd:25.8,Bpos:42.5,Bstd:18.9,StrandBias:0.3,Multiplicity:1.00
0.001	0.876	0.001	0.122
0.001	0.118	0.880	0.001
0.001	0.001	0.997	0.001
0.739	0.060	0.063	0.138
0.821	0.001	0.059	0.119
0.001	0.001	0.997	0.001
0.001	0.939	0.059	0.001
0.063	0.242	0.635	0.060
0.001	0.059	0.939	0.001
0.001	0.997	0.001	0.001
0.004	0.063	0.448	0.485
0.001	0.301	0.697	0.001
>TTGGTGGTGGTG	17-TTGGTGGTGGTG	8.380300	-30.810191	0	T:123.0(2.15%),B:412.7(1.01%),P:1e-13	Tpos:49.9,Tstd:26.2,Bpos:50.3,Bstd:25.7,StrandBias:1.3,Multiplicity:1.05
0.083	0.080	0.105	0.732
0.056	0.037	0.083	0.824
0.046	0.009	0.893	0.052
0.065	0.073	0.782	0.080
0.055	0.047	0.095	0.803
0.028	0.018	0.920	0.034
0.073	0.064	0.808	0.055
0.043	0.028	0.056	0.873
0.040	0.009	0.923	0.028
0.089	0.064	0.792	0.055
0.061	0.046	0.092	0.801
0.043	0.037	0.853	0.067
>TTAAAGGGACAG	18-TTAAAGGGACAG	13.202764	-30.603520	0	T:13.0(0.23%),B:4.6(0.01%),P:1e-13	Tpos:44.0,Tstd:30.3,Bpos:47.7,Bstd:16.1,StrandBias:0.2,Multiplicity:1.08
0.001	0.093	0.001	0.905
0.001	0.030	0.001	0.968
0.997	0.001	0.001	0.001
0.712	0.001	0.286	0.001
0.712	0.001	0.286	0.001
0.001	0.001	0.997	0.001
0.104	0.033	0.862	0.001
0.001	0.001	0.997	0.001
0.712	0.001	0.286	0.001
0.001	0.997	0.001	0.001
0.997	0.001	0.001	0.001
0.001	0.001	0.997	0.001
>GTTTAGTAACAC	19-GTTTAGTAACAC	10.778572	-28.409681	0	T:14.0(0.24%),B:6.7(0.02%),P:1e-12	Tpos:55.6,Tstd:25.4,Bpos:41.3,Bstd:28.0,StrandBias:0.0,Multiplicity:1.00
0.098	0.146	0.655	0.101
0.048	0.097	0.001	0.854
0.048	0.001	0.001	0.950
0.001	0.194	0.001	0.804
0.850	0.001	0.048	0.101
0.049	0.098	0.804	0.049
0.049	0.049	0.098	0.804
0.854	0.048	0.001	0.097
0.996	0.001	0.002	0.001
0.098	0.658	0.195	0.049
0.947	0.001	0.001	0.051
0.052	0.846	0.001	0.101
>TYGGGAGCGCTG	20-TYGGGAGCGCTG	10.287453	-28.081673	0	T:10.0(0.17%),B:2.6(0.01%),P:1e-12	Tpos:58.7,Tstd:31.8,Bpos:58.7,Bstd:18.9,StrandBias:1.4,Multiplicity:1.10
0.008	0.001	0.001	0.990
0.001	0.542	0.001	0.456
0.001	0.001	0.997	0.001
0.001	0.176	0.822	0.001
0.001	0.001	0.997	0.001
0.997	0.001	0.001	0.001
0.001	0.001	0.997	0.001
0.055	0.943	0.001	0.001
0.001	0.001	0.997	0.001
0.001	0.997	0.001	0.001
0.409	0.001	0.001	0.589
0.001	0.001	0.997	0.001
>CKCACTTCCTGT	21-CKCACTTCCTGT	13.140229	-27.455013	0	T:12.0(0.21%),B:4.9(0.01%),P:1e-11	Tpos:50.4,Tstd:20.7,Bpos:62.0,Bstd:10.2,StrandBias:-0.5,Multiplicity:1.00
0.001	0.815	0.092	0.092
0.092	0.092	0.462	0.354
0.001	0.997	0.001	0.001
0.997	0.001	0.001	0.001
0.001	0.997	0.001	0.001
0.001	0.001	0.001	0.997
0.001	0.001	0.001	0.997
0.001	0.997	0.001	0.001
0.001	0.997	0.001	0.001
0.091	0.001	0.001	0.907
0.001	0.001	0.907	0.091
0.001	0.001	0.001	0.997
>GCTGCAGCAGCA	22-GCTGCAGCAGCA	7.055465	-26.365281	0	T:400.0(6.98%),B:2003.0(4.90%),P:1e-11	Tpos:53.4,Tstd:28.0,Bpos:49.6,Bstd:31.8,StrandBias:0.0,Multiplicity:1.08
0.082	0.094	0.748	0.076
0.009	0.882	0.048	0.061
0.121	0.097	0.125	0.657
0.022	0.076	0.843	0.059
0.014	0.867	0.088	0.031
0.649	0.110	0.086	0.155
0.028	0.074	0.880	0.018
0.067	0.806	0.115	0.012
0.577	0.131	0.127	0.165
0.099	0.053	0.783	0.065
0.127	0.714	0.140	0.019
0.602	0.132	0.090	0.176
>GGATCACACCGG	23-GGATCACACCGG	11.987045	-20.979838	0	T:9.0(0.16%),B:4.0(0.01%),P:1e-9	Tpos:54.4,Tstd:22.4,Bpos:62.3,Bstd:17.2,StrandBias:-0.6,Multiplicity:1.11
0.080	0.001	0.759	0.160
0.001	0.079	0.919	0.001
0.913	0.080	0.001	0.006
0.001	0.001	0.001	0.997
0.080	0.680	0.160	0.080
0.919	0.001	0.079	0.001
0.001	0.912	0.086	0.001
0.919	0.079	0.001	0.001
0.160	0.673	0.166	0.001
0.240	0.593	0.080	0.087
0.001	0.001	0.839	0.159
0.001	0.086	0.912	0.001
>GGGCGGGGCCGC	24-GGGCGGGGCCGC	12.554915	-18.157328	0	T:20.0(0.35%),B:29.0(0.07%),P:1e-7	Tpos:52.0,Tstd:22.3,Bpos:23.3,Bstd:5.1,StrandBias:-0.4,Multiplicity:1.00
0.001	0.001	0.997	0.001
0.001	0.133	0.865	0.001
0.133	0.001	0.865	0.001
0.001	0.997	0.001	0.001
0.011	0.133	0.855	0.001
0.001	0.001	0.865	0.133
0.001	0.143	0.855	0.001
0.144	0.155	0.433	0.267
0.001	0.577	0.001	0.421
0.001	0.997	0.001	0.001
0.133	0.001	0.865	0.001
0.001	0.997	0.001	0.001
>WMRSTMSRSSKR	25-WMRSTMSRSSKR	5.644285	-10.071336	0	T:334.0(5.82%),B:1915.0(4.68%),P:1e-4	Tpos:51.2,Tstd:25.8,Bpos:48.6,Bstd:31.3,StrandBias:0.1,Multiplicity:1.02
0.436	0.061	0.053	0.451
0.439	0.451	0.065	0.046
0.428	0.049	0.470	0.053
0.015	0.443	0.508	0.034
0.034	0.015	0.088	0.863
0.538	0.428	0.008	0.026
0.026	0.451	0.493	0.030
0.424	0.019	0.493	0.064
0.137	0.432	0.405	0.027
0.038	0.469	0.451	0.042
0.042	0.042	0.451	0.466
0.454	0.046	0.447	0.053
>RGGGGR	1-RGGGGR	3.036828	-159.484825	0	T:3364.0(58.67%),B:19233.0(47.03%),P:1e-69	Tpos:47.3,Tstd:25.2,Bpos:49.9,Bstd:32.9,StrandBias:1.1,Multiplicity:1.84
0.454	0.010	0.535	0.001
0.001	0.001	0.997	0.001
0.035	0.001	0.963	0.001
0.001	0.001	0.997	0.001
0.001	0.023	0.975	0.001
0.489	0.001	0.509	0.001
>TTACGG	2-TTACGG	2.411046	-143.595541	0	T:633.0(11.04%),B:2202.1(5.38%),P:1e-62	Tpos:47.3,Tstd:25.1,Bpos:51.1,Bstd:37.5,StrandBias:-0.2,Multiplicity:1.23
0.001	0.001	0.001	0.997
0.001	0.001	0.001	0.997
0.896	0.102	0.001	0.001
0.001	0.997	0.001	0.001
0.001	0.001	0.997	0.001
0.001	0.027	0.971	0.001
>CGACGA	3-CGACGA	2.904888	-69.658848	0	T:2924.0(50.99%),B:17755.2(43.41%),P:1e-30	Tpos:52.3,Tstd:27.5,Bpos:49.8,Bstd:37.8,StrandBias:0.1,Multiplicity:1.73
0.160	0.709	0.050	0.081
0.124	0.025	0.693	0.158
0.560	0.175	0.117	0.148
0.173	0.653	0.035	0.139
0.144	0.065	0.697	0.094
0.692	0.134	0.113	0.061
>TTTCCG	4-TTTCCG	4.964108	-65.485300	0	T:643.0(11.21%),B:2915.1(7.13%),P:1e-28	Tpos:53.0,Tstd:27.5,Bpos:49.7,Bstd:35.4,StrandBias:0.4,Multiplicity:1.03
0.001	0.001	0.001	0.997
0.017	0.001	0.225	0.757
0.001	0.001	0.146	0.852
0.001	0.814	0.184	0.001
0.001	0.997	0.001	0.001
0.001	0.001	0.997	0.001
>DCBGAT	5-DCBGAT	3.345315	-64.594768	0	T:1550.0(27.03%),B:8543.7(20.89%),P:1e-28	Tpos:45.8,Tstd:27.6,Bpos:50.1,Bstd:32.0,StrandBias:-0.0,Multiplicity:1.14
0.225	0.189	0.345	0.241
0.046	0.866	0.087	0.001
0.060	0.344	0.370	0.226
0.213	0.296	0.458	0.033
0.558	0.154	0.176	0.112
0.310	0.122	0.001	0.567
>GCCGTT	6-GCCGTT	3.548918	-59.355427	0	T:2593.0(45.22%),B:15684.2(38.35%),P:1e-25	Tpos:52.3,Tstd:28.3,Bpos:49.7,Bstd:32.3,StrandBias:0.0,Multiplicity:1.36
0.159	0.055	0.655	0.131
0.016	0.795	0.126	0.063
0.148	0.588	0.130	0.134
0.150	0.065	0.712	0.073
0.171	0.232	0.083	0.514
0.208	0.052	0.001	0.739
>CGTCAT	7-CGTCAT	4.336298	-56.872415	0	T:1208.0(21.07%),B:6488.6(15.87%),P:1e-24	Tpos:50.2,Tstd:28.3,Bpos:49.5,Bstd:31.7,StrandBias:-0.5,Multiplicity:1.24
0.001	0.921	0.045	0.033
0.124	0.038	0.797	0.041
0.047	0.074	0.023	0.856
0.001	0.997	0.001	0.001
0.950	0.001	0.048	0.001
0.094	0.260	0.075	0.571
>TTGGTG	8-TTGGTG	5.043140	-48.453425	0	T:1489.0(25.97%),B:8475.7(20.72%),P:1e-21	Tpos:51.0,Tstd:28.1,Bpos:49.7,Bstd:29.9,StrandBias:0.6,Multiplicity:1.13
0.001	0.001	0.001	0.997
0.001	0.001	0.001	0.997
0.078	0.001	0.920	0.001
0.113	0.001	0.885	0.001
0.108	0.001	0.338	0.553
0.001	0.001	0.997	0.001
>GGCCAT	9-GGCCAT	5.037418	-31.324406	0	T:733.0(12.78%),B:3969.4(9.71%),P:1e-13	Tpos:48.8,Tstd:27.8,Bpos:49.7,Bstd:29.0,StrandBias:-0.0,Multiplicity:1.06
0.001	0.001	0.997	0.001
0.001	0.001	0.997	0.001
0.001	0.763	0.001	0.235
0.001	0.836	0.001	0.162
0.997	0.001	0.001	0.001
0.001	0.001	0.001	0.997
>ACTTCCGG	1-ACTTCCGG	8.568286	-194.171441	0	T:171.0(2.98%),B:171.6(0.42%),P:1e-84	Tpos:43.0,Tstd:20.7,Bpos:50.5,Bstd:37.6,StrandBias:-0.5,Multiplicity:1.13
0.997	0.001	0.001	0.001
0.001	0.997	0.001	0.001
0.001	0.001	0.001	0.997
0.001	0.001	0.001	0.997
0.001	0.997	0.001	0.001
0.001	0.997	0.001	0.001
0.001	0.001	0.997	0.001
0.001	0.213	0.704	0.082
>TRCTTCCG	2-TRCTTCCG	4.199055	-171.849469	0	T:310.0(5.41%),B:640.6(1.57%),P:1e-74	Tpos:51.0,Tstd:26.6,Bpos:53.3,Bstd:38.1,StrandBias:-0.4,Multiplicity:1.01
0.001	0.090	0.001	0.908
0.432	0.001	0.566	0.001
0.001	0.919	0.067	0.013
0.154	0.001	0.001	0.844
0.001	0.001	0.001	0.997
0.001	0.997	0.001	0.001
0.001	0.997	0.001	0.001
0.001	0.001	0.997	0.001
>CCCCCCCC	3-CCCCCCCC	5.723129	-138.382378	0	T:1567.0(27.33%),B:7551.6(18.46%),P:1e-60	Tpos:41.9,Tstd:23.6,Bpos:49.5,Bstd:33.1,StrandBias:-1.1,Multiplicity:1.37
0.001	0.681	0.001	0.317
0.191	0.582	0.001	0.226
0.131	0.614	0.183	0.072
0.055	0.801	0.143	0.001
0.001	0.857	0.060	0.082
0.001	0.906	0.001	0.092
0.001	0.743	0.001	0.255
0.001	0.669	0.001	0.329
>GAWGATGA	4-GAWGATGA	4.910483	-88.932894	0	T:1616.0(28.18%),B:8544.8(20.89%),P:1e-38	Tpos:52.3,Tstd:26.2,Bpos:50.0,Bstd:31.5,StrandBias:1.3,Multiplicity:1.23
0.019	0.215	0.765	0.001
0.578	0.131	0.111	0.180
0.428	0.044	0.235	0.293
0.072	0.053	0.839	0.036
0.644	0.109	0.186	0.061
0.110	0.157	0.245	0.488
0.080	0.042	0.866	0.012
0.497	0.121	0.087	0.295
>TTTTCCGC	5-TTTTCCGC	4.672262	-87.840590	0	T:1629.0(28.41%),B:8645.9(21.14%),P:1e-38	Tpos:51.8,Tstd:25.4,Bpos:49.6,Bstd:32.3,StrandBias:-0.3,Multiplicity:1.11
0.126	0.126	0.065	0.683
0.056	0.060	0.104	0.780
0.087	0.088	0.090	0.735
0.057	0.071	0.108	0.764
0.030	0.838	0.046	0.086
0.104	0.771	0.028	0.097
0.057	0.128	0.744	0.071
0.075	0.687	0.175	0.063
>TGNAGNAG	6-TGNAGNAG	4.859976	-78.143607	0	T:2106.0(36.73%),B:11949.8(29.22%),P:1e-33	Tpos:52.5,Tstd:26.9,Bpos:50.7,Bstd:29.5,StrandBias:0.8,Multiplicity:1.21
0.266	0.001	0.001	0.732
0.008	0.167	0.824	0.001
0.240	0.222	0.330	0.208
0.535	0.154	0.089	0.222
0.014	0.193	0.778	0.015
0.236	0.301	0.279	0.184
0.601	0.001	0.012	0.386
0.165	0.072	0.724	0.039
>TTACGGCG	7-TTACGGCG	2.996801	-77.267225	0	T:2309.0(40.27%),B:13335.8(32.61%),P:1e-33	Tpos:51.8,Tstd:27.5,Bpos:50.1,Bstd:35.9,StrandBias:0.3,Multiplicity:1.42
0.148	0.133	0.109	0.610
0.127	0.099	0.153	0.621
0.551	0.127	0.163	0.159
0.117	0.639	0.097	0.147
0.134	0.127	0.632	0.107
0.112	0.131	0.636	0.121
0.086	0.707	0.100	0.107
0.120	0.135	0.606	0.139
>GCGSAAGC	8-GCGSAAGC	5.177088	-68.910616	0	T:336.0(5.86%),B:1210.6(2.96%),P:1e-29	Tpos:43.4,Tstd:25.2,Bpos:51.0,Bstd:39.3,StrandBias:-0.0,Multiplicity:1.07
0.172	0.001	0.826	0.001
0.001	0.997	0.001	0.001
0.001	0.001	0.997	0.001
0.114	0.323	0.463	0.100
0.921	0.001	0.001	0.077
0.952	0.033	0.001	0.014
0.001	0.001	0.997	0.001
0.056	0.933	0.001	0.010
>CCGATTGG	9-CCGATTGG	5.723130	-66.176001	0	T:357.0(6.23%),B:1337.9(3.27%),P:1e-28	Tpos:44.8,Tstd:28.0,Bpos:50.0,Bstd:30.6,StrandBias:0.5,Multiplicity:1.05
0.154	0.550	0.113	0.183
0.028	0.739	0.102	0.131
0.036	0.114	0.698	0.152
0.633	0.052	0.191	0.124
0.029	0.078	0.041	0.852
0.060	0.004	0.001	0.935
0.023	0.066	0.887	0.024
0.074	0.143	0.741	0.042
>CGARWTAW	10-CGARWTAW	4.040478	-55.981107	0	T:812.0(14.16%),B:4039.1(9.88%),P:1e-24	Tpos:51.7,Tstd:27.6,Bpos:50.1,Bstd:34.0,StrandBias:0.5,Multiplicity:1.09
0.032	0.898	0.053	0.017
0.042	0.015	0.927	0.016
0.632	0.235	0.068	0.065
0.396	0.034	0.370	0.200
0.370	0.090	0.047	0.493
0.032	0.140	0.220	0.608
0.512	0.037	0.252	0.199
0.379	0.059	0.094	0.468
>KTNACGTS	11-KTNACGTS	5.477257	-52.349073	0	T:190.0(3.31%),B:603.3(1.48%),P:1e-22	Tpos:42.9,Tstd:25.4,Bpos:53.2,Bstd:34.0,StrandBias:0.2,Multiplicity:1.06
0.001	0.173	0.393	0.433
0.216	0.251	0.001	0.532
0.211	0.264	0.276	0.249
0.585	0.001	0.413	0.001
0.001	0.997	0.001	0.001
0.001	0.001	0.997	0.001
0.266	0.206	0.091	0.437
0.204	0.388	0.295	0.113
>CTGATAGG	12-CTGATAGG	5.204570	-44.898452	0	T:654.0(11.41%),B:3248.6(7.94%),P:1e-19	Tpos:47.7,Tstd:27.3,Bpos:50.0,Bstd:29.7,StrandBias:0.2,Multiplicity:1.05
0.054	0.842	0.003	0.101
0.001	0.042	0.129	0.828
0.061	0.109	0.722	0.108
0.748	0.001	0.146	0.105
0.007	0.116	0.019	0.858
0.645	0.152	0.011	0.192
0.086	0.124	0.707	0.083
0.105	0.080	0.658	0.157
>GGTCAGTT	13-GGTCAGTT	6.671673	-44.618975	0	T:235.0(4.10%),B:874.0(2.14%),P:1e-19	Tpos:52.8,Tstd:26.6,Bpos:50.0,Bstd:28.8,StrandBias:0.6,Multiplicity:1.01
0.080	0.055	0.864	0.001
0.027	0.001	0.971	0.001
0.032	0.208	0.083	0.677
0.042	0.843	0.096	0.019
0.874	0.049	0.001	0.076
0.022	0.001	0.976	0.001
0.014	0.047	0.001	0.938
0.017	0.054	0.030	0.899
>ATCGTCGA	14-ATCGTCGA	4.992420	-41.922463	0	T:236.0(4.12%),B:900.3(2.20%),P:1e-18	Tpos:52.8,Tstd:28.2,Bpos:47.9,Bstd:35.4,StrandBias:-0.2,Multiplicity:1.03
0.718	0.085	0.032	0.165
0.114	0.104	0.067	0.715
0.038	0.840	0.069	0.053
0.124	0.079	0.696	0.101
0.130	0.122	0.132	0.616
0.068	0.814	0.074	0.044
0.063	0.038	0.835	0.064
0.773	0.101	0.037	0.089
>GAYCGTHR	15-GAYCGTHR	5.937175	-40.896757	0	T:203.0(3.54%),B:739.3(1.81%),P:1e-17	Tpos:54.5,Tstd:25.7,Bpos:52.0,Bstd:34.7,StrandBias:1.0,Multiplicity:1.04
0.149	0.001	0.704	0.146
0.997	0.001	0.001	0.001
0.001	0.437	0.150	0.412
0.001	0.997	0.001	0.001
0.001	0.001	0.833	0.165
0.187	0.113	0.236	0.463
0.368	0.372	0.001	0.259
0.497	0.001	0.501	0.001
>TAAACVGC	16-TAAACVGC	6.591861	-38.084564	0	T:378.0(6.59%),B:1715.5(4.19%),P:1e-16	Tpos:53.3,Tstd:27.0,Bpos:49.6,Bstd:28.6,StrandBias:-0.6,Multiplicity:1.04
0.001	0.213	0.001	0.785
0.594	0.001	0.259	0.146
0.610	0.388	0.001	0.001
0.997	0.001	0.001	0.001
0.248	0.572	0.179	0.001
0.257	0.365	0.257	0.121
0.001	0.001	0.997	0.001
0.001	0.997	0.001	0.001
>TCGCGAGW	17-TCGCGAGW	5.539435	-36.752124	0	T:67.0(1.17%),B:143.7(0.35%),P:1e-15	Tpos:44.1,Tstd:28.8,Bpos:51.4,Bstd:35.6,StrandBias:0.0,Multiplicity:1.02
0.001	0.001	0.001	0.997
0.001	0.899	0.001	0.099
0.001	0.001	0.997	0.001
0.001	0.997	0.001	0.001
0.001	0.001	0.997	0.001
0.997	0.001	0.001	0.001
0.001	0.321	0.675	0.003
0.435	0.059	0.001	0.505
>CGCCTGCG	18-CGCCTGCG	8.175507	-36.664042	0	T:154.0(2.69%),B:525.2(1.28%),P:1e-15	Tpos:40.0,Tstd:25.0,Bpos:49.1,Bstd:38.7,StrandBias:-0.1,Multiplicity:1.04
0.001	0.997	0.001	0.001
0.001	0.001	0.997	0.001
0.001	0.997	0.001	0.001
0.079	0.919	0.001	0.001
0.001	0.001	0.001	0.997
0.001	0.001	0.913	0.085
0.001	0.997	0.001	0.001
0.001	0.001	0.763	0.235
>ADGGCRAC	19-ADGGCRAC	6.368840	-35.849892	0	T:541.0(9.43%),B:2704.9(6.61%),P:1e-15	Tpos:50.1,Tstd:27.6,Bpos:50.0,Bstd:29.8,StrandBias:-0.1,Multiplicity:1.05
0.989	0.001	0.001	0.009
0.323	0.001	0.277	0.399
0.228	0.001	0.463	0.308
0.076	0.001	0.922	0.001
0.001	0.925	0.038	0.036
0.415	0.191	0.298	0.096
0.663	0.036	0.001	0.300
0.001	0.997	0.001	0.001
>GGCGGTTA	20-GGCGGTTA	7.095548	-27.534754	0	T:128.0(2.23%),B:458.3(1.12%),P:1e-11	Tpos:53.1,Tstd:26.4,Bpos:52.1,Bstd:31.7,StrandBias:0.7,Multiplicity:1.04
0.001	0.001	0.982	0.016
0.001	0.011	0.987	0.001
0.001	0.825	0.045	0.129
0.001	0.001	0.824	0.174
0.001	0.047	0.864	0.088
0.001	0.060	0.058	0.881
0.001	0.071	0.174	0.754
0.895	0.077	0.001	0.027
>TTGGCGTT	21-TTGGCGTT	5.522548	-22.991188	0	T:333.0(5.81%),B:1654.9(4.05%),P:1e-9	Tpos:52.3,Tstd:27.7,Bpos:49.0,Bstd:29.9,StrandBias:0.1,Multiplicity:1.03
0.084	0.108	0.103	0.705
0.104	0.062	0.052	0.782
0.097	0.104	0.712	0.087
0.069	0.012	0.781	0.138
0.062	0.892	0.035	0.011
0.125	0.139	0.668	0.068
0.043	0.140	0.142	0.675
0.085	0.036	0.081	0.798
>AAATGGCG	22-AAATGGCG	9.158779	-22.893002	0	T:37.0(0.65%),B:74.1(0.18%),P:1e-9	Tpos:55.2,Tstd:32.1,Bpos:50.7,Bstd:36.1,StrandBias:-1.0,Multiplicity:1.00
0.997	0.001	0.001	0.001
0.997	0.001	0.001	0.001
0.850	0.148	0.001	0.001
0.001	0.001	0.001	0.997
0.001	0.001	0.997	0.001
0.001	0.001	0.997	0.001
0.001	0.997	0.001	0.001
0.001	0.001	0.997	0.001
>CTGAACTG	23-CTGAACTG	7.446844	-21.382507	0	T:175.0(3.05%),B:760.1(1.86%),P:1e-9	Tpos:51.1,Tstd:28.1,Bpos:49.1,Bstd:29.1,StrandBias:0.2,Multiplicity:1.01
0.024	0.941	0.001	0.034
0.001	0.144	0.001	0.854
0.001	0.001	0.974	0.024
0.869	0.036	0.094	0.001
0.789	0.031	0.128	0.052
0.049	0.927	0.001	0.023
0.001	0.038	0.019	0.942
0.001	0.001	0.847	0.151
>ATCCGGAT	24-ATCCGGAT	7.810151	-15.140052	0	T:81.0(1.41%),B:312.0(0.76%),P:1e-6	Tpos:49.6,Tstd:28.2,Bpos:50.1,Bstd:32.1,StrandBias:-0.3,Multiplicity:1.03
0.997	0.001	0.001	0.001
0.001	0.244	0.001	0.754
0.001	0.908	0.001	0.090
0.188	0.740	0.071	0.001
0.123	0.001	0.875	0.001
0.001	0.001	0.980	0.018
0.997	0.001	0.001	0.001
0.001	0.001	0.090	0.908
>TAGACGGC	25-TAGACGGC	9.873116	-11.234750	0	T:13.0(0.23%),B:21.9(0.05%),P:1e-4	Tpos:53.7,Tstd:22.2,Bpos:31.1,Bstd:25.9,StrandBias:1.0,Multiplicity:1.00
0.001	0.001	0.001	0.997
0.997	0.001	0.001	0.001
0.001	0.001	0.997	0.001
0.997	0.001	0.001	0.001
0.001	0.997	0.001	0.001
0.001	0.001	0.997	0.001
0.001	0.001	0.670	0.328
0.001	0.919	0.079	0.001
