>VCCGGAAGCN	1-VCCGGAAGCN	8.111415	-189.816806	0	T:307.0(5.35%),B:580.9(1.42%),P:1e-82	Tpos:44.3,Tstd:22.9,Bpos:50.2,Bstd:36.6,StrandBias:0.3,Multiplicity:1.21
0.356	0.234	0.320	0.090
0.010	0.603	0.386	0.001
0.001	0.997	0.001	0.001
0.001	0.001	0.997	0.001
0.001	0.001	0.997	0.001
0.997	0.001	0.001	0.001
0.997	0.001	0.001	0.001
0.411	0.001	0.587	0.001
0.301	0.457	0.001	0.240
0.297	0.239	0.238	0.225
>DTGGGGGGGG	2-DTGGGGGGGG	6.116732	-113.055259	0	T:932.0(16.25%),B:4055.2(9.93%),P:1e-49	Tpos:42.5,Tstd:22.5,Bpos:49.4,Bstd:29.0,StrandBias:1.3,Multiplicity:1.12
0.269	0.071	0.319	0.340
0.231	0.027	0.265	0.477
0.106	0.009	0.635	0.250
0.042	0.008	0.814	0.136
0.042	0.028	0.754	0.176
0.011	0.118	0.778	0.093
0.001	0.073	0.858	0.068
0.001	0.004	0.969	0.026
0.125	0.012	0.739	0.124
0.230	0.080	0.637	0.053
>GGGGGAAAGT	3-GGGGGAAAGT	5.894213	-107.411825	0	T:773.0(13.48%),B:3216.2(7.88%),P:1e-46	Tpos:52.8,Tstd:23.8,Bpos:50.4,Bstd:30.1,StrandBias:1.3,Multiplicity:1.04
0.086	0.034	0.812	0.068
0.034	0.006	0.954	0.006
0.040	0.135	0.724	0.101
0.100	0.001	0.893	0.006
0.199	0.084	0.594	0.123
0.742	0.073	0.054	0.131
0.660	0.146	0.178	0.016
0.757	0.085	0.098	0.060
0.074	0.199	0.446	0.280
0.126	0.016	0.031	0.827
>TGCGCATGCG	4-TGCGCATGCG	9.849219	-94.505984	0	T:100.0(1.74%),B:126.7(0.31%),P:1e-41	Tpos:38.3,Tstd:20.2,Bpos:46.4,Bstd:34.2,StrandBias:-0.2,Multiplicity:1.11
0.001	0.108	0.001	0.890
0.001	0.001	0.997	0.001
0.001	0.928	0.070	0.001
0.012	0.001	0.986	0.001
0.001	0.997	0.001	0.001
0.666	0.258	0.001	0.075
0.029	0.040	0.093	0.838
0.012	0.012	0.975	0.001
0.001	0.963	0.001	0.035
0.001	0.018	0.906	0.075
>AGGAGGAGGA	5-AGGAGGAGGA	5.159306	-93.172314	0	T:1663.0(29.00%),B:8763.3(21.46%),P:1e-40	Tpos:49.8,Tstd:25.2,Bpos:49.8,Bstd:30.4,StrandBias:1.2,Multiplicity:1.24
0.649	0.111	0.111	0.129
0.095	0.071	0.712	0.122
0.123	0.094	0.715	0.068
0.633	0.093	0.155	0.119
0.089	0.025	0.800	0.086
0.122	0.102	0.739	0.037
0.635	0.125	0.126	0.114
0.099	0.086	0.698	0.117
0.118	0.099	0.704	0.079
0.690	0.087	0.105	0.118
>GRGGCGGGGC	6-GRGGCGGGGC	7.891837	-87.601855	0	T:357.0(6.23%),B:1190.2(2.91%),P:1e-38	Tpos:30.4,Tstd:21.2,Bpos:49.2,Bstd:35.4,StrandBias:0.5,Multiplicity:1.10
0.064	0.001	0.759	0.176
0.459	0.001	0.539	0.001
0.001	0.001	0.997	0.001
0.001	0.001	0.997	0.001
0.001	0.997	0.001	0.001
0.001	0.001	0.997	0.001
0.001	0.001	0.955	0.043
0.109	0.001	0.889	0.001
0.001	0.151	0.847	0.001
0.001	0.997	0.001	0.001
>GHTGMTGAWG	7-GHTGMTGAWG	4.666310	-86.124065	0	T:2308.0(40.25%),B:13132.4(32.16%),P:1e-37	Tpos:50.9,Tstd:27.5,Bpos:50.3,Bstd:29.2,StrandBias:0.6,Multiplicity:1.28
0.094	0.157	0.546	0.203
0.334	0.317	0.110	0.238
0.396	0.038	0.001	0.565
0.180	0.059	0.658	0.103
0.318	0.400	0.109	0.173
0.374	0.001	0.053	0.572
0.001	0.001	0.997	0.001
0.425	0.261	0.141	0.173
0.426	0.033	0.001	0.540
0.001	0.175	0.687	0.137
>ATGGCGGCGA	8-ATGGCGGCGA	7.661761	-80.847456	0	T:131.0(2.28%),B:249.9(0.61%),P:1e-35	Tpos:67.6,Tstd:25.0,Bpos:52.1,Bstd:35.5,StrandBias:0.9,Multiplicity:1.02
0.795	0.084	0.030	0.091
0.062	0.061	0.078	0.799
0.060	0.068	0.837	0.035
0.073	0.030	0.856	0.041
0.029	0.863	0.040	0.068
0.055	0.017	0.836	0.092
0.035	0.058	0.864	0.043
0.106	0.695	0.069	0.130
0.108	0.057	0.766	0.069
0.693	0.088	0.126	0.093
>CGGAAGTGGA	9-CGGAAGTGGA	6.849285	-73.451754	0	T:312.0(5.44%),B:1059.2(2.59%),P:1e-31	Tpos:51.0,Tstd:28.0,Bpos:50.4,Bstd:31.2,StrandBias:0.7,Multiplicity:1.02
0.055	0.825	0.048	0.072
0.078	0.084	0.810	0.028
0.065	0.050	0.855	0.030
0.842	0.089	0.039	0.030
0.870	0.047	0.037	0.046
0.027	0.120	0.754	0.099
0.047	0.057	0.096	0.800
0.075	0.037	0.835	0.053
0.040	0.014	0.854	0.092
0.712	0.151	0.077	0.060
>GCGGCCATTT	10-GCGGCCATTT	6.400694	-72.435008	0	T:152.0(2.65%),B:351.0(0.86%),P:1e-31	Tpos:58.1,Tstd:26.2,Bpos:51.5,Bstd:33.0,StrandBias:-0.4,Multiplicity:1.02
0.089	0.162	0.670	0.079
0.077	0.681	0.106	0.136
0.220	0.171	0.475	0.134
0.071	0.152	0.707	0.070
0.142	0.599	0.119	0.140
0.118	0.721	0.141	0.020
0.584	0.119	0.175	0.122
0.157	0.214	0.168	0.460
0.133	0.173	0.177	0.517
0.111	0.176	0.183	0.530
>CGTGACGTCA	11-CGTGACGTCA	6.762495	-64.119075	0	T:136.0(2.37%),B:317.9(0.78%),P:1e-27	Tpos:38.8,Tstd:24.2,Bpos:50.3,Bstd:34.8,StrandBias:-0.2,Multiplicity:1.04
0.220	0.407	0.213	0.160
0.119	0.160	0.544	0.177
0.085	0.135	0.001	0.779
0.001	0.151	0.759	0.089
0.634	0.205	0.160	0.001
0.001	0.974	0.007	0.018
0.001	0.001	0.997	0.001
0.036	0.120	0.018	0.826
0.195	0.657	0.001	0.147
0.741	0.001	0.104	0.154
>TCATTGGCCG	12-TCATTGGCCG	7.156880	-47.861360	0	T:195.0(3.40%),B:652.8(1.60%),P:1e-20	Tpos:38.8,Tstd:25.9,Bpos:50.2,Bstd:28.2,StrandBias:-0.2,Multiplicity:1.02
0.130	0.126	0.042	0.702
0.001	0.830	0.159	0.010
0.912	0.035	0.001	0.052
0.040	0.127	0.001	0.832
0.028	0.042	0.012	0.918
0.034	0.001	0.964	0.001
0.001	0.012	0.986	0.001
0.041	0.818	0.103	0.038
0.128	0.511	0.060	0.301
0.229	0.236	0.534	0.001
>AATTCCCGGC	13-AATTCCCGGC	8.265096	-43.916923	0	T:24.0(0.42%),B:12.5(0.03%),P:1e-19	Tpos:50.1,Tstd:24.5,Bpos:56.7,Bstd:29.5,StrandBias:0.1,Multiplicity:1.00
0.879	0.009	0.034	0.078
0.661	0.074	0.001	0.264
0.200	0.213	0.026	0.561
0.043	0.215	0.217	0.525
0.060	0.529	0.297	0.114
0.140	0.490	0.051	0.318
0.001	0.874	0.001	0.124
0.027	0.232	0.740	0.001
0.210	0.054	0.676	0.060
0.272	0.536	0.141	0.051
>GTCGGTGGCA	14-GTCGGTGGCA	9.086176	-43.262339	0	T:46.0(0.80%),B:60.4(0.15%),P:1e-18	Tpos:56.3,Tstd:29.1,Bpos:50.9,Bstd:34.2,StrandBias:0.1,Multiplicity:1.00
0.001	0.001	0.659	0.339
0.147	0.001	0.124	0.728
0.181	0.784	0.034	0.001
0.124	0.001	0.866	0.009
0.001	0.063	0.935	0.001
0.001	0.334	0.001	0.664
0.001	0.191	0.807	0.001
0.001	0.001	0.997	0.001
0.001	0.686	0.182	0.131
0.743	0.128	0.001	0.128
>TCATCCGGAT	15-TCATCCGGAT	6.593661	-42.651879	0	T:221.0(3.85%),B:816.4(2.00%),P:1e-18	Tpos:48.1,Tstd:27.6,Bpos:49.8,Bstd:28.9,StrandBias:-0.1,Multiplicity:1.01
0.079	0.061	0.055	0.805
0.044	0.837	0.055	0.064
0.780	0.090	0.039	0.091
0.075	0.066	0.082	0.777
0.044	0.852	0.048	0.056
0.102	0.746	0.083	0.069
0.125	0.031	0.752	0.092
0.045	0.103	0.833	0.019
0.781	0.046	0.060	0.113
0.036	0.047	0.073	0.844
>TCGCGAGATG	16-TCGCGAGATG	9.625895	-40.677706	0	T:27.0(0.47%),B:19.0(0.05%),P:1e-17	Tpos:41.0,Tstd:27.5,Bpos:54.2,Bstd:17.7,StrandBias:1.0,Multiplicity:1.08
0.001	0.001	0.063	0.935
0.001	0.935	0.063	0.001
0.001	0.001	0.997	0.001
0.064	0.871	0.064	0.001
0.063	0.001	0.935	0.001
0.997	0.001	0.001	0.001
0.001	0.001	0.997	0.001
0.935	0.001	0.063	0.001
0.148	0.064	0.064	0.724
0.064	0.148	0.724	0.064
>ACCGACTGAC	17-ACCGACTGAC	9.662641	-35.509052	0	T:22.0(0.38%),B:14.7(0.04%),P:1e-15	Tpos:57.0,Tstd:18.5,Bpos:50.1,Bstd:20.7,StrandBias:-2.6,Multiplicity:1.00
0.904	0.094	0.001	0.001
0.001	0.997	0.001	0.001
0.002	0.802	0.095	0.101
0.094	0.001	0.904	0.001
0.771	0.038	0.001	0.190
0.001	0.904	0.094	0.001
0.001	0.094	0.001	0.904
0.001	0.094	0.904	0.001
0.904	0.001	0.001	0.094
0.094	0.904	0.001	0.001
>TTTWTTAAMA	18-TTTWTTAAMA	7.794397	-30.739987	0	T:373.0(6.51%),B:1776.7(4.35%),P:1e-13	Tpos:52.9,Tstd:28.9,Bpos:47.8,Bstd:29.0,StrandBias:0.6,Multiplicity:1.07
0.030	0.084	0.183	0.703
0.121	0.046	0.024	0.809
0.110	0.001	0.001	0.888
0.520	0.001	0.001	0.478
0.108	0.073	0.037	0.782
0.182	0.001	0.001	0.816
0.615	0.001	0.025	0.359
0.564	0.077	0.072	0.287
0.447	0.358	0.001	0.194
0.877	0.001	0.001	0.121
>AGCAGCTTTT	19-AGCAGCTTTT	7.184868	-30.464817	0	T:200.0(3.49%),B:806.1(1.97%),P:1e-13	Tpos:51.9,Tstd:27.3,Bpos:52.6,Bstd:29.3,StrandBias:-0.3,Multiplicity:1.01
0.750	0.095	0.104	0.051
0.021	0.066	0.870	0.043
0.030	0.854	0.046	0.070
0.806	0.107	0.016	0.071
0.101	0.065	0.802	0.032
0.067	0.805	0.034	0.094
0.025	0.062	0.080	0.833
0.082	0.094	0.040	0.784
0.056	0.085	0.112	0.747
0.072	0.107	0.067	0.754
>CGCTGGCAAA	20-CGCTGGCAAA	8.990251	-27.982088	0	T:39.0(0.68%),B:69.0(0.17%),P:1e-12	Tpos:54.5,Tstd:25.9,Bpos:50.5,Bstd:33.3,StrandBias:0.2,Multiplicity:1.00
0.090	0.908	0.001	0.001
0.147	0.081	0.771	0.001
0.083	0.693	0.001	0.223
0.001	0.001	0.223	0.775
0.001	0.001	0.693	0.305
0.215	0.082	0.550	0.153
0.314	0.684	0.001	0.001
0.855	0.143	0.001	0.001
0.924	0.001	0.001	0.074
0.997	0.001	0.001	0.001
>TTTTTATAGG	21-TTTTTATAGG	10.296193	-24.887368	0	T:12.0(0.21%),B:5.5(0.01%),P:1e-10	Tpos:48.0,Tstd:21.8,Bpos:57.2,Bstd:25.2,StrandBias:0.6,Multiplicity:1.00
0.100	0.100	0.100	0.700
0.100	0.100	0.100	0.700
0.100	0.100	0.100	0.700
0.100	0.100	0.100	0.700
0.100	0.100	0.100	0.700
0.700	0.100	0.100	0.100
0.100	0.100	0.100	0.700
0.700	0.100	0.100	0.100
0.100	0.100	0.700	0.100
0.100	0.100	0.700	0.100
>CCCCCTTGGA	22-CCCCCTTGGA	7.898463	-21.500332	0	T:40.0(0.70%),B:89.8(0.22%),P:1e-9	Tpos:54.8,Tstd:19.7,Bpos:59.0,Bstd:25.1,StrandBias:-0.3,Multiplicity:1.00
0.051	0.689	0.043	0.217
0.232	0.424	0.207	0.137
0.100	0.684	0.195	0.021
0.035	0.551	0.190	0.224
0.054	0.640	0.262	0.044
0.182	0.026	0.045	0.747
0.174	0.151	0.102	0.573
0.038	0.031	0.891	0.040
0.197	0.178	0.582	0.043
0.674	0.251	0.030	0.045
>CTGAAAAACA	23-CTGAAAAACA	10.296193	-19.347281	0	T:17.0(0.30%),B:19.6(0.05%),P:1e-8	Tpos:49.4,Tstd:25.0,Bpos:48.8,Bstd:22.3,StrandBias:-1.1,Multiplicity:1.00
0.100	0.700	0.100	0.100
0.100	0.100	0.100	0.700
0.100	0.100	0.700	0.100
0.700	0.100	0.100	0.100
0.700	0.100	0.100	0.100
0.700	0.100	0.100	0.100
0.700	0.100	0.100	0.100
0.700	0.100	0.100	0.100
0.100	0.700	0.100	0.100
0.700	0.100	0.100	0.100
>GACCACCACC	24-GACCACCACC	10.173307	-17.232417	0	T:34.0(0.59%),B:80.3(0.20%),P:1e-7	Tpos:51.5,Tstd:19.0,Bpos:48.0,Bstd:25.6,StrandBias:-2.5,Multiplicity:1.00
0.168	0.287	0.510	0.035
0.823	0.173	0.001	0.003
0.107	0.728	0.001	0.164
0.001	0.576	0.107	0.316
0.997	0.001	0.001	0.001
0.001	0.892	0.001	0.106
0.001	0.997	0.001	0.001
0.818	0.001	0.001	0.180
0.001	0.997	0.001	0.001
0.001	0.892	0.106	0.001
>CAGAATCTGA	25-CAGAATCTGA	10.569419	-9.787068	0	T:16.0(0.28%),B:35.6(0.09%),P:1e-4	Tpos:55.9,Tstd:30.7,Bpos:60.6,Bstd:26.6,StrandBias:0.3,Multiplicity:1.00
0.001	0.997	0.001	0.001
0.938	0.001	0.060	0.001
0.001	0.001	0.997	0.001
0.997	0.001	0.001	0.001
0.716	0.001	0.001	0.282
0.001	0.001	0.060	0.938
0.001	0.997	0.001	0.001
0.001	0.060	0.001	0.938
0.001	0.001	0.997	0.001
0.997	0.001	0.001	0.001
>DACCGGAAGCVV	1-DACCGGAAGCVV	5.106240	-138.095597	0	T:171.0(2.98%),B:254.0(0.62%),P:1e-59	Tpos:44.2,Tstd:22.6,Bpos:50.9,Bstd:33.8,StrandBias:0.5,Multiplicity:1.06
0.322	0.129	0.309	0.241
0.443	0.280	0.237	0.040
0.001	0.997	0.001	0.001
0.001	0.997	0.001	0.001
0.001	0.001	0.997	0.001
0.001	0.001	0.997	0.001
0.997	0.001	0.001	0.001
0.997	0.001	0.001	0.001
0.001	0.001	0.997	0.001
0.001	0.671	0.001	0.327
0.356	0.325	0.209	0.111
0.322	0.271	0.324	0.083
>TCYTCCTCCTCH	2-TCYTCCTCCTCH	-5.588532	-100.033382	0	T:1834.0(31.98%),B:9754.2(23.89%),P:1e-43	Tpos:51.6,Tstd:24.9,Bpos:50.1,Bstd:30.7,StrandBias:-1.3,Multiplicity:1.25
0.001	0.001	0.001	0.997
0.001	0.997	0.001	0.001
0.001	0.504	0.001	0.494
0.001	0.001	0.001	0.997
0.001	0.997	0.001	0.001
0.001	0.997	0.001	0.001
0.001	0.001	0.001	0.997
0.001	0.997	0.001	0.001
0.001	0.730	0.001	0.268
0.061	0.001	0.001	0.937
0.001	0.997	0.001	0.001
0.243	0.321	0.147	0.289
>CGCCGCCATGTT	3-CGCCGCCATGTT	7.099937	-93.676118	0	T:244.0(4.26%),B:645.3(1.58%),P:1e-40	Tpos:63.3,Tstd:25.0,Bpos:48.2,Bstd:33.4,StrandBias:-1.2,Multiplicity:1.02
0.067	0.710	0.132	0.091
0.105	0.094	0.747	0.054
0.027	0.892	0.027	0.054
0.040	0.856	0.054	0.050
0.001	0.040	0.946	0.013
0.026	0.947	0.001	0.026
0.013	0.961	0.013	0.013
0.879	0.027	0.067	0.027
0.027	0.054	0.027	0.892
0.054	0.292	0.591	0.063
0.107	0.080	0.067	0.746
0.027	0.094	0.040	0.839
>CTGCGCATGCGC	4-CTGCGCATGCGC	11.087572	-82.452516	0	T:86.0(1.50%),B:107.6(0.26%),P:1e-35	Tpos:36.7,Tstd:19.1,Bpos:43.9,Bstd:35.1,StrandBias:-0.1,Multiplicity:1.15
0.141	0.472	0.178	0.209
0.012	0.280	0.246	0.461
0.001	0.001	0.997	0.001
0.050	0.876	0.073	0.001
0.061	0.001	0.937	0.001
0.001	0.997	0.001	0.001
0.677	0.206	0.058	0.059
0.091	0.063	0.239	0.607
0.049	0.001	0.949	0.001
0.001	0.961	0.001	0.037
0.001	0.112	0.806	0.081
0.001	0.908	0.001	0.090
>CGGAAGTGACGT	5-CGGAAGTGACGT	11.034234	-80.729617	0	T:27.0(0.47%),B:4.9(0.01%),P:1e-35	Tpos:30.7,Tstd:20.7,Bpos:52.9,Bstd:31.6,StrandBias:0.4,Multiplicity:1.00
0.001	0.997	0.001	0.001
0.001	0.001	0.997	0.001
0.001	0.001	0.997	0.001
0.997	0.001	0.001	0.001
0.817	0.181	0.001	0.001
0.181	0.001	0.817	0.001
0.001	0.001	0.001	0.997
0.001	0.001	0.997	0.001
0.997	0.001	0.001	0.001
0.001	0.817	0.001	0.181
0.001	0.182	0.805	0.012
0.001	0.038	0.182	0.779
>AAAGGGGGGGGG	6-AAAGGGGGGGGG	5.149809	-74.709394	0	T:1030.0(17.96%),B:5086.2(12.46%),P:1e-32	Tpos:42.7,Tstd:22.4,Bpos:49.3,Bstd:29.8,StrandBias:1.0,Multiplicity:1.14
0.789	0.072	0.093	0.046
0.858	0.023	0.085	0.034
0.800	0.026	0.114	0.060
0.086	0.017	0.862	0.035
0.040	0.017	0.909	0.034
0.069	0.043	0.845	0.043
0.105	0.036	0.790	0.069
0.105	0.070	0.720	0.105
0.055	0.054	0.830	0.061
0.060	0.023	0.825	0.092
0.012	0.043	0.902	0.043
0.040	0.043	0.874	0.043
>CATCTTCAACAG	7-CATCTTCAACAG	6.139196	-63.891238	0	T:821.0(14.32%),B:3975.8(9.74%),P:1e-27	Tpos:50.0,Tstd:26.6,Bpos:50.5,Bstd:28.1,StrandBias:-0.8,Multiplicity:1.10
0.088	0.826	0.053	0.033
0.694	0.053	0.014	0.239
0.098	0.051	0.224	0.627
0.042	0.602	0.024	0.332
0.199	0.028	0.014	0.759
0.081	0.176	0.154	0.589
0.025	0.853	0.035	0.087
0.763	0.149	0.004	0.084
0.532	0.129	0.209	0.130
0.216	0.669	0.063	0.052
0.840	0.014	0.009	0.137
0.181	0.084	0.560	0.175
>TGACGTCACBGC	8-TGACGTCACBGC	8.472125	-61.549164	0	T:76.0(1.33%),B:114.4(0.28%),P:1e-26	Tpos:34.0,Tstd:18.2,Bpos:57.0,Bstd:33.7,StrandBias:-0.1,Multiplicity:1.03
0.056	0.085	0.001	0.858
0.086	0.001	0.885	0.028
0.745	0.141	0.058	0.056
0.001	0.913	0.085	0.001
0.001	0.028	0.914	0.057
0.029	0.056	0.001	0.914
0.001	0.997	0.001	0.001
0.885	0.057	0.029	0.029
0.029	0.482	0.200	0.289
0.113	0.349	0.227	0.311
0.143	0.086	0.572	0.199
0.113	0.600	0.258	0.029
>TTTCCGCTTCCG	9-TTTCCGCTTCCG	9.329447	-46.967373	0	T:56.0(0.98%),B:82.2(0.20%),P:1e-20	Tpos:51.3,Tstd:26.8,Bpos:48.8,Bstd:36.1,StrandBias:0.0,Multiplicity:1.03
0.072	0.037	0.035	0.856
0.035	0.071	0.035	0.859
0.001	0.072	0.001	0.926
0.001	0.928	0.001	0.070
0.106	0.678	0.071	0.145
0.035	0.101	0.793	0.071
0.106	0.576	0.180	0.138
0.075	0.071	0.071	0.783
0.001	0.178	0.035	0.786
0.001	0.929	0.035	0.035
0.036	0.962	0.001	0.001
0.035	0.061	0.832	0.072
>TTGGAGAGCTAG	10-TTGGAGAGCTAG	9.795152	-41.616802	0	T:32.0(0.56%),B:28.2(0.07%),P:1e-18	Tpos:50.9,Tstd:27.1,Bpos:41.0,Bstd:22.4,StrandBias:0.9,Multiplicity:1.00
0.001	0.065	0.032	0.902
0.032	0.001	0.065	0.902
0.001	0.065	0.902	0.032
0.001	0.097	0.901	0.001
0.834	0.033	0.131	0.002
0.131	0.033	0.803	0.033
0.869	0.001	0.065	0.065
0.035	0.001	0.800	0.164
0.032	0.836	0.001	0.131
0.033	0.068	0.164	0.735
0.765	0.033	0.101	0.101
0.101	0.098	0.768	0.033
>TTCTATTACAGC	11-TTCTATTACAGC	7.399694	-40.833004	0	T:179.0(3.12%),B:619.9(1.52%),P:1e-17	Tpos:48.1,Tstd:26.4,Bpos:46.4,Bstd:28.3,StrandBias:0.2,Multiplicity:1.01
0.058	0.058	0.051	0.833
0.075	0.051	0.087	0.787
0.095	0.706	0.071	0.128
0.108	0.058	0.043	0.791
0.643	0.102	0.139	0.116
0.101	0.044	0.058	0.797
0.081	0.112	0.095	0.712
0.689	0.092	0.078	0.141
0.091	0.777	0.066	0.066
0.834	0.054	0.034	0.078
0.051	0.061	0.776	0.112
0.107	0.655	0.113	0.125
>CCCCCCCCACAA	12-CCCCCCCCACAA	9.084830	-39.715099	0	T:148.0(2.58%),B:477.8(1.17%),P:1e-17	Tpos:45.5,Tstd:22.0,Bpos:48.4,Bstd:25.8,StrandBias:-2.2,Multiplicity:1.04
0.001	0.997	0.001	0.001
0.063	0.895	0.021	0.021
0.124	0.752	0.103	0.021
0.187	0.606	0.083	0.124
0.106	0.571	0.226	0.097
0.041	0.948	0.001	0.010
0.082	0.897	0.020	0.001
0.125	0.751	0.021	0.103
0.640	0.339	0.020	0.001
0.162	0.775	0.062	0.001
0.944	0.035	0.001	0.020
0.769	0.104	0.065	0.062
>AAGCCTGCAAAC	13-AAGCCTGCAAAC	13.316682	-39.233642	0	T:11.0(0.19%),B:1.2(0.00%),P:1e-17	Tpos:35.2,Tstd:22.1,Bpos:56.6,Bstd:11.5,StrandBias:-0.3,Multiplicity:1.00
0.908	0.001	0.090	0.001
0.817	0.091	0.091	0.001
0.090	0.001	0.908	0.001
0.001	0.997	0.001	0.001
0.090	0.908	0.001	0.001
0.001	0.001	0.001	0.997
0.001	0.001	0.997	0.001
0.091	0.817	0.091	0.001
0.997	0.001	0.001	0.001
0.908	0.090	0.001	0.001
0.997	0.001	0.001	0.001
0.091	0.817	0.091	0.001
>TCTTTTCAGGGG	14-TCTTTTCAGGGG	9.504845	-36.587933	0	T:60.0(1.05%),B:118.9(0.29%),P:1e-15	Tpos:54.3,Tstd:21.1,Bpos:48.9,Bstd:25.7,StrandBias:1.4,Multiplicity:1.00
0.027	0.065	0.069	0.839
0.077	0.693	0.095	0.135
0.042	0.095	0.014	0.849
0.014	0.027	0.068	0.891
0.014	0.041	0.027	0.918
0.068	0.118	0.054	0.760
0.068	0.823	0.028	0.081
0.814	0.054	0.014	0.118
0.041	0.014	0.930	0.015
0.041	0.027	0.851	0.081
0.068	0.027	0.864	0.041
0.054	0.108	0.770	0.068
>ATTGGCTGCGGC	15-ATTGGCTGCGGC	10.338407	-34.592796	0	T:38.0(0.66%),B:52.8(0.13%),P:1e-15	Tpos:40.0,Tstd:26.2,Bpos:51.9,Bstd:31.2,StrandBias:1.8,Multiplicity:1.00
0.723	0.072	0.127	0.078
0.096	0.145	0.067	0.692
0.036	0.031	0.019	0.914
0.018	0.018	0.910	0.054
0.018	0.018	0.910	0.054
0.017	0.981	0.001	0.001
0.091	0.055	0.120	0.734
0.001	0.043	0.920	0.036
0.117	0.720	0.091	0.072
0.036	0.073	0.781	0.110
0.037	0.019	0.872	0.072
0.036	0.854	0.074	0.036
>TTTTTTWTTTAA	16-TTTTTTWTTTAA	10.340708	-30.865204	0	T:174.0(3.03%),B:666.9(1.63%),P:1e-13	Tpos:59.4,Tstd:28.2,Bpos:49.8,Bstd:29.3,StrandBias:1.4,Multiplicity:1.03
0.156	0.250	0.001	0.593
0.001	0.051	0.001	0.947
0.001	0.001	0.087	0.911
0.001	0.001	0.001	0.997
0.001	0.313	0.001	0.685
0.272	0.078	0.001	0.649
0.426	0.001	0.103	0.470
0.370	0.001	0.001	0.628
0.001	0.001	0.001	0.997
0.402	0.011	0.001	0.586
0.523	0.306	0.001	0.170
0.758	0.091	0.001	0.150
>AGCCGCTCGCTC	17-AGCCGCTCGCTC	13.475975	-30.601474	0	T:9.0(0.16%),B:1.7(0.00%),P:1e-13	Tpos:46.4,Tstd:23.9,Bpos:59.4,Bstd:17.1,StrandBias:-1.2,Multiplicity:1.11
0.892	0.001	0.106	0.001
0.001	0.001	0.997	0.001
0.001	0.997	0.001	0.001
0.001	0.892	0.106	0.001
0.001	0.001	0.997	0.001
0.001	0.997	0.001	0.001
0.001	0.001	0.106	0.892
0.001	0.892	0.106	0.001
0.001	0.001	0.892	0.106
0.001	0.997	0.001	0.001
0.001	0.107	0.248	0.644
0.001	0.997	0.001	0.001
>GGGGGGGAGTTA	18-GGGGGGGAGTTA	9.403373	-30.409063	0	T:51.0(0.89%),B:103.5(0.25%),P:1e-13	Tpos:54.3,Tstd:24.6,Bpos:54.2,Bstd:30.7,StrandBias:2.0,Multiplicity:1.00
0.046	0.044	0.865	0.045
0.001	0.001	0.997	0.001
0.137	0.047	0.638	0.178
0.139	0.089	0.683	0.089
0.136	0.046	0.770	0.048
0.090	0.001	0.775	0.134
0.044	0.179	0.776	0.001
0.866	0.001	0.089	0.044
0.001	0.044	0.911	0.044
0.001	0.089	0.001	0.909
0.001	0.094	0.140	0.765
0.862	0.089	0.048	0.001
>CGACGGCGGTAG	19-CGACGGCGGTAG	10.409522	-28.065694	0	T:10.0(0.17%),B:2.5(0.01%),P:1e-12	Tpos:61.9,Tstd:22.2,Bpos:21.0,Bstd:0.0,StrandBias:0.0,Multiplicity:1.00
0.100	0.700	0.100	0.100
0.100	0.100	0.700	0.100
0.700	0.100	0.100	0.100
0.100	0.700	0.100	0.100
0.100	0.100	0.700	0.100
0.100	0.100	0.700	0.100
0.100	0.700	0.100	0.100
0.100	0.100	0.700	0.100
0.100	0.100	0.700	0.100
0.100	0.100	0.100	0.700
0.700	0.100	0.100	0.100
0.100	0.100	0.700	0.100
>GGTATCGCGAGA	20-GGTATCGCGAGA	9.573304	-28.040030	0	T:24.0(0.42%),B:25.5(0.06%),P:1e-12	Tpos:44.4,Tstd:25.4,Bpos:46.1,Bstd:31.8,StrandBias:-0.1,Multiplicity:1.00
0.147	0.001	0.845	0.007
0.093	0.093	0.767	0.047
0.093	0.139	0.001	0.767
0.628	0.232	0.139	0.001
0.047	0.140	0.093	0.720
0.047	0.859	0.047	0.047
0.001	0.001	0.906	0.092
0.093	0.767	0.093	0.047
0.093	0.093	0.813	0.001
0.997	0.001	0.001	0.001
0.001	0.001	0.997	0.001
0.952	0.001	0.046	0.001
>TCAGTCAGTCGG	21-TCAGTCAGTCGG	10.102574	-27.436183	0	T:12.0(0.21%),B:4.2(0.01%),P:1e-11	Tpos:50.6,Tstd:20.6,Bpos:59.5,Bstd:14.4,StrandBias:2.9,Multiplicity:1.00
0.079	0.090	0.051	0.780
0.051	0.831	0.079	0.039
0.741	0.073	0.079	0.107
0.056	0.051	0.837	0.056
0.102	0.135	0.101	0.662
0.079	0.763	0.118	0.040
0.820	0.056	0.068	0.056
0.090	0.101	0.747	0.062
0.068	0.113	0.096	0.723
0.102	0.627	0.147	0.124
0.091	0.102	0.672	0.135
0.045	0.062	0.803	0.090
>CTAGTAGTGCAG	22-CTAGTAGTGCAG	14.042917	-26.438272	0	T:8.0(0.14%),B:0.0(0.00%),P:1e-11	Tpos:61.8,Tstd:32.0,Bpos:0.0,Bstd:0.0,StrandBias:2.8,Multiplicity:1.00
0.001	0.997	0.001	0.001
0.166	0.001	0.001	0.832
0.997	0.001	0.001	0.001
0.001	0.001	0.997	0.001
0.001	0.166	0.166	0.667
0.832	0.166	0.001	0.001
0.001	0.001	0.997	0.001
0.001	0.001	0.001	0.997
0.001	0.001	0.997	0.001
0.166	0.832	0.001	0.001
0.997	0.001	0.001	0.001
0.001	0.001	0.997	0.001
>GACGTACSTCCG	23-GACGTACSTCCG	-6.599683	-26.241052	0	T:805.0(14.04%),B:4530.1(11.09%),P:1e-11	Tpos:51.5,Tstd:26.1,Bpos:50.5,Bstd:31.4,StrandBias:-0.1,Multiplicity:1.05
0.001	0.001	0.997	0.001
0.666	0.332	0.001	0.001
0.333	0.500	0.166	0.001
0.001	0.001	0.997	0.001
0.001	0.001	0.001	0.997
0.997	0.001	0.001	0.001
0.001	0.666	0.001	0.332
0.001	0.499	0.499	0.001
0.001	0.001	0.001	0.997
0.001	0.997	0.001	0.001
0.001	0.997	0.001	0.001
0.332	0.001	0.666	0.001
>TGCTCTTTGCTA	24-TGCTCTTTGCTA	13.530130	-24.138147	0	T:10.0(0.17%),B:3.0(0.01%),P:1e-10	Tpos:52.2,Tstd:16.0,Bpos:36.1,Bstd:5.0,StrandBias:0.0,Multiplicity:1.00
0.001	0.001	0.001	0.997
0.001	0.110	0.888	0.001
0.001	0.997	0.001	0.001
0.001	0.001	0.110	0.888
0.001	0.888	0.110	0.001
0.001	0.001	0.001	0.997
0.001	0.001	0.001	0.997
0.001	0.001	0.001	0.997
0.001	0.001	0.997	0.001
0.110	0.888	0.001	0.001
0.110	0.001	0.001	0.888
0.667	0.111	0.111	0.111
>TGCCACCMGAGA	25-TGCCACCMGAGA	9.946198	-20.164661	0	T:11.0(0.19%),B:6.7(0.02%),P:1e-8	Tpos:37.6,Tstd:26.2,Bpos:38.9,Bstd:16.4,StrandBias:0.3,Multiplicity:1.00
0.219	0.053	0.101	0.627
0.053	0.165	0.718	0.064
0.016	0.883	0.037	0.064
0.101	0.771	0.021	0.107
0.658	0.096	0.096	0.150
0.075	0.754	0.128	0.043
0.101	0.856	0.027	0.016
0.347	0.432	0.091	0.130
0.114	0.251	0.454	0.181
0.664	0.043	0.240	0.053
0.055	0.112	0.780	0.053
0.653	0.139	0.112	0.096
>CCGGAA	1-CCGGAA	4.311700	-142.426653	0	T:639.0(11.14%),B:2236.0(5.48%),P:1e-61	Tpos:48.3,Tstd:25.9,Bpos:49.3,Bstd:37.5,StrandBias:0.4,Multiplicity:1.26
0.001	0.723	0.275	0.001
0.001	0.997	0.001	0.001
0.001	0.001	0.997	0.001
0.001	0.001	0.997	0.001
0.931	0.001	0.001	0.067
0.997	0.001	0.001	0.001
>TCTTCG	2-TCTTCG	1.189737	-74.107381	0	T:2488.0(43.39%),B:14599.8(35.76%),P:1e-32	Tpos:52.3,Tstd:27.0,Bpos:49.8,Bstd:33.7,StrandBias:-0.9,Multiplicity:1.52
0.001	0.001	0.001	0.997
0.001	0.997	0.001	0.001
0.011	0.176	0.001	0.812
0.001	0.001	0.001	0.997
0.001	0.997	0.001	0.001
0.001	0.027	0.971	0.001
>ACCGAA	3-ACCGAA	5.376414	-67.349769	0	T:548.0(9.56%),B:2352.2(5.76%),P:1e-29	Tpos:51.0,Tstd:27.0,Bpos:51.2,Bstd:36.6,StrandBias:-0.1,Multiplicity:1.09
0.810	0.036	0.112	0.042
0.001	0.944	0.034	0.021
0.001	0.800	0.198	0.001
0.038	0.047	0.886	0.029
0.856	0.001	0.130	0.013
0.823	0.175	0.001	0.001
>TGACGT	4-TGACGT	6.815522	-66.571271	0	T:419.0(7.31%),B:1656.2(4.06%),P:1e-28	Tpos:44.7,Tstd:27.0,Bpos:49.8,Bstd:35.1,StrandBias:0.2,Multiplicity:1.09
0.001	0.001	0.001	0.997
0.001	0.001	0.997	0.001
0.997	0.001	0.001	0.001
0.001	0.997	0.001	0.001
0.001	0.001	0.997	0.001
0.001	0.226	0.232	0.541
>GGGGKA	5-GGGGKA	6.298906	-62.721028	0	T:784.0(13.67%),B:3770.5(9.23%),P:1e-27	Tpos:50.3,Tstd:23.5,Bpos:49.8,Bstd:31.5,StrandBias:1.1,Multiplicity:1.10
0.001	0.001	0.997	0.001
0.165	0.001	0.833	0.001
0.001	0.001	0.997	0.001
0.001	0.001	0.816	0.182
0.156	0.001	0.465	0.378
0.520	0.001	0.364	0.115
>TATCGG	6-TATCGG	1.936749	-62.441466	0	T:1991.0(34.72%),B:11482.9(28.12%),P:1e-27	Tpos:52.3,Tstd:26.8,Bpos:50.1,Bstd:31.7,StrandBias:0.9,Multiplicity:1.19
0.001	0.001	0.001	0.997
0.797	0.001	0.111	0.091
0.001	0.001	0.179	0.819
0.086	0.912	0.001	0.001
0.001	0.001	0.997	0.001
0.001	0.001	0.997	0.001
>TCAKCA	7-TCAKCA	5.019678	-58.037602	0	T:1506.0(26.26%),B:8371.3(20.50%),P:1e-25	Tpos:51.4,Tstd:28.7,Bpos:50.0,Bstd:30.7,StrandBias:-0.3,Multiplicity:1.25
0.001	0.067	0.300	0.632
0.090	0.842	0.067	0.001
0.740	0.001	0.258	0.001
0.132	0.001	0.458	0.409
0.238	0.760	0.001	0.001
0.636	0.075	0.288	0.001
>AGCTGT	8-AGCTGT	5.658575	-45.582877	0	T:1570.0(27.38%),B:9060.5(22.19%),P:1e-19	Tpos:51.4,Tstd:28.4,Bpos:50.3,Bstd:29.9,StrandBias:0.0,Multiplicity:1.21
0.997	0.001	0.001	0.001
0.323	0.001	0.675	0.001
0.001	0.699	0.001	0.299
0.001	0.001	0.001	0.997
0.001	0.001	0.997	0.001
0.001	0.350	0.001	0.648
>YSCGTA	9-YSCGTA	4.672007	-32.206450	0	T:318.0(5.55%),B:1440.3(3.53%),P:1e-13	Tpos:44.7,Tstd:25.6,Bpos:50.3,Bstd:34.7,StrandBias:0.0,Multiplicity:1.10
0.001	0.452	0.001	0.546
0.001	0.456	0.542	0.001
0.001	0.997	0.001	0.001
0.001	0.001	0.997	0.001
0.001	0.089	0.001	0.909
0.997	0.001	0.001	0.001
>GCCAAT	10-GCCAAT	7.353412	-28.987025	0	T:522.0(9.10%),B:2696.2(6.60%),P:1e-12	Tpos:46.5,Tstd:28.5,Bpos:49.6,Bstd:29.6,StrandBias:0.0,Multiplicity:1.06
0.001	0.001	0.997	0.001
0.001	0.997	0.001	0.001
0.001	0.997	0.001	0.001
0.997	0.001	0.001	0.001
0.997	0.001	0.001	0.001
0.387	0.001	0.001	0.611
>CTTACS	11-CTTACS	3.582476	-25.437186	0	T:464.0(8.09%),B:2403.0(5.89%),P:1e-11	Tpos:57.1,Tstd:28.7,Bpos:50.7,Bstd:32.5,StrandBias:-0.5,Multiplicity:1.04
0.305	0.477	0.108	0.111
0.159	0.216	0.229	0.396
0.120	0.155	0.069	0.656
0.402	0.137	0.239	0.223
0.155	0.738	0.053	0.054
0.128	0.340	0.413	0.120
>ACCGGAAG	1-ACCGGAAG	5.909681	-178.642204	0	T:473.0(8.25%),B:1268.0(3.11%),P:1e-77	Tpos:46.8,Tstd:24.5,Bpos:49.0,Bstd:37.1,StrandBias:0.2,Multiplicity:1.21
0.528	0.116	0.244	0.112
0.048	0.689	0.201	0.062
0.025	0.863	0.097	0.015
0.017	0.067	0.878	0.038
0.117	0.018	0.813	0.052
0.839	0.021	0.040	0.100
0.845	0.046	0.043	0.066
0.297	0.097	0.548	0.058
>NGGRGGRG	2-NGGRGGRG	4.284120	-149.662624	0	T:1541.0(26.87%),B:7248.5(17.75%),P:1e-64	Tpos:44.2,Tstd:24.1,Bpos:49.4,Bstd:32.0,StrandBias:0.9,Multiplicity:1.30
0.273	0.181	0.307	0.239
0.285	0.088	0.449	0.178
0.226	0.098	0.515	0.161
0.304	0.206	0.421	0.069
0.215	0.001	0.703	0.081
0.253	0.174	0.470	0.104
0.394	0.080	0.385	0.141
0.403	0.001	0.595	0.001
>TATGGCGG	3-TATGGCGG	4.935142	-102.554321	0	T:716.0(12.49%),B:2946.4(7.22%),P:1e-44	Tpos:56.7,Tstd:27.1,Bpos:49.6,Bstd:33.8,StrandBias:0.8,Multiplicity:1.07
0.086	0.075	0.150	0.689
0.701	0.123	0.056	0.120
0.055	0.089	0.111	0.745
0.086	0.071	0.720	0.123
0.094	0.026	0.750	0.130
0.054	0.793	0.074	0.079
0.046	0.029	0.856	0.069
0.072	0.085	0.749	0.094
>CCGGAAGT	4-CCGGAAGT	5.882206	-90.914561	0	T:442.0(7.71%),B:1589.8(3.89%),P:1e-39	Tpos:51.7,Tstd:27.3,Bpos:50.9,Bstd:32.1,StrandBias:0.2,Multiplicity:1.03
0.237	0.477	0.122	0.165
0.060	0.782	0.157	0.001
0.001	0.002	0.993	0.004
0.048	0.025	0.780	0.147
0.745	0.208	0.006	0.041
0.608	0.038	0.001	0.353
0.231	0.093	0.647	0.029
0.034	0.060	0.001	0.905
>GGGGGAAA	5-GGGGGAAA	5.558362	-81.516789	0	T:1292.0(22.53%),B:6600.9(16.17%),P:1e-35	Tpos:52.9,Tstd:25.0,Bpos:49.8,Bstd:31.7,StrandBias:1.1,Multiplicity:1.09
0.001	0.148	0.799	0.052
0.077	0.097	0.679	0.147
0.128	0.074	0.672	0.126
0.126	0.119	0.722	0.033
0.007	0.077	0.788	0.128
0.698	0.191	0.001	0.110
0.997	0.001	0.001	0.001
0.642	0.183	0.174	0.001
>TGATGAWG	6-TGATGAWG	4.434810	-79.582117	0	T:2077.0(36.22%),B:11709.0(28.68%),P:1e-34	Tpos:52.6,Tstd:27.4,Bpos:50.5,Bstd:31.0,StrandBias:0.8,Multiplicity:1.29
0.193	0.195	0.128	0.484
0.093	0.032	0.866	0.009
0.544	0.231	0.089	0.136
0.329	0.081	0.091	0.500
0.071	0.014	0.876	0.039
0.636	0.180	0.087	0.097
0.284	0.230	0.090	0.396
0.033	0.168	0.773	0.026
>TTGGCGGT	7-TTGGCGGT	4.219529	-67.912990	0	T:1930.0(33.66%),B:10960.2(26.84%),P:1e-29	Tpos:50.9,Tstd:26.7,Bpos:49.8,Bstd:30.6,StrandBias:0.7,Multiplicity:1.20
0.080	0.043	0.115	0.762
0.076	0.084	0.102	0.738
0.060	0.044	0.824	0.072
0.067	0.070	0.801	0.062
0.036	0.708	0.107	0.149
0.079	0.088	0.737	0.096
0.094	0.137	0.709	0.060
0.093	0.133	0.050	0.724
>CCTTYCAG	8-CCTTYCAG	5.843013	-63.038057	0	T:949.0(16.55%),B:4761.3(11.66%),P:1e-27	Tpos:50.2,Tstd:26.3,Bpos:49.4,Bstd:31.4,StrandBias:0.0,Multiplicity:1.08
0.001	0.618	0.001	0.380
0.001	0.629	0.160	0.210
0.214	0.097	0.228	0.461
0.317	0.083	0.001	0.599
0.001	0.458	0.075	0.466
0.001	0.997	0.001	0.001
0.550	0.125	0.218	0.107
0.001	0.001	0.986	0.012
>SAGCGGTA	9-SAGCGGTA	6.010158	-62.661564	0	T:570.0(9.94%),B:2525.7(6.19%),P:1e-27	Tpos:52.3,Tstd:27.8,Bpos:50.2,Bstd:30.7,StrandBias:0.4,Multiplicity:1.04
0.001	0.513	0.485	0.001
0.538	0.001	0.106	0.355
0.001	0.001	0.997	0.001
0.001	0.788	0.210	0.001
0.196	0.049	0.581	0.174
0.001	0.359	0.639	0.001
0.237	0.001	0.001	0.761
0.678	0.001	0.001	0.320
>AATGCGCA	10-AATGCGCA	6.639778	-62.276189	0	T:186.0(3.24%),B:533.2(1.31%),P:1e-27	Tpos:41.8,Tstd:24.0,Bpos:48.0,Bstd:33.6,StrandBias:-0.2,Multiplicity:1.12
0.458	0.294	0.001	0.246
0.616	0.137	0.026	0.221
0.174	0.089	0.001	0.736
0.204	0.199	0.596	0.001
0.001	0.997	0.001	0.001
0.001	0.001	0.997	0.001
0.001	0.896	0.066	0.037
0.884	0.031	0.084	0.001
>ACTGACCG	11-ACTGACCG	5.061105	-45.719690	0	T:825.0(14.39%),B:4273.2(10.47%),P:1e-19	Tpos:52.9,Tstd:26.5,Bpos:50.4,Bstd:30.3,StrandBias:-0.5,Multiplicity:1.09
0.794	0.001	0.127	0.078
0.013	0.815	0.123	0.049
0.029	0.043	0.034	0.894
0.177	0.154	0.593	0.076
0.725	0.070	0.034	0.171
0.041	0.732	0.127	0.100
0.030	0.894	0.032	0.044
0.098	0.207	0.556	0.139
>ACGTCACG	12-ACGTCACG	6.723019	-45.264173	0	T:152.0(2.65%),B:465.9(1.14%),P:1e-19	Tpos:42.6,Tstd:26.2,Bpos:51.3,Bstd:37.2,StrandBias:-0.3,Multiplicity:1.09
0.803	0.079	0.117	0.001
0.001	0.997	0.001	0.001
0.001	0.001	0.997	0.001
0.001	0.100	0.001	0.898
0.001	0.776	0.194	0.029
0.976	0.001	0.022	0.001
0.042	0.923	0.001	0.034
0.001	0.117	0.695	0.187
>GCAGCTAT	13-GCAGCTAT	6.572919	-44.681179	0	T:273.0(4.76%),B:1069.9(2.62%),P:1e-19	Tpos:51.6,Tstd:28.4,Bpos:49.2,Bstd:28.6,StrandBias:0.1,Multiplicity:1.01
0.001	0.001	0.997	0.001
0.020	0.950	0.029	0.001
0.953	0.026	0.020	0.001
0.001	0.001	0.997	0.001
0.035	0.837	0.041	0.087
0.075	0.074	0.126	0.725
0.845	0.001	0.067	0.087
0.091	0.001	0.133	0.775
>YGACGTAC	14-YGACGTAC	6.289335	-38.627104	0	T:165.0(2.88%),B:565.9(1.39%),P:1e-16	Tpos:50.3,Tstd:28.1,Bpos:50.8,Bstd:30.8,StrandBias:0.0,Multiplicity:1.03
0.001	0.504	0.055	0.440
0.001	0.017	0.976	0.006
0.945	0.053	0.001	0.001
0.093	0.684	0.074	0.149
0.052	0.001	0.870	0.077
0.002	0.118	0.050	0.830
0.879	0.030	0.001	0.090
0.051	0.832	0.001	0.116
>GGTGGGAC	15-GGTGGGAC	7.434053	-36.608152	0	T:259.0(4.52%),B:1066.6(2.61%),P:1e-15	Tpos:44.5,Tstd:26.0,Bpos:48.6,Bstd:33.0,StrandBias:1.0,Multiplicity:1.03
0.067	0.002	0.930	0.001
0.051	0.001	0.925	0.023
0.001	0.247	0.001	0.751
0.350	0.001	0.648	0.001
0.001	0.180	0.694	0.125
0.001	0.067	0.848	0.084
0.624	0.035	0.271	0.070
0.001	0.830	0.001	0.168
>CGRGTAAG	16-CGRGTAAG	6.414369	-35.600452	0	T:332.0(5.79%),B:1481.0(3.63%),P:1e-15	Tpos:55.9,Tstd:27.6,Bpos:49.7,Bstd:30.7,StrandBias:0.5,Multiplicity:1.00
0.070	0.703	0.226	0.001
0.188	0.128	0.682	0.002
0.436	0.004	0.558	0.002
0.004	0.050	0.945	0.001
0.092	0.001	0.150	0.757
0.971	0.027	0.001	0.001
0.658	0.128	0.001	0.213
0.014	0.001	0.937	0.048
>TTTATCGG	17-TTTATCGG	6.955937	-35.027054	0	T:81.0(1.41%),B:203.5(0.50%),P:1e-15	Tpos:50.3,Tstd:27.2,Bpos:47.8,Bstd:31.7,StrandBias:0.5,Multiplicity:1.00
0.001	0.001	0.001	0.997
0.004	0.001	0.030	0.965
0.001	0.331	0.174	0.493
0.942	0.001	0.001	0.056
0.218	0.086	0.055	0.641
0.062	0.936	0.001	0.001
0.001	0.006	0.992	0.001
0.001	0.001	0.909	0.089
>CGCTAGCG	18-CGCTAGCG	4.896465	-30.870258	0	T:184.0(3.21%),B:718.1(1.76%),P:1e-13	Tpos:48.4,Tstd:25.5,Bpos:51.9,Bstd:37.5,StrandBias:0.1,Multiplicity:1.03
0.101	0.616	0.120	0.163
0.118	0.147	0.579	0.156
0.115	0.584	0.200	0.101
0.118	0.109	0.126	0.647
0.747	0.063	0.084	0.106
0.142	0.066	0.607	0.185
0.181	0.531	0.141	0.147
0.118	0.115	0.692	0.075
>CGCGTTAA	19-CGCGTTAA	5.513187	-29.957692	0	T:121.0(2.11%),B:407.2(1.00%),P:1e-13	Tpos:44.1,Tstd:27.0,Bpos:49.0,Bstd:34.6,StrandBias:0.2,Multiplicity:1.03
0.064	0.724	0.128	0.084
0.066	0.123	0.760	0.051
0.050	0.793	0.040	0.117
0.097	0.080	0.704	0.119
0.027	0.050	0.104	0.819
0.093	0.125	0.013	0.769
0.631	0.147	0.143	0.079
0.809	0.057	0.055	0.079
>TCTCGCGA	20-TCTCGCGA	10.700889	-26.214433	0	T:20.0(0.35%),B:18.6(0.05%),P:1e-11	Tpos:30.8,Tstd:17.1,Bpos:52.3,Bstd:20.8,StrandBias:-0.2,Multiplicity:1.11
0.001	0.001	0.001	0.997
0.166	0.723	0.110	0.001
0.001	0.001	0.044	0.954
0.001	0.997	0.001	0.001
0.001	0.001	0.997	0.001
0.001	0.997	0.001	0.001
0.001	0.001	0.997	0.001
0.997	0.001	0.001	0.001
>ACCGAAGG	21-ACCGAAGG	6.671013	-24.895817	0	T:206.0(3.59%),B:893.3(2.19%),P:1e-10	Tpos:51.5,Tstd:27.0,Bpos:48.9,Bstd:33.9,StrandBias:0.3,Multiplicity:1.01
0.764	0.001	0.085	0.150
0.001	0.698	0.163	0.138
0.001	0.997	0.001	0.001
0.246	0.001	0.522	0.231
0.997	0.001	0.001	0.001
0.905	0.088	0.001	0.006
0.001	0.420	0.578	0.001
0.001	0.001	0.756	0.242
>CGTAGGCG	22-CGTAGGCG	7.333912	-23.699680	0	T:130.0(2.27%),B:496.5(1.22%),P:1e-10	Tpos:42.4,Tstd:24.4,Bpos:53.1,Bstd:38.1,StrandBias:0.2,Multiplicity:1.09
0.001	0.997	0.001	0.001
0.001	0.229	0.735	0.035
0.001	0.088	0.001	0.910
0.909	0.001	0.001	0.089
0.001	0.372	0.625	0.002
0.183	0.001	0.815	0.001
0.042	0.956	0.001	0.001
0.001	0.001	0.865	0.133
>TTGACAGC	23-TTGACAGC	6.717153	-21.126442	0	T:211.0(3.68%),B:964.6(2.36%),P:1e-9	Tpos:53.0,Tstd:28.0,Bpos:52.3,Bstd:28.7,StrandBias:-0.4,Multiplicity:1.02
0.001	0.001	0.001	0.997
0.058	0.061	0.038	0.843
0.108	0.001	0.845	0.046
0.674	0.276	0.001	0.049
0.001	0.928	0.070	0.001
0.916	0.051	0.001	0.032
0.028	0.015	0.956	0.001
0.001	0.928	0.049	0.022
>TTATTAAA	24-TTATTAAA	7.287712	-15.380160	0	T:393.0(6.85%),B:2159.6(5.29%),P:1e-6	Tpos:48.4,Tstd:28.5,Bpos:49.0,Bstd:29.5,StrandBias:-0.0,Multiplicity:1.06
0.001	0.094	0.020	0.885
0.001	0.050	0.001	0.948
0.855	0.001	0.001	0.143
0.165	0.039	0.034	0.762
0.049	0.001	0.022	0.928
0.918	0.001	0.001	0.080
0.997	0.001	0.001	0.001
0.939	0.059	0.001	0.001
>TTGTACGA	25-TTGTACGA	8.236954	-14.059008	0	T:8.0(0.14%),B:6.0(0.01%),P:1e-6	Tpos:61.1,Tstd:23.8,Bpos:63.1,Bstd:28.5,StrandBias:2.8,Multiplicity:1.00
0.100	0.100	0.100	0.700
0.100	0.100	0.100	0.700
0.100	0.100	0.700	0.100
0.100	0.100	0.100	0.700
0.700	0.100	0.100	0.100
0.100	0.700	0.100	0.100
0.100	0.100	0.700	0.100
0.700	0.100	0.100	0.100
