>NCCGGAAGTR	1-NCCGGAAGTR	6.875579	-176.273352	0	T:406.0(7.08%),B:994.1(2.44%),P:1e-76	Tpos:44.9,Tstd:23.7,Bpos:49.8,Bstd:33.8,StrandBias:0.7,Multiplicity:1.17
0.217	0.221	0.212	0.350
0.086	0.618	0.255	0.041
0.145	0.853	0.001	0.001
0.001	0.013	0.985	0.001
0.001	0.001	0.917	0.081
0.916	0.082	0.001	0.001
0.885	0.001	0.001	0.113
0.114	0.161	0.698	0.027
0.137	0.228	0.001	0.634
0.271	0.158	0.363	0.209
>DDGGGGGGGR	2-DDGGGGGGGR	3.902729	-119.536182	0	T:2866.0(49.98%),B:16299.5(40.02%),P:1e-51	Tpos:46.3,Tstd:23.1,Bpos:50.0,Bstd:29.9,StrandBias:1.3,Multiplicity:1.46
0.320	0.052	0.327	0.301
0.274	0.042	0.373	0.311
0.243	0.087	0.508	0.162
0.165	0.028	0.636	0.171
0.169	0.107	0.563	0.161
0.128	0.077	0.695	0.100
0.125	0.097	0.678	0.100
0.239	0.114	0.494	0.154
0.222	0.012	0.599	0.167
0.321	0.124	0.392	0.163
>AAGATGGCGG	3-AAGATGGCGG	9.639062	-105.474722	0	T:86.0(1.50%),B:78.3(0.19%),P:1e-45	Tpos:69.8,Tstd:19.6,Bpos:49.7,Bstd:32.3,StrandBias:1.3,Multiplicity:1.00
0.979	0.001	0.019	0.001
0.948	0.036	0.001	0.015
0.171	0.190	0.603	0.036
0.997	0.001	0.001	0.001
0.001	0.001	0.001	0.997
0.001	0.010	0.988	0.001
0.001	0.015	0.983	0.001
0.001	0.937	0.001	0.061
0.001	0.025	0.933	0.041
0.031	0.015	0.938	0.016
>CGCATGCGCA	4-CGCATGCGCA	8.555616	-91.929874	0	T:131.0(2.28%),B:222.8(0.55%),P:1e-39	Tpos:38.9,Tstd:18.3,Bpos:48.0,Bstd:39.3,StrandBias:0.1,Multiplicity:1.08
0.067	0.829	0.076	0.028
0.027	0.041	0.879	0.053
0.027	0.889	0.046	0.038
0.738	0.113	0.078	0.071
0.067	0.072	0.176	0.685
0.018	0.073	0.863	0.046
0.025	0.826	0.041	0.108
0.027	0.060	0.872	0.041
0.018	0.854	0.064	0.064
0.569	0.088	0.218	0.125
>GCTGCTGCTG	5-GCTGCTGCTG	5.296577	-80.236444	0	T:1126.0(19.64%),B:5580.0(13.70%),P:1e-34	Tpos:52.6,Tstd:27.3,Bpos:50.0,Bstd:29.9,StrandBias:-0.1,Multiplicity:1.13
0.242	0.062	0.585	0.111
0.001	0.577	0.115	0.307
0.237	0.126	0.084	0.553
0.169	0.001	0.799	0.031
0.042	0.692	0.115	0.151
0.096	0.177	0.058	0.669
0.155	0.109	0.698	0.038
0.077	0.719	0.033	0.171
0.244	0.001	0.009	0.746
0.265	0.223	0.434	0.078
>TCTTCATCAK	6-TCTTCATCAK	6.053988	-68.626685	0	T:955.0(16.66%),B:4704.4(11.55%),P:1e-29	Tpos:52.1,Tstd:27.5,Bpos:50.0,Bstd:32.1,StrandBias:-1.1,Multiplicity:1.16
0.067	0.051	0.086	0.796
0.002	0.772	0.144	0.082
0.310	0.125	0.068	0.498
0.037	0.008	0.046	0.909
0.001	0.975	0.023	0.001
0.589	0.115	0.042	0.254
0.070	0.129	0.073	0.728
0.001	0.997	0.001	0.001
0.495	0.159	0.054	0.291
0.158	0.139	0.335	0.368
>TCTGGAGGAG	7-TCTGGAGGAG	6.223650	-63.103720	0	T:771.0(13.45%),B:3678.3(9.03%),P:1e-27	Tpos:53.0,Tstd:25.8,Bpos:50.3,Bstd:30.4,StrandBias:0.8,Multiplicity:1.05
0.065	0.111	0.093	0.731
0.046	0.871	0.035	0.048
0.081	0.091	0.062	0.766
0.094	0.059	0.807	0.040
0.063	0.127	0.751	0.059
0.790	0.097	0.047	0.066
0.047	0.020	0.808	0.125
0.081	0.073	0.790	0.056
0.849	0.046	0.048	0.057
0.052	0.061	0.840	0.047
>TTCCGCCGCA	8-TTCCGCCGCA	5.050189	-60.099614	0	T:834.0(14.54%),B:4095.4(10.06%),P:1e-26	Tpos:53.3,Tstd:26.7,Bpos:50.4,Bstd:36.8,StrandBias:-0.6,Multiplicity:1.07
0.109	0.114	0.129	0.648
0.088	0.087	0.087	0.738
0.001	0.791	0.111	0.097
0.117	0.687	0.093	0.103
0.103	0.058	0.717	0.122
0.114	0.677	0.112	0.097
0.122	0.669	0.124	0.085
0.117	0.126	0.658	0.099
0.080	0.747	0.074	0.099
0.665	0.128	0.068	0.139
>GGGGCCATTT	9-GGGGCCATTT	6.596233	-59.972448	0	T:315.0(5.49%),B:1163.4(2.86%),P:1e-26	Tpos:51.6,Tstd:24.2,Bpos:49.9,Bstd:26.9,StrandBias:0.6,Multiplicity:1.00
0.071	0.065	0.796	0.068
0.052	0.059	0.848	0.041
0.107	0.047	0.791	0.055
0.048	0.058	0.844	0.050
0.044	0.816	0.102	0.038
0.089	0.822	0.047	0.042
0.809	0.045	0.064	0.082
0.089	0.131	0.070	0.710
0.058	0.058	0.084	0.800
0.070	0.080	0.082	0.768
>TCTCGCGACA	10-TCTCGCGACA	8.807953	-49.299425	0	T:26.0(0.45%),B:12.6(0.03%),P:1e-21	Tpos:35.4,Tstd:22.8,Bpos:45.9,Bstd:20.0,StrandBias:-0.2,Multiplicity:1.04
0.047	0.047	0.133	0.773
0.047	0.875	0.016	0.062
0.164	0.042	0.078	0.716
0.047	0.835	0.071	0.047
0.032	0.047	0.843	0.078
0.094	0.727	0.078	0.101
0.047	0.047	0.882	0.024
0.720	0.047	0.116	0.117
0.063	0.785	0.104	0.048
0.849	0.031	0.089	0.031
>TGACGWCANC	11-TGACGWCANC	5.937690	-42.377862	0	T:129.0(2.25%),B:375.2(0.92%),P:1e-18	Tpos:40.8,Tstd:25.6,Bpos:49.1,Bstd:33.2,StrandBias:0.2,Multiplicity:1.02
0.029	0.021	0.372	0.578
0.157	0.127	0.580	0.136
0.631	0.030	0.199	0.140
0.087	0.581	0.024	0.308
0.258	0.120	0.590	0.032
0.353	0.160	0.016	0.471
0.156	0.538	0.176	0.130
0.740	0.017	0.022	0.221
0.175	0.235	0.277	0.314
0.173	0.439	0.180	0.207
>CTAATCGGCG	12-CTAATCGGCG	6.884622	-41.263937	0	T:118.0(2.06%),B:332.2(0.82%),P:1e-17	Tpos:43.3,Tstd:25.4,Bpos:46.8,Bstd:40.7,StrandBias:0.1,Multiplicity:1.02
0.057	0.798	0.099	0.046
0.068	0.156	0.087	0.689
0.777	0.100	0.088	0.035
0.782	0.062	0.104	0.052
0.029	0.083	0.089	0.799
0.057	0.784	0.133	0.026
0.083	0.074	0.757	0.086
0.023	0.080	0.886	0.011
0.072	0.848	0.046	0.034
0.046	0.042	0.887	0.025
>TTTTTTTWWM	13-TTTTTTTWWM	7.421373	-38.011976	0	T:632.0(11.02%),B:3208.2(7.88%),P:1e-16	Tpos:52.0,Tstd:29.2,Bpos:49.9,Bstd:30.4,StrandBias:0.8,Multiplicity:1.12
0.001	0.330	0.001	0.668
0.246	0.190	0.117	0.448
0.063	0.307	0.001	0.629
0.001	0.001	0.019	0.979
0.001	0.001	0.004	0.994
0.211	0.001	0.094	0.694
0.353	0.001	0.001	0.645
0.562	0.001	0.001	0.436
0.462	0.169	0.005	0.364
0.469	0.405	0.016	0.110
>CGGAAGCGGA	14-CGGAAGCGGA	4.746676	-35.726690	0	T:1113.0(19.41%),B:6280.1(15.42%),P:1e-15	Tpos:53.3,Tstd:26.4,Bpos:49.8,Bstd:34.8,StrandBias:0.6,Multiplicity:1.09
0.119	0.690	0.101	0.090
0.118	0.101	0.693	0.088
0.124	0.082	0.735	0.059
0.718	0.104	0.099	0.079
0.718	0.085	0.101	0.096
0.121	0.112	0.667	0.100
0.094	0.704	0.095	0.107
0.104	0.120	0.670	0.106
0.096	0.112	0.720	0.072
0.685	0.109	0.099	0.107
>ACAACTGCCG	15-ACAACTGCCG	6.835902	-35.663872	0	T:170.0(2.96%),B:608.1(1.49%),P:1e-15	Tpos:49.9,Tstd:26.7,Bpos:50.6,Bstd:29.7,StrandBias:-0.2,Multiplicity:1.01
0.753	0.120	0.067	0.060
0.110	0.766	0.096	0.028
0.858	0.048	0.057	0.037
0.744	0.094	0.064	0.098
0.073	0.855	0.035	0.037
0.051	0.082	0.046	0.821
0.061	0.112	0.780	0.047
0.066	0.784	0.065	0.085
0.082	0.818	0.054	0.046
0.035	0.092	0.826	0.047
>CGTGACTGCG	16-CGTGACTGCG	7.621632	-31.688175	0	T:119.0(2.08%),B:386.7(0.95%),P:1e-13	Tpos:47.5,Tstd:27.8,Bpos:52.7,Bstd:30.8,StrandBias:0.4,Multiplicity:1.01
0.184	0.596	0.086	0.134
0.202	0.095	0.562	0.141
0.001	0.001	0.178	0.820
0.001	0.334	0.664	0.001
0.906	0.058	0.035	0.001
0.001	0.981	0.017	0.001
0.077	0.001	0.025	0.897
0.076	0.140	0.783	0.001
0.247	0.631	0.001	0.121
0.001	0.110	0.777	0.112
>CATCTACAAT	17-CATCTACAAT	8.169399	-30.715432	0	T:56.0(0.98%),B:120.8(0.30%),P:1e-13	Tpos:49.2,Tstd:24.9,Bpos:52.7,Bstd:26.6,StrandBias:-1.2,Multiplicity:1.00
0.016	0.643	0.182	0.159
0.781	0.171	0.012	0.036
0.012	0.124	0.160	0.704
0.001	0.974	0.024	0.001
0.161	0.165	0.001	0.673
0.553	0.101	0.129	0.217
0.181	0.653	0.001	0.165
0.728	0.033	0.024	0.215
0.523	0.179	0.126	0.172
0.124	0.012	0.045	0.819
>MCAMCACTGA	18-MCAMCACTGA	9.791135	-29.086581	0	T:35.0(0.61%),B:53.8(0.13%),P:1e-12	Tpos:55.4,Tstd:28.1,Bpos:47.0,Bstd:22.5,StrandBias:-0.7,Multiplicity:1.00
0.458	0.524	0.017	0.001
0.001	0.997	0.001	0.001
0.781	0.109	0.001	0.109
0.434	0.347	0.109	0.109
0.001	0.662	0.008	0.329
0.745	0.001	0.253	0.001
0.001	0.991	0.001	0.007
0.001	0.010	0.219	0.770
0.001	0.001	0.882	0.116
0.854	0.001	0.144	0.001
>AATCCCGCGA	19-AATCCCGCGA	7.661344	-27.178368	0	T:24.0(0.42%),B:26.1(0.06%),P:1e-11	Tpos:46.5,Tstd:20.9,Bpos:52.7,Bstd:32.3,StrandBias:-1.1,Multiplicity:1.00
0.704	0.001	0.294	0.001
0.669	0.018	0.287	0.026
0.009	0.220	0.229	0.542
0.036	0.928	0.009	0.027
0.335	0.638	0.009	0.018
0.192	0.549	0.235	0.024
0.009	0.030	0.716	0.245
0.200	0.438	0.200	0.162
0.018	0.313	0.668	0.001
0.387	0.222	0.190	0.200
>CATCCACTGG	20-CATCCACTGG	10.791355	-23.882172	0	T:16.0(0.28%),B:12.5(0.03%),P:1e-10	Tpos:45.0,Tstd:20.0,Bpos:45.6,Bstd:16.6,StrandBias:-1.0,Multiplicity:1.00
0.001	0.997	0.001	0.001
0.997	0.001	0.001	0.001
0.075	0.001	0.001	0.923
0.001	0.997	0.001	0.001
0.001	0.997	0.001	0.001
0.633	0.001	0.076	0.290
0.001	0.997	0.001	0.001
0.001	0.001	0.001	0.997
0.001	0.001	0.997	0.001
0.001	0.001	0.997	0.001
>NAACAAGCCS	21-NAACAAGCCS	6.593407	-23.665192	0	T:13.0(0.23%),B:7.7(0.02%),P:1e-10	Tpos:50.8,Tstd:21.9,Bpos:61.0,Bstd:13.6,StrandBias:-1.7,Multiplicity:1.00
0.271	0.240	0.240	0.249
0.579	0.139	0.134	0.148
0.530	0.153	0.145	0.172
0.162	0.563	0.149	0.126
0.519	0.140	0.191	0.150
0.522	0.203	0.139	0.136
0.131	0.163	0.564	0.142
0.138	0.592	0.145	0.125
0.110	0.569	0.216	0.105
0.183	0.289	0.345	0.182
>GGGAACTGAC	22-GGGAACTGAC	11.394055	-18.570196	0	T:11.0(0.19%),B:7.2(0.02%),P:1e-8	Tpos:29.3,Tstd:26.9,Bpos:55.1,Bstd:30.0,StrandBias:-1.4,Multiplicity:1.00
0.001	0.001	0.997	0.001
0.001	0.001	0.997	0.001
0.001	0.001	0.997	0.001
0.911	0.001	0.001	0.087
0.997	0.001	0.001	0.001
0.001	0.997	0.001	0.001
0.001	0.001	0.001	0.997
0.001	0.001	0.997	0.001
0.997	0.001	0.001	0.001
0.001	0.997	0.001	0.001
>GGWGTCGGTG	23-GGWGTCGGTG	11.723763	-17.053403	0	T:15.0(0.26%),B:17.6(0.04%),P:1e-7	Tpos:52.6,Tstd:33.8,Bpos:60.8,Bstd:21.9,StrandBias:2.6,Multiplicity:1.00
0.001	0.001	0.997	0.001
0.001	0.001	0.997	0.001
0.506	0.001	0.001	0.492
0.001	0.001	0.791	0.207
0.001	0.309	0.001	0.689
0.001	0.997	0.001	0.001
0.001	0.001	0.997	0.001
0.001	0.001	0.997	0.001
0.001	0.001	0.001	0.997
0.001	0.001	0.997	0.001
>CGTCGACGTA	24-CGTCGACGTA	6.937259	-14.595716	0	T:47.0(0.82%),B:147.3(0.36%),P:1e-6	Tpos:42.5,Tstd:29.3,Bpos:46.7,Bstd:37.1,StrandBias:-0.1,Multiplicity:1.02
0.083	0.883	0.001	0.033
0.051	0.050	0.841	0.058
0.050	0.112	0.050	0.788
0.050	0.733	0.133	0.084
0.083	0.093	0.796	0.028
0.774	0.111	0.066	0.049
0.066	0.823	0.061	0.050
0.033	0.045	0.872	0.050
0.083	0.050	0.034	0.833
0.664	0.159	0.094	0.083
>CTCCAGGTCA	25-CTCCAGGTCA	9.752530	-14.404692	0	T:15.0(0.26%),B:21.8(0.05%),P:1e-6	Tpos:51.5,Tstd:25.0,Bpos:43.4,Bstd:13.8,StrandBias:0.0,Multiplicity:1.00
0.001	0.997	0.001	0.001
0.001	0.001	0.001	0.997
0.001	0.830	0.168	0.001
0.001	0.997	0.001	0.001
0.997	0.001	0.001	0.001
0.001	0.001	0.997	0.001
0.001	0.001	0.997	0.001
0.001	0.001	0.001	0.997
0.001	0.997	0.001	0.001
0.898	0.001	0.100	0.001
>CGBCACTTCCGG	1-CGBCACTTCCGG	9.144724	-121.692308	0	T:131.0(2.28%),B:167.5(0.41%),P:1e-52	Tpos:40.4,Tstd:19.6,Bpos:48.2,Bstd:35.5,StrandBias:-0.4,Multiplicity:1.06
0.104	0.708	0.187	0.001
0.131	0.184	0.659	0.026
0.052	0.257	0.325	0.366
0.207	0.633	0.134	0.026
0.690	0.001	0.231	0.078
0.001	0.997	0.001	0.001
0.001	0.001	0.001	0.997
0.001	0.001	0.001	0.997
0.001	0.997	0.001	0.001
0.001	0.997	0.001	0.001
0.001	0.001	0.924	0.074
0.001	0.051	0.947	0.001
>VGCCGCCATCTT	2-VGCCGCCATCTT	10.186911	-121.466607	0	T:95.0(1.66%),B:81.4(0.20%),P:1e-52	Tpos:69.1,Tstd:20.3,Bpos:51.3,Bstd:31.7,StrandBias:-1.4,Multiplicity:1.00
0.345	0.205	0.302	0.148
0.099	0.049	0.555	0.297
0.001	0.899	0.001	0.099
0.102	0.800	0.049	0.049
0.050	0.001	0.852	0.097
0.001	0.997	0.001	0.001
0.001	0.997	0.001	0.001
0.997	0.001	0.001	0.001
0.001	0.049	0.001	0.949
0.049	0.553	0.298	0.100
0.048	0.001	0.001	0.950
0.001	0.048	0.001	0.950
>MGGGGCGGGGCS	3-MGGGGCGGGGCS	7.477251	-89.064182	0	T:312.0(5.44%),B:966.9(2.37%),P:1e-38	Tpos:32.5,Tstd:20.5,Bpos:49.5,Bstd:36.6,StrandBias:0.4,Multiplicity:1.13
0.403	0.484	0.112	0.001
0.056	0.056	0.576	0.312
0.067	0.001	0.931	0.001
0.001	0.001	0.997	0.001
0.001	0.001	0.997	0.001
0.001	0.997	0.001	0.001
0.001	0.001	0.997	0.001
0.001	0.001	0.887	0.111
0.001	0.001	0.997	0.001
0.117	0.108	0.607	0.168
0.001	0.997	0.001	0.001
0.001	0.414	0.408	0.177
>GGARGAGGAGGA	4-GGARGAGGAGGA	6.417533	-85.519431	0	T:1243.0(21.68%),B:6221.9(15.28%),P:1e-37	Tpos:50.6,Tstd:24.6,Bpos:50.2,Bstd:31.4,StrandBias:1.5,Multiplicity:1.26
0.030	0.016	0.709	0.245
0.029	0.126	0.835	0.010
0.744	0.134	0.027	0.095
0.445	0.034	0.457	0.064
0.016	0.020	0.958	0.006
0.739	0.009	0.227	0.025
0.272	0.015	0.592	0.121
0.121	0.121	0.740	0.018
0.613	0.105	0.144	0.138
0.209	0.042	0.591	0.158
0.018	0.018	0.948	0.016
0.647	0.129	0.127	0.097
>NBSSGAAAAVNN	5-NBSSGAAAAVNN	3.458664	-84.211377	0	T:2373.0(41.38%),B:13573.8(33.33%),P:1e-36	Tpos:51.0,Tstd:25.1,Bpos:49.8,Bstd:31.6,StrandBias:0.3,Multiplicity:1.25
0.196	0.312	0.242	0.250
0.143	0.321	0.313	0.223
0.169	0.357	0.278	0.196
0.036	0.463	0.438	0.063
0.072	0.089	0.714	0.125
0.500	0.152	0.134	0.214
0.625	0.116	0.098	0.161
0.670	0.116	0.098	0.116
0.526	0.170	0.143	0.161
0.234	0.250	0.365	0.152
0.223	0.321	0.232	0.223
0.241	0.259	0.268	0.232
>GCGCATGCGCAG	6-GCGCATGCGCAG	8.463612	-84.030137	0	T:170.0(2.96%),B:382.0(0.94%),P:1e-36	Tpos:40.4,Tstd:17.7,Bpos:48.2,Bstd:35.9,StrandBias:-0.0,Multiplicity:1.09
0.100	0.100	0.700	0.100
0.100	0.700	0.100	0.100
0.100	0.100	0.700	0.100
0.100	0.700	0.100	0.100
0.700	0.100	0.100	0.100
0.100	0.100	0.100	0.700
0.100	0.100	0.700	0.100
0.100	0.700	0.100	0.100
0.100	0.100	0.700	0.100
0.100	0.700	0.100	0.100
0.700	0.100	0.100	0.100
0.100	0.100	0.700	0.100
>TTGGGGGGGGGG	7-TTGGGGGGGGGG	6.273781	-67.008815	0	T:902.0(15.73%),B:4407.1(10.82%),P:1e-29	Tpos:44.5,Tstd:21.0,Bpos:50.0,Bstd:28.9,StrandBias:1.5,Multiplicity:1.13
0.078	0.152	0.271	0.499
0.062	0.081	0.282	0.575
0.031	0.026	0.808	0.135
0.027	0.018	0.857	0.098
0.053	0.024	0.817	0.106
0.080	0.004	0.815	0.101
0.109	0.036	0.748	0.107
0.081	0.094	0.644	0.181
0.104	0.075	0.710	0.111
0.077	0.020	0.805	0.098
0.036	0.025	0.831	0.108
0.083	0.078	0.745	0.094
>AGCTGATGAAGA	8-AGCTGATGAAGA	7.142634	-63.386768	0	T:430.0(7.50%),B:1738.0(4.27%),P:1e-27	Tpos:50.0,Tstd:28.1,Bpos:49.8,Bstd:30.4,StrandBias:0.8,Multiplicity:1.03
0.656	0.022	0.110	0.212
0.105	0.118	0.727	0.050
0.237	0.538	0.181	0.044
0.268	0.088	0.016	0.628
0.134	0.073	0.725	0.068
0.619	0.131	0.128	0.122
0.342	0.016	0.092	0.550
0.060	0.030	0.828	0.082
0.590	0.166	0.117	0.127
0.737	0.016	0.085	0.162
0.130	0.049	0.748	0.073
0.859	0.053	0.049	0.039
>CTACAGTAGAAG	9-CTACAGTAGAAG	9.288575	-58.151501	0	T:81.0(1.41%),B:136.7(0.34%),P:1e-25	Tpos:49.7,Tstd:27.2,Bpos:51.2,Bstd:33.7,StrandBias:0.5,Multiplicity:1.02
0.075	0.851	0.025	0.049
0.074	0.049	0.001	0.876
0.551	0.148	0.175	0.126
0.102	0.774	0.075	0.049
0.925	0.001	0.001	0.073
0.050	0.025	0.801	0.124
0.025	0.149	0.250	0.576
0.900	0.001	0.075	0.024
0.075	0.001	0.923	0.001
0.876	0.025	0.025	0.074
0.997	0.001	0.001	0.001
0.300	0.049	0.626	0.025
>TGCTGATAGAYY	10-TGCTGATAGAYY	11.348341	-52.333117	0	T:18.0(0.31%),B:3.1(0.01%),P:1e-22	Tpos:67.2,Tstd:10.5,Bpos:38.0,Bstd:12.2,StrandBias:-2.1,Multiplicity:1.00
0.068	0.001	0.001	0.930
0.001	0.068	0.930	0.001
0.139	0.717	0.006	0.138
0.069	0.001	0.069	0.861
0.001	0.283	0.641	0.075
0.997	0.001	0.001	0.001
0.001	0.068	0.001	0.930
0.930	0.001	0.068	0.001
0.076	0.069	0.717	0.138
0.924	0.001	0.001	0.074
0.075	0.503	0.001	0.421
0.075	0.485	0.001	0.439
>TAGTACTGGGTC	11-TAGTACTGGGTC	11.096707	-48.576798	0	T:17.0(0.30%),B:3.5(0.01%),P:1e-21	Tpos:59.0,Tstd:28.5,Bpos:51.0,Bstd:12.6,StrandBias:0.0,Multiplicity:1.00
0.048	0.001	0.048	0.903
0.805	0.001	0.146	0.048
0.195	0.001	0.801	0.003
0.146	0.098	0.053	0.703
0.698	0.098	0.049	0.155
0.001	0.997	0.001	0.001
0.145	0.001	0.001	0.853
0.001	0.048	0.950	0.001
0.097	0.001	0.801	0.101
0.001	0.048	0.903	0.048
0.049	0.098	0.195	0.658
0.001	0.950	0.048	0.001
>RHTCTCGCGAGA	12-RHTCTCGCGAGA	11.348700	-46.704161	0	T:19.0(0.33%),B:5.9(0.01%),P:1e-20	Tpos:29.8,Tstd:16.9,Bpos:46.6,Bstd:14.3,StrandBias:0.3,Multiplicity:1.06
0.375	0.158	0.319	0.148
0.238	0.377	0.155	0.230
0.001	0.001	0.001	0.997
0.224	0.774	0.001	0.001
0.001	0.082	0.076	0.841
0.001	0.997	0.001	0.001
0.001	0.001	0.997	0.001
0.001	0.997	0.001	0.001
0.001	0.073	0.925	0.001
0.774	0.001	0.224	0.001
0.001	0.150	0.697	0.152
0.849	0.001	0.149	0.001
>CCGATGACGTCA	13-CCGATGACGTCA	10.590118	-43.987174	0	T:21.0(0.37%),B:8.9(0.02%),P:1e-19	Tpos:42.3,Tstd:27.1,Bpos:47.6,Bstd:40.7,StrandBias:0.4,Multiplicity:1.00
0.166	0.832	0.001	0.001
0.240	0.498	0.014	0.247
0.001	0.001	0.997	0.001
0.574	0.345	0.001	0.080
0.087	0.001	0.007	0.905
0.080	0.080	0.760	0.080
0.919	0.079	0.001	0.001
0.001	0.919	0.001	0.079
0.001	0.001	0.997	0.001
0.001	0.001	0.001	0.997
0.001	0.919	0.001	0.079
0.677	0.162	0.001	0.160
>GACCCGGAAGCA	14-GACCCGGAAGCA	13.549249	-39.205116	0	T:11.0(0.19%),B:1.6(0.00%),P:1e-17	Tpos:40.1,Tstd:24.3,Bpos:48.4,Bstd:12.0,StrandBias:-0.8,Multiplicity:1.00
0.110	0.001	0.888	0.001
0.997	0.001	0.001	0.001
0.001	0.888	0.110	0.001
0.001	0.997	0.001	0.001
0.110	0.888	0.001	0.001
0.111	0.001	0.777	0.111
0.001	0.001	0.997	0.001
0.997	0.001	0.001	0.001
0.777	0.001	0.111	0.111
0.001	0.110	0.888	0.001
0.001	0.997	0.001	0.001
0.997	0.001	0.001	0.001
>ACCGCCTCCGTC	15-ACCGCCTCCGTC	9.284480	-35.157957	0	T:94.0(1.64%),B:256.9(0.63%),P:1e-15	Tpos:59.0,Tstd:24.2,Bpos:43.7,Bstd:34.7,StrandBias:-1.6,Multiplicity:1.00
0.695	0.032	0.104	0.169
0.001	0.839	0.113	0.047
0.056	0.786	0.073	0.085
0.114	0.001	0.857	0.028
0.028	0.872	0.099	0.001
0.001	0.923	0.048	0.028
0.086	0.028	0.046	0.840
0.001	0.885	0.057	0.057
0.115	0.829	0.028	0.028
0.028	0.057	0.771	0.144
0.056	0.137	0.034	0.773
0.028	0.888	0.056	0.028
>GGTTTTTTTTTA	16-GGTTTTTTTTTA	11.232414	-30.997144	0	T:107.0(1.87%),B:334.3(0.82%),P:1e-13	Tpos:58.9,Tstd:28.7,Bpos:48.8,Bstd:29.9,StrandBias:1.8,Multiplicity:1.02
0.126	0.015	0.691	0.168
0.094	0.030	0.702	0.174
0.065	0.041	0.018	0.876
0.071	0.039	0.024	0.866
0.059	0.019	0.037	0.885
0.057	0.070	0.064	0.809
0.035	0.041	0.070	0.854
0.050	0.033	0.020	0.897
0.037	0.030	0.030	0.903
0.037	0.037	0.005	0.921
0.048	0.015	0.022	0.915
0.686	0.079	0.085	0.150
>TTCCGTTCAGGC	17-TTCCGTTCAGGC	9.875261	-30.720019	0	T:35.0(0.61%),B:50.1(0.12%),P:1e-13	Tpos:43.1,Tstd:21.7,Bpos:50.6,Bstd:26.6,StrandBias:-0.1,Multiplicity:1.00
0.027	0.137	0.001	0.835
0.027	0.055	0.082	0.836
0.027	0.890	0.082	0.001
0.109	0.831	0.001	0.059
0.110	0.196	0.475	0.219
0.055	0.110	0.082	0.753
0.055	0.082	0.082	0.781
0.001	0.918	0.054	0.027
0.891	0.054	0.001	0.054
0.027	0.001	0.945	0.027
0.054	0.001	0.918	0.027
0.027	0.945	0.027	0.001
>TCCTGATGACGA	18-TCCTGATGACGA	13.160208	-30.578190	0	T:9.0(0.16%),B:0.6(0.00%),P:1e-13	Tpos:50.4,Tstd:25.4,Bpos:78.0,Bstd:0.0,StrandBias:1.0,Multiplicity:1.00
0.001	0.001	0.001	0.997
0.001	0.997	0.001	0.001
0.001	0.997	0.001	0.001
0.001	0.001	0.001	0.997
0.001	0.001	0.997	0.001
0.799	0.001	0.199	0.001
0.200	0.001	0.200	0.599
0.001	0.001	0.997	0.001
0.997	0.001	0.001	0.001
0.001	0.997	0.001	0.001
0.001	0.199	0.799	0.001
0.997	0.001	0.001	0.001
>TTTCAGGCGGTC	19-TTTCAGGCGGTC	12.243468	-27.377560	0	T:11.0(0.19%),B:3.8(0.01%),P:1e-11	Tpos:49.1,Tstd:28.7,Bpos:77.0,Bstd:7.7,StrandBias:0.0,Multiplicity:1.00
0.001	0.133	0.001	0.865
0.001	0.001	0.001	0.997
0.001	0.150	0.016	0.833
0.001	0.997	0.001	0.001
0.997	0.001	0.001	0.001
0.001	0.001	0.997	0.001
0.001	0.001	0.997	0.001
0.283	0.449	0.001	0.267
0.001	0.001	0.997	0.001
0.001	0.001	0.997	0.001
0.134	0.134	0.267	0.466
0.001	0.865	0.001	0.133
>CGGCATCTCTCG	20-CGGCATCTCTCG	10.409522	-26.417607	0	T:8.0(0.14%),B:1.2(0.00%),P:1e-11	Tpos:52.0,Tstd:25.8,Bpos:14.0,Bstd:0.0,StrandBias:-0.4,Multiplicity:1.00
0.100	0.700	0.100	0.100
0.100	0.100	0.700	0.100
0.100	0.100	0.700	0.100
0.100	0.700	0.100	0.100
0.700	0.100	0.100	0.100
0.100	0.100	0.100	0.700
0.100	0.700	0.100	0.100
0.100	0.100	0.100	0.700
0.100	0.700	0.100	0.100
0.100	0.100	0.100	0.700
0.100	0.700	0.100	0.100
0.100	0.100	0.700	0.100
>GCCTTGGTACCT	21-GCCTTGGTACCT	10.778441	-26.325807	0	T:14.0(0.24%),B:7.8(0.02%),P:1e-11	Tpos:53.1,Tstd:26.6,Bpos:52.3,Bstd:18.2,StrandBias:0.4,Multiplicity:1.00
0.001	0.080	0.839	0.080
0.079	0.919	0.001	0.001
0.085	0.913	0.001	0.001
0.001	0.165	0.001	0.833
0.001	0.001	0.159	0.839
0.001	0.001	0.833	0.165
0.160	0.086	0.508	0.246
0.080	0.001	0.080	0.839
0.997	0.001	0.001	0.001
0.160	0.600	0.080	0.160
0.005	0.914	0.001	0.080
0.001	0.001	0.001	0.997
>GCGCGSTGACGY	22-GCGCGSTGACGY	10.716812	-23.882172	0	T:16.0(0.28%),B:12.9(0.03%),P:1e-10	Tpos:27.1,Tstd:15.0,Bpos:70.0,Bstd:0.0,StrandBias:1.5,Multiplicity:1.00
0.002	0.030	0.967	0.001
0.032	0.756	0.060	0.152
0.030	0.030	0.938	0.002
0.060	0.516	0.060	0.364
0.001	0.209	0.670	0.120
0.151	0.397	0.273	0.179
0.269	0.030	0.090	0.611
0.030	0.092	0.846	0.032
0.609	0.060	0.032	0.299
0.059	0.791	0.149	0.001
0.060	0.030	0.878	0.032
0.001	0.487	0.001	0.511
>GCGCCGCTGCTA	23-GCGCCGCTGCTA	13.304865	-22.798853	0	T:12.0(0.21%),B:6.2(0.02%),P:1e-9	Tpos:54.2,Tstd:15.4,Bpos:54.8,Bstd:21.4,StrandBias:-2.3,Multiplicity:1.00
0.001	0.133	0.865	0.001
0.001	0.997	0.001	0.001
0.001	0.133	0.865	0.001
0.001	0.997	0.001	0.001
0.001	0.865	0.001	0.133
0.001	0.001	0.997	0.001
0.001	0.997	0.001	0.001
0.266	0.001	0.001	0.732
0.001	0.001	0.997	0.001
0.001	0.997	0.001	0.001
0.022	0.289	0.001	0.688
0.732	0.001	0.266	0.001
>GGATGGGAGAGT	24-GGATGGGAGAGT	12.989776	-17.562894	0	T:10.0(0.17%),B:6.7(0.02%),P:1e-7	Tpos:50.8,Tstd:23.6,Bpos:57.3,Bstd:18.6,StrandBias:1.9,Multiplicity:1.56
0.001	0.001	0.776	0.222
0.001	0.001	0.997	0.001
0.997	0.001	0.001	0.001
0.001	0.222	0.001	0.776
0.001	0.001	0.997	0.001
0.001	0.001	0.997	0.001
0.231	0.001	0.767	0.001
0.767	0.001	0.231	0.001
0.222	0.001	0.776	0.001
0.997	0.001	0.001	0.001
0.001	0.001	0.997	0.001
0.001	0.321	0.001	0.677
>CAGAGGAGGAGA	25-CAGAGGAGGAGA	9.617068	-15.830535	0	T:60.0(1.05%),B:201.2(0.49%),P:1e-6	Tpos:57.8,Tstd:26.9,Bpos:57.2,Bstd:26.5,StrandBias:0.7,Multiplicity:1.07
0.038	0.855	0.032	0.075
0.773	0.091	0.015	0.121
0.046	0.116	0.823	0.015
0.789	0.060	0.090	0.061
0.046	0.001	0.863	0.090
0.032	0.038	0.885	0.045
0.783	0.080	0.076	0.061
0.116	0.060	0.779	0.045
0.055	0.031	0.809	0.105
0.869	0.045	0.069	0.017
0.060	0.053	0.872	0.015
0.899	0.032	0.024	0.045
>CCGGAA	1-CCGGAA	5.091697	-133.325127	0	T:722.0(12.59%),B:2719.5(6.68%),P:1e-57	Tpos:48.2,Tstd:25.2,Bpos:50.4,Bstd:37.8,StrandBias:0.3,Multiplicity:1.27
0.001	0.794	0.204	0.001
0.001	0.997	0.001	0.001
0.001	0.001	0.997	0.001
0.001	0.001	0.924	0.074
0.939	0.001	0.001	0.059
0.923	0.001	0.001	0.075
>TCCTCC	2-TCCTCC	4.481378	-132.163106	0	T:2798.0(48.80%),B:15622.3(38.36%),P:1e-57	Tpos:51.2,Tstd:25.9,Bpos:50.1,Bstd:32.2,StrandBias:-1.1,Multiplicity:1.54
0.001	0.001	0.001	0.997
0.044	0.954	0.001	0.001
0.105	0.776	0.001	0.118
0.001	0.172	0.001	0.826
0.038	0.960	0.001	0.001
0.001	0.821	0.001	0.177
>TAGGGG	3-TAGGGG	3.299672	-112.294673	0	T:3539.0(61.72%),B:21193.4(52.04%),P:1e-48	Tpos:48.7,Tstd:25.7,Bpos:50.1,Bstd:30.2,StrandBias:0.9,Multiplicity:1.40
0.138	0.001	0.064	0.797
0.737	0.001	0.047	0.215
0.001	0.001	0.973	0.025
0.030	0.092	0.836	0.042
0.034	0.111	0.729	0.126
0.001	0.001	0.997	0.001
>CGTCAT	4-CGTCAT	4.534341	-85.704487	0	T:1342.0(23.40%),B:6831.3(16.77%),P:1e-37	Tpos:50.4,Tstd:28.6,Bpos:49.9,Bstd:31.2,StrandBias:-0.3,Multiplicity:1.21
0.054	0.874	0.071	0.001
0.184	0.001	0.814	0.001
0.067	0.168	0.015	0.750
0.022	0.976	0.001	0.001
0.971	0.001	0.001	0.027
0.029	0.186	0.057	0.728
>TACSGC	5-TACSGC	3.091260	-84.385400	0	T:2628.0(45.83%),B:15308.6(37.59%),P:1e-36	Tpos:50.7,Tstd:27.5,Bpos:49.8,Bstd:34.5,StrandBias:-0.2,Multiplicity:1.43
0.164	0.001	0.001	0.834
0.760	0.089	0.081	0.070
0.127	0.699	0.173	0.001
0.030	0.496	0.438	0.036
0.010	0.001	0.875	0.114
0.118	0.782	0.057	0.043
>GCTGTT	6-GCTGTT	3.680460	-76.202163	0	T:3195.0(55.72%),B:19446.8(47.75%),P:1e-33	Tpos:51.2,Tstd:27.8,Bpos:49.8,Bstd:30.6,StrandBias:-0.0,Multiplicity:1.45
0.098	0.117	0.784	0.001
0.001	0.946	0.052	0.001
0.104	0.001	0.001	0.894
0.001	0.085	0.871	0.043
0.107	0.131	0.001	0.761
0.001	0.128	0.001	0.870
>ATCGTC	7-ATCGTC	3.937898	-74.308374	0	T:1919.0(33.47%),B:10732.1(26.35%),P:1e-32	Tpos:50.6,Tstd:28.7,Bpos:50.0,Bstd:35.3,StrandBias:-0.2,Multiplicity:1.13
0.871	0.001	0.127	0.001
0.001	0.001	0.184	0.814
0.001	0.997	0.001	0.001
0.042	0.001	0.793	0.164
0.297	0.001	0.218	0.485
0.001	0.870	0.001	0.128
>TTCCGA	8-TTCCGA	4.902623	-39.348543	0	T:693.0(12.09%),B:3558.7(8.74%),P:1e-17	Tpos:54.4,Tstd:28.3,Bpos:51.2,Bstd:37.3,StrandBias:-0.2,Multiplicity:1.06
0.001	0.207	0.175	0.617
0.001	0.001	0.195	0.803
0.197	0.795	0.004	0.004
0.008	0.582	0.405	0.005
0.174	0.015	0.810	0.001
0.729	0.001	0.001	0.269
>GACGAA	9-GACGAA	2.172419	-36.636632	0	T:1360.0(23.72%),B:7869.7(19.32%),P:1e-15	Tpos:52.6,Tstd:28.3,Bpos:50.4,Bstd:34.4,StrandBias:0.9,Multiplicity:1.20
0.001	0.001	0.997	0.001
0.997	0.001	0.001	0.001
0.278	0.720	0.001	0.001
0.001	0.001	0.997	0.001
0.778	0.001	0.001	0.220
0.988	0.001	0.001	0.010
>CTGCGC	10-CTGCGC	4.966510	-35.129742	0	T:1218.0(21.24%),B:6976.3(17.13%),P:1e-15	Tpos:47.2,Tstd:26.5,Bpos:49.6,Bstd:34.5,StrandBias:-0.1,Multiplicity:1.17
0.286	0.651	0.001	0.062
0.001	0.001	0.001	0.997
0.001	0.001	0.997	0.001
0.001	0.997	0.001	0.001
0.001	0.001	0.874	0.124
0.001	0.997	0.001	0.001
>CTCGCG	11-CTCGCG	3.757297	-24.287608	0	T:708.0(12.35%),B:3944.8(9.69%),P:1e-10	Tpos:49.2,Tstd:27.5,Bpos:50.3,Bstd:38.4,StrandBias:-0.1,Multiplicity:1.09
0.001	0.960	0.001	0.038
0.001	0.001	0.001	0.997
0.001	0.712	0.001	0.286
0.001	0.001	0.608	0.390
0.001	0.997	0.001	0.001
0.001	0.001	0.997	0.001
>GGTAAG	12-GGTAAG	6.177716	-20.457067	0	T:229.0(3.99%),B:1073.4(2.64%),P:1e-8	Tpos:59.4,Tstd:30.4,Bpos:52.7,Bstd:31.0,StrandBias:0.2,Multiplicity:1.01
0.100	0.100	0.700	0.100
0.100	0.100	0.700	0.100
0.100	0.100	0.100	0.700
0.700	0.100	0.100	0.100
0.700	0.100	0.100	0.100
0.100	0.100	0.700	0.100
>CCGGAAGT	1-CCGGAAGT	6.899493	-190.182507	0	T:351.0(6.12%),B:735.5(1.81%),P:1e-82	Tpos:45.4,Tstd:23.6,Bpos:50.1,Bstd:37.6,StrandBias:0.4,Multiplicity:1.15
0.001	0.575	0.423	0.001
0.001	0.997	0.001	0.001
0.001	0.001	0.997	0.001
0.001	0.001	0.698	0.300
0.997	0.001	0.001	0.001
0.833	0.001	0.001	0.165
0.261	0.001	0.737	0.001
0.091	0.175	0.001	0.733
>CCCCCCCC	2-CCCCCCCC	4.863612	-147.403368	0	T:2043.0(35.63%),B:10386.7(25.50%),P:1e-64	Tpos:44.8,Tstd:22.9,Bpos:49.8,Bstd:30.6,StrandBias:-1.4,Multiplicity:1.39
0.090	0.515	0.030	0.365
0.144	0.693	0.001	0.162
0.137	0.726	0.030	0.107
0.085	0.776	0.062	0.077
0.053	0.772	0.019	0.156
0.126	0.769	0.023	0.082
0.071	0.764	0.001	0.164
0.162	0.504	0.001	0.333
>TTACGGCG	3-TTACGGCG	3.750580	-110.073941	0	T:1672.0(29.16%),B:8543.8(20.98%),P:1e-47	Tpos:49.9,Tstd:26.4,Bpos:49.9,Bstd:33.9,StrandBias:0.1,Multiplicity:1.17
0.314	0.106	0.001	0.579
0.182	0.047	0.044	0.727
0.576	0.127	0.058	0.239
0.126	0.694	0.036	0.144
0.102	0.280	0.528	0.090
0.102	0.114	0.783	0.001
0.079	0.627	0.213	0.081
0.055	0.219	0.687	0.039
>GATGACGA	4-GATGACGA	4.357387	-91.751774	0	T:1588.0(27.69%),B:8285.4(20.35%),P:1e-39	Tpos:53.8,Tstd:27.5,Bpos:49.7,Bstd:33.1,StrandBias:1.0,Multiplicity:1.20
0.225	0.025	0.674	0.076
0.550	0.214	0.124	0.112
0.135	0.188	0.133	0.544
0.025	0.036	0.848	0.091
0.668	0.089	0.188	0.055
0.205	0.440	0.125	0.230
0.098	0.121	0.692	0.089
0.493	0.133	0.203	0.171
>TGGAGGAG	5-TGGAGGAG	5.664961	-76.135464	0	T:933.0(16.27%),B:4470.7(10.98%),P:1e-33	Tpos:53.1,Tstd:26.2,Bpos:50.5,Bstd:31.8,StrandBias:1.0,Multiplicity:1.08
0.059	0.056	0.001	0.884
0.001	0.026	0.972	0.001
0.031	0.039	0.883	0.047
0.907	0.032	0.001	0.060
0.116	0.019	0.828	0.037
0.138	0.001	0.860	0.001
0.919	0.001	0.001	0.079
0.001	0.085	0.913	0.001
>TTGGCGGT	6-TTGGCGGT	4.429393	-68.590735	0	T:1320.0(23.02%),B:6964.2(17.10%),P:1e-29	Tpos:51.8,Tstd:26.8,Bpos:49.8,Bstd:33.5,StrandBias:0.6,Multiplicity:1.16
0.103	0.072	0.116	0.709
0.064	0.141	0.130	0.665
0.074	0.077	0.676	0.173
0.078	0.097	0.721	0.104
0.069	0.825	0.042	0.064
0.103	0.083	0.753	0.061
0.102	0.077	0.728	0.093
0.105	0.147	0.031	0.717
>CAACAGCT	7-CAACAGCT	4.497137	-53.823041	0	T:1845.0(32.18%),B:10669.7(26.20%),P:1e-23	Tpos:52.7,Tstd:27.6,Bpos:49.3,Bstd:29.8,StrandBias:-0.2,Multiplicity:1.19
0.130	0.703	0.073	0.094
0.803	0.066	0.071	0.060
0.672	0.065	0.182	0.081
0.071	0.789	0.084	0.056
0.769	0.077	0.062	0.092
0.088	0.081	0.769	0.062
0.056	0.747	0.086	0.111
0.092	0.058	0.099	0.751
>ATCSGCAG	8-ATCSGCAG	5.703968	-53.360166	0	T:581.0(10.13%),B:2689.3(6.60%),P:1e-23	Tpos:54.6,Tstd:26.9,Bpos:50.2,Bstd:31.5,StrandBias:0.5,Multiplicity:1.05
0.922	0.045	0.032	0.001
0.136	0.032	0.200	0.632
0.046	0.780	0.075	0.099
0.090	0.394	0.445	0.071
0.277	0.147	0.575	0.001
0.194	0.463	0.288	0.055
0.904	0.052	0.003	0.041
0.027	0.135	0.837	0.001
>ACTGACGG	9-ACTGACGG	5.027942	-48.050766	0	T:417.0(7.27%),B:1816.6(4.46%),P:1e-20	Tpos:50.1,Tstd:26.0,Bpos:50.5,Bstd:31.5,StrandBias:0.0,Multiplicity:1.05
0.850	0.048	0.043	0.059
0.053	0.749	0.092	0.106
0.076	0.078	0.105	0.741
0.100	0.081	0.752	0.067
0.746	0.073	0.083	0.098
0.068	0.772	0.060	0.100
0.070	0.145	0.703	0.082
0.104	0.071	0.693	0.132
>CTTGCGCA	10-CTTGCGCA	3.463392	-46.398709	0	T:124.0(2.16%),B:335.1(0.82%),P:1e-20	Tpos:44.0,Tstd:20.8,Bpos:49.9,Bstd:33.9,StrandBias:-0.1,Multiplicity:1.07
0.016	0.693	0.001	0.290
0.001	0.031	0.298	0.670
0.001	0.001	0.001	0.997
0.001	0.001	0.997	0.001
0.001	0.997	0.001	0.001
0.001	0.001	0.997	0.001
0.001	0.997	0.001	0.001
0.997	0.001	0.001	0.001
>GGCVGTAC	11-GGCVGTAC	5.345869	-44.934443	0	T:508.0(8.86%),B:2371.4(5.82%),P:1e-19	Tpos:48.3,Tstd:28.0,Bpos:50.1,Bstd:32.6,StrandBias:0.2,Multiplicity:1.04
0.026	0.081	0.786	0.107
0.211	0.001	0.600	0.188
0.115	0.694	0.140	0.051
0.253	0.308	0.394	0.046
0.001	0.093	0.862	0.044
0.032	0.183	0.140	0.645
0.874	0.001	0.059	0.066
0.163	0.835	0.001	0.001
>TAGAGGAG	12-TAGAGGAG	6.362428	-43.284190	0	T:704.0(12.28%),B:3561.0(8.74%),P:1e-18	Tpos:52.4,Tstd:26.5,Bpos:50.0,Bstd:29.5,StrandBias:0.7,Multiplicity:1.05
0.160	0.168	0.001	0.671
0.997	0.001	0.001	0.001
0.214	0.073	0.631	0.082
0.997	0.001	0.001	0.001
0.001	0.015	0.983	0.001
0.001	0.207	0.791	0.001
0.707	0.029	0.105	0.159
0.062	0.077	0.759	0.102
>CGCCTGCG	13-CGCCTGCG	8.453656	-42.889834	0	T:187.0(3.26%),B:643.4(1.58%),P:1e-18	Tpos:41.6,Tstd:24.6,Bpos:49.4,Bstd:39.9,StrandBias:-0.2,Multiplicity:1.07
0.001	0.997	0.001	0.001
0.001	0.001	0.997	0.001
0.001	0.879	0.001	0.119
0.222	0.776	0.001	0.001
0.095	0.001	0.001	0.903
0.001	0.129	0.869	0.001
0.001	0.997	0.001	0.001
0.001	0.001	0.997	0.001
>BCGGTCAT	14-BCGGTCAT	5.585109	-38.414697	0	T:228.0(3.98%),B:883.3(2.17%),P:1e-16	Tpos:50.0,Tstd:28.4,Bpos:52.0,Bstd:31.6,StrandBias:0.2,Multiplicity:1.02
0.136	0.233	0.358	0.274
0.177	0.622	0.121	0.080
0.056	0.171	0.772	0.001
0.070	0.064	0.824	0.042
0.133	0.184	0.001	0.682
0.045	0.539	0.143	0.273
0.871	0.001	0.055	0.073
0.175	0.315	0.032	0.479
>CGATTGGC	15-CGATTGGC	6.009057	-37.629350	0	T:230.0(4.01%),B:900.8(2.21%),P:1e-16	Tpos:39.5,Tstd:25.5,Bpos:49.5,Bstd:29.0,StrandBias:-0.1,Multiplicity:1.02
0.027	0.870	0.001	0.102
0.087	0.120	0.717	0.076
0.938	0.001	0.009	0.052
0.028	0.102	0.001	0.869
0.050	0.001	0.055	0.894
0.001	0.026	0.972	0.001
0.001	0.056	0.942	0.001
0.027	0.842	0.008	0.123
>CGCAGTCA	16-CGCAGTCA	7.136380	-37.265313	0	T:216.0(3.77%),B:831.0(2.04%),P:1e-16	Tpos:48.1,Tstd:28.3,Bpos:50.3,Bstd:30.7,StrandBias:-0.2,Multiplicity:1.02
0.074	0.867	0.001	0.058
0.079	0.001	0.820	0.100
0.001	0.921	0.001	0.077
0.997	0.001	0.001	0.001
0.001	0.001	0.942	0.056
0.056	0.275	0.033	0.636
0.001	0.946	0.052	0.001
0.943	0.001	0.055	0.001
>ACTTGCTG	17-ACTTGCTG	6.940472	-36.101871	0	T:264.0(4.60%),B:1095.4(2.69%),P:1e-15	Tpos:49.0,Tstd:26.6,Bpos:50.8,Bstd:29.7,StrandBias:0.0,Multiplicity:1.02
0.803	0.001	0.133	0.063
0.001	0.552	0.396	0.051
0.064	0.001	0.298	0.637
0.019	0.001	0.101	0.879
0.006	0.205	0.788	0.001
0.131	0.533	0.293	0.043
0.001	0.357	0.001	0.641
0.027	0.065	0.907	0.001
>TTGTCCRC	18-TTGTCCRC	7.556336	-33.159251	0	T:187.0(3.26%),B:713.2(1.75%),P:1e-14	Tpos:52.5,Tstd:26.8,Bpos:48.1,Bstd:30.3,StrandBias:-0.6,Multiplicity:1.01
0.001	0.001	0.001	0.997
0.001	0.157	0.194	0.648
0.001	0.001	0.638	0.360
0.024	0.001	0.001	0.974
0.203	0.795	0.001	0.001
0.196	0.802	0.001	0.001
0.516	0.001	0.482	0.001
0.001	0.968	0.030	0.001
>TAAAAAAA	19-TAAAAAAA	7.711382	-32.897633	0	T:634.0(11.06%),B:3307.4(8.12%),P:1e-14	Tpos:52.7,Tstd:28.6,Bpos:50.3,Bstd:31.4,StrandBias:-0.9,Multiplicity:1.13
0.001	0.001	0.090	0.908
0.803	0.001	0.001	0.195
0.884	0.001	0.001	0.114
0.923	0.075	0.001	0.001
0.997	0.001	0.001	0.001
0.927	0.071	0.001	0.001
0.926	0.001	0.072	0.001
0.874	0.001	0.124	0.001
>GCGTTACG	20-GCGTTACG	7.402438	-32.285826	0	T:57.0(0.99%),B:120.0(0.29%),P:1e-14	Tpos:30.5,Tstd:20.9,Bpos:46.4,Bstd:43.9,StrandBias:0.1,Multiplicity:1.02
0.124	0.001	0.830	0.045
0.001	0.994	0.004	0.001
0.001	0.345	0.609	0.045
0.001	0.078	0.338	0.583
0.169	0.230	0.176	0.425
0.760	0.001	0.238	0.001
0.115	0.883	0.001	0.001
0.086	0.001	0.912	0.001
>TAAAGGCG	21-TAAAGGCG	8.236954	-27.183127	0	T:15.0(0.26%),B:8.1(0.02%),P:1e-11	Tpos:49.8,Tstd:22.2,Bpos:46.8,Bstd:28.1,StrandBias:0.8,Multiplicity:1.00
0.100	0.100	0.100	0.700
0.700	0.100	0.100	0.100
0.700	0.100	0.100	0.100
0.700	0.100	0.100	0.100
0.100	0.100	0.700	0.100
0.100	0.100	0.700	0.100
0.100	0.700	0.100	0.100
0.100	0.100	0.700	0.100
>TCTCGCGA	22-TCTCGCGA	9.137027	-23.176466	0	T:23.0(0.40%),B:29.4(0.07%),P:1e-10	Tpos:31.2,Tstd:18.3,Bpos:54.2,Bstd:40.4,StrandBias:0.1,Multiplicity:1.05
0.001	0.001	0.001	0.997
0.075	0.695	0.081	0.149
0.001	0.001	0.001	0.997
0.001	0.997	0.001	0.001
0.001	0.001	0.997	0.001
0.029	0.969	0.001	0.001
0.001	0.001	0.997	0.001
0.997	0.001	0.001	0.001
>SCRACGGT	23-SCRACGGT	8.729255	-21.909329	0	T:23.0(0.40%),B:31.6(0.08%),P:1e-9	Tpos:46.0,Tstd:31.0,Bpos:47.1,Bstd:20.8,StrandBias:0.3,Multiplicity:1.00
0.001	0.441	0.557	0.001
0.001	0.880	0.118	0.001
0.445	0.001	0.550	0.004
0.851	0.001	0.062	0.086
0.086	0.811	0.001	0.102
0.056	0.065	0.878	0.001
0.001	0.046	0.824	0.129
0.001	0.001	0.132	0.866
>CGWCAACG	24-CGWCAACG	5.627529	-18.493912	0	T:111.0(1.94%),B:439.8(1.08%),P:1e-8	Tpos:55.4,Tstd:25.5,Bpos:50.0,Bstd:34.1,StrandBias:0.1,Multiplicity:1.05
0.001	0.980	0.018	0.001
0.224	0.211	0.381	0.184
0.354	0.138	0.095	0.414
0.183	0.563	0.214	0.040
0.428	0.144	0.194	0.235
0.914	0.022	0.040	0.024
0.001	0.807	0.029	0.163
0.207	0.156	0.475	0.161
