>RCCGGAAGYS	1-RCCGGAAGYS	7.776019	-199.344006	0	T:292.0(5.09%),B:505.2(1.24%),P:1e-86	Tpos:42.2,Tstd:22.2,Bpos:49.0,Bstd:37.1,StrandBias:-0.0,Multiplicity:1.21
0.397	0.083	0.396	0.124
0.089	0.576	0.319	0.016
0.001	0.967	0.031	0.001
0.001	0.001	0.997	0.001
0.001	0.001	0.997	0.001
0.997	0.001	0.001	0.001
0.921	0.001	0.001	0.077
0.277	0.195	0.527	0.001
0.199	0.360	0.001	0.441
0.190	0.282	0.389	0.139
>YYCCCCCCCC	2-YYCCCCCCCC	5.064167	-145.813979	0	T:1509.0(26.32%),B:7077.3(17.38%),P:1e-63	Tpos:44.9,Tstd:22.6,Bpos:49.2,Bstd:31.1,StrandBias:-1.4,Multiplicity:1.30
0.182	0.352	0.110	0.356
0.139	0.420	0.051	0.389
0.170	0.488	0.051	0.292
0.145	0.557	0.049	0.249
0.094	0.519	0.136	0.251
0.128	0.529	0.192	0.151
0.065	0.779	0.001	0.155
0.090	0.617	0.013	0.280
0.153	0.567	0.002	0.278
0.205	0.447	0.064	0.285
>CCGCCATNTT	3-CCGCCATNTT	6.177570	-107.089822	0	T:146.0(2.55%),B:237.4(0.58%),P:1e-46	Tpos:62.9,Tstd:22.3,Bpos:42.8,Bstd:29.3,StrandBias:-0.9,Multiplicity:1.02
0.250	0.532	0.013	0.205
0.164	0.535	0.284	0.017
0.190	0.208	0.390	0.212
0.220	0.582	0.034	0.164
0.020	0.924	0.035	0.021
0.637	0.177	0.026	0.160
0.240	0.124	0.230	0.406
0.263	0.270	0.164	0.304
0.136	0.103	0.275	0.486
0.035	0.307	0.019	0.639
>GATGATGATG	4-GATGATGATG	5.892947	-84.957352	0	T:730.0(12.73%),B:3185.5(7.82%),P:1e-36	Tpos:52.6,Tstd:25.9,Bpos:49.1,Bstd:31.1,StrandBias:1.7,Multiplicity:1.12
0.086	0.105	0.745	0.064
0.497	0.147	0.193	0.163
0.280	0.043	0.241	0.436
0.062	0.110	0.816	0.012
0.578	0.080	0.202	0.140
0.250	0.088	0.186	0.476
0.082	0.049	0.864	0.005
0.553	0.136	0.220	0.091
0.254	0.124	0.148	0.474
0.112	0.044	0.707	0.137
>CGCATGCGCA	5-CGCATGCGCA	10.219020	-78.097459	0	T:84.0(1.46%),B:108.1(0.27%),P:1e-33	Tpos:36.0,Tstd:19.9,Bpos:60.5,Bstd:38.7,StrandBias:-0.1,Multiplicity:1.04
0.068	0.925	0.006	0.001
0.019	0.001	0.964	0.016
0.001	0.997	0.001	0.001
0.736	0.153	0.042	0.069
0.081	0.054	0.107	0.758
0.014	0.001	0.984	0.001
0.014	0.971	0.001	0.014
0.001	0.001	0.997	0.001
0.001	0.971	0.014	0.014
0.814	0.028	0.101	0.057
>TTWAAGGGGG	6-TTWAAGGGGG	6.350616	-71.977318	0	T:501.0(8.74%),B:2043.1(5.02%),P:1e-31	Tpos:51.2,Tstd:21.5,Bpos:50.1,Bstd:28.5,StrandBias:1.4,Multiplicity:1.03
0.018	0.135	0.334	0.513
0.292	0.029	0.104	0.575
0.314	0.001	0.230	0.454
0.562	0.001	0.160	0.277
0.746	0.001	0.252	0.001
0.301	0.001	0.697	0.001
0.008	0.001	0.990	0.001
0.069	0.001	0.759	0.171
0.155	0.121	0.723	0.001
0.134	0.222	0.643	0.001
>TCTTCTTCAG	7-TCTTCTTCAG	6.683551	-68.520188	0	T:635.0(11.07%),B:2822.9(6.93%),P:1e-29	Tpos:51.5,Tstd:26.9,Bpos:49.3,Bstd:30.6,StrandBias:-0.4,Multiplicity:1.05
0.076	0.111	0.029	0.784
0.056	0.763	0.102	0.079
0.106	0.087	0.050	0.757
0.036	0.071	0.054	0.839
0.045	0.819	0.065	0.071
0.065	0.082	0.058	0.795
0.055	0.091	0.069	0.785
0.021	0.859	0.041	0.079
0.747	0.137	0.053	0.063
0.038	0.054	0.857	0.051
>TAGCTGCTGC	8-TAGCTGCTGC	4.650618	-57.558831	0	T:1325.0(23.11%),B:7190.4(17.66%),P:1e-24	Tpos:53.9,Tstd:26.6,Bpos:49.2,Bstd:31.2,StrandBias:-0.1,Multiplicity:1.19
0.094	0.140	0.103	0.663
0.690	0.102	0.104	0.104
0.105	0.086	0.718	0.091
0.085	0.719	0.089	0.107
0.125	0.097	0.097	0.681
0.093	0.081	0.746	0.080
0.091	0.724	0.085	0.100
0.106	0.118	0.100	0.676
0.105	0.110	0.687	0.098
0.102	0.695	0.098	0.105
>GTTCGCTGGA	9-GTTCGCTGGA	10.620192	-52.779392	0	T:14.0(0.24%),B:1.7(0.00%),P:1e-22	Tpos:53.6,Tstd:23.5,Bpos:53.2,Bstd:24.1,StrandBias:2.5,Multiplicity:1.00
0.001	0.105	0.789	0.105
0.001	0.001	0.001	0.997
0.001	0.001	0.001	0.997
0.001	0.997	0.001	0.001
0.001	0.001	0.997	0.001
0.001	0.894	0.001	0.104
0.105	0.105	0.105	0.685
0.001	0.001	0.894	0.104
0.001	0.001	0.997	0.001
0.789	0.001	0.105	0.105
>GGTCACGTGA	10-GGTCACGTGA	7.430133	-49.618122	0	T:127.0(2.21%),B:334.8(0.82%),P:1e-21	Tpos:37.4,Tstd:22.0,Bpos:53.0,Bstd:33.5,StrandBias:-0.1,Multiplicity:1.07
0.231	0.259	0.509	0.001
0.123	0.172	0.704	0.001
0.001	0.347	0.028	0.624
0.035	0.639	0.259	0.067
0.811	0.155	0.001	0.033
0.001	0.903	0.095	0.001
0.065	0.023	0.906	0.006
0.147	0.033	0.077	0.743
0.049	0.182	0.736	0.033
0.720	0.017	0.202	0.061
>GAAGTTCGCC	11-GAAGTTCGCC	6.549167	-48.622450	0	T:240.0(4.19%),B:866.9(2.13%),P:1e-21	Tpos:50.8,Tstd:25.6,Bpos:50.4,Bstd:33.7,StrandBias:0.3,Multiplicity:1.02
0.061	0.052	0.827	0.060
0.827	0.055	0.067	0.051
0.838	0.032	0.057	0.073
0.036	0.070	0.844	0.050
0.084	0.061	0.080	0.775
0.044	0.050	0.092	0.814
0.058	0.713	0.101	0.128
0.111	0.037	0.802	0.050
0.069	0.769	0.091	0.071
0.066	0.792	0.085	0.057
>TGGCGGTACT	12-TGGCGGTACT	6.552283	-48.214496	0	T:257.0(4.48%),B:955.2(2.35%),P:1e-20	Tpos:50.3,Tstd:25.7,Bpos:50.6,Bstd:29.3,StrandBias:0.7,Multiplicity:1.01
0.053	0.058	0.086	0.803
0.016	0.072	0.854	0.058
0.051	0.061	0.849	0.039
0.121	0.729	0.068	0.082
0.093	0.044	0.774	0.089
0.046	0.050	0.845	0.059
0.067	0.108	0.134	0.691
0.764	0.038	0.109	0.089
0.029	0.844	0.095	0.032
0.045	0.055	0.047	0.853
>ATTCTCGCGA	13-ATTCTCGCGA	11.714692	-48.177328	0	T:13.0(0.23%),B:0.0(0.00%),P:1e-20	Tpos:33.4,Tstd:19.7,Bpos:0.0,Bstd:0.0,StrandBias:0.4,Multiplicity:1.00
0.894	0.001	0.104	0.001
0.173	0.248	0.173	0.407
0.001	0.001	0.001	0.997
0.044	0.954	0.001	0.001
0.001	0.001	0.001	0.997
0.001	0.997	0.001	0.001
0.001	0.001	0.997	0.001
0.045	0.909	0.045	0.001
0.045	0.031	0.923	0.001
0.954	0.044	0.001	0.001
>TGCCAATGGC	14-TGCCAATGGC	6.798661	-43.705120	0	T:202.0(3.52%),B:711.6(1.75%),P:1e-18	Tpos:49.0,Tstd:29.1,Bpos:51.5,Bstd:27.9,StrandBias:-0.1,Multiplicity:1.02
0.061	0.077	0.042	0.820
0.095	0.092	0.750	0.063
0.058	0.771	0.088	0.083
0.061	0.821	0.071	0.047
0.823	0.054	0.055	0.068
0.823	0.039	0.038	0.100
0.058	0.072	0.023	0.847
0.073	0.080	0.786	0.061
0.069	0.066	0.822	0.043
0.098	0.740	0.085	0.077
>TCTTTCCGGT	15-TCTTTCCGGT	7.572826	-40.994087	0	T:149.0(2.60%),B:473.2(1.16%),P:1e-17	Tpos:50.4,Tstd:26.3,Bpos:49.9,Bstd:30.4,StrandBias:0.4,Multiplicity:1.03
0.042	0.076	0.069	0.813
0.054	0.784	0.020	0.142
0.055	0.068	0.006	0.871
0.003	0.071	0.070	0.856
0.017	0.114	0.070	0.799
0.032	0.861	0.049	0.058
0.205	0.662	0.065	0.068
0.083	0.031	0.814	0.072
0.060	0.063	0.821	0.056
0.138	0.057	0.084	0.721
>MCRRCTRYSG	16-MCRRCTRYSG	3.981192	-32.352902	0	T:1448.0(25.25%),B:8560.3(21.03%),P:1e-14	Tpos:52.1,Tstd:27.1,Bpos:50.3,Bstd:30.1,StrandBias:0.0,Multiplicity:1.12
0.372	0.253	0.159	0.216
0.248	0.413	0.129	0.210
0.473	0.031	0.367	0.129
0.472	0.009	0.391	0.128
0.247	0.414	0.091	0.247
0.010	0.150	0.091	0.749
0.367	0.009	0.473	0.151
0.128	0.413	0.091	0.367
0.009	0.509	0.367	0.115
0.133	0.157	0.457	0.253
>SCAAACAATG	17-SCAAACAATG	10.273662	-30.452289	0	T:32.0(0.56%),B:42.4(0.10%),P:1e-13	Tpos:37.7,Tstd:24.3,Bpos:39.7,Bstd:26.4,StrandBias:-0.8,Multiplicity:1.00
0.001	0.351	0.452	0.195
0.001	0.997	0.001	0.001
0.997	0.001	0.001	0.001
0.997	0.001	0.001	0.001
0.997	0.001	0.001	0.001
0.139	0.848	0.001	0.012
0.987	0.001	0.011	0.001
0.959	0.039	0.001	0.001
0.001	0.095	0.001	0.903
0.001	0.001	0.811	0.187
>CCATVGCVAC	18-CCATVGCVAC	9.198803	-30.243017	0	T:44.0(0.77%),B:79.3(0.19%),P:1e-13	Tpos:51.8,Tstd:28.6,Bpos:43.6,Bstd:27.6,StrandBias:-0.1,Multiplicity:1.08
0.146	0.707	0.001	0.146
0.049	0.590	0.192	0.169
0.997	0.001	0.001	0.001
0.001	0.001	0.001	0.997
0.315	0.293	0.391	0.001
0.001	0.001	0.852	0.146
0.001	0.997	0.001	0.001
0.320	0.295	0.363	0.022
0.976	0.001	0.022	0.001
0.001	0.975	0.001	0.023
>TGTAGCGGTC	19-TGTAGCGGTC	6.801213	-25.634336	0	T:174.0(3.03%),B:710.0(1.74%),P:1e-11	Tpos:54.3,Tstd:25.0,Bpos:53.0,Bstd:32.1,StrandBias:0.1,Multiplicity:1.02
0.037	0.055	0.079	0.829
0.026	0.068	0.860	0.046
0.082	0.077	0.083	0.758
0.772	0.082	0.072	0.074
0.062	0.049	0.840	0.049
0.089	0.708	0.081	0.122
0.082	0.027	0.818	0.073
0.049	0.093	0.819	0.039
0.075	0.068	0.074	0.783
0.027	0.815	0.043	0.115
>TCAATGGGAG	20-TCAATGGGAG	12.676024	-25.535378	0	T:13.0(0.23%),B:6.9(0.02%),P:1e-11	Tpos:32.1,Tstd:21.9,Bpos:39.6,Bstd:17.0,StrandBias:0.2,Multiplicity:1.00
0.001	0.328	0.001	0.670
0.001	0.997	0.001	0.001
0.997	0.001	0.001	0.001
0.997	0.001	0.001	0.001
0.001	0.001	0.001	0.997
0.001	0.001	0.997	0.001
0.001	0.001	0.997	0.001
0.001	0.045	0.953	0.001
0.997	0.001	0.001	0.001
0.001	0.001	0.997	0.001
>GGGATCAGCT	21-GGGATCAGCT	9.702294	-22.024371	0	T:30.0(0.52%),B:52.1(0.13%),P:1e-9	Tpos:55.9,Tstd:25.9,Bpos:55.4,Bstd:29.4,StrandBias:0.9,Multiplicity:1.00
0.021	0.040	0.899	0.040
0.001	0.151	0.828	0.020
0.001	0.001	0.972	0.026
0.926	0.001	0.030	0.043
0.039	0.001	0.001	0.959
0.001	0.850	0.110	0.039
0.947	0.001	0.039	0.013
0.001	0.026	0.972	0.001
0.001	0.745	0.001	0.253
0.011	0.052	0.001	0.936
>TTTKTTTTAA	22-TTTKTTTTAA	10.159910	-21.845972	0	T:113.0(1.97%),B:422.2(1.04%),P:1e-9	Tpos:55.9,Tstd:32.3,Bpos:52.7,Bstd:30.8,StrandBias:1.7,Multiplicity:1.03
0.001	0.023	0.001	0.975
0.001	0.001	0.001	0.997
0.001	0.001	0.029	0.969
0.081	0.001	0.518	0.400
0.001	0.031	0.001	0.967
0.093	0.001	0.032	0.874
0.001	0.001	0.067	0.931
0.063	0.014	0.001	0.922
0.896	0.001	0.029	0.074
0.941	0.037	0.021	0.001
>TAAACGACCT	23-TAAACGACCT	10.407251	-19.413721	0	T:13.0(0.23%),B:10.6(0.03%),P:1e-8	Tpos:60.8,Tstd:28.2,Bpos:34.2,Bstd:12.7,StrandBias:-1.7,Multiplicity:1.00
0.001	0.125	0.001	0.873
0.714	0.001	0.284	0.001
0.668	0.330	0.001	0.001
0.889	0.001	0.109	0.001
0.328	0.670	0.001	0.001
0.001	0.417	0.581	0.001
0.776	0.001	0.222	0.001
0.001	0.714	0.001	0.284
0.001	0.997	0.001	0.001
0.001	0.001	0.001	0.997
>ACTGCTGTTT	24-ACTGCTGTTT	11.324377	-16.145336	0	T:10.0(0.17%),B:7.5(0.02%),P:1e-7	Tpos:48.1,Tstd:26.8,Bpos:47.7,Bstd:23.8,StrandBias:-0.3,Multiplicity:1.00
0.997	0.001	0.001	0.001
0.001	0.997	0.001	0.001
0.001	0.001	0.089	0.909
0.001	0.001	0.997	0.001
0.001	0.997	0.001	0.001
0.001	0.001	0.089	0.909
0.001	0.001	0.997	0.001
0.001	0.001	0.001	0.997
0.001	0.001	0.001	0.997
0.001	0.001	0.001	0.997
>TSGATCGATS	25-TSGATCGATS	9.633812	-5.464215	0	T:11.0(0.19%),B:30.3(0.07%),P:1e-2	Tpos:49.0,Tstd:25.5,Bpos:42.5,Bstd:33.1,StrandBias:3.7,Multiplicity:1.64
0.001	0.001	0.001	0.997
0.003	0.459	0.391	0.147
0.021	0.001	0.967	0.011
0.997	0.001	0.001	0.001
0.001	0.212	0.001	0.786
0.112	0.494	0.182	0.212
0.003	0.212	0.763	0.022
0.997	0.001	0.001	0.001
0.021	0.001	0.021	0.957
0.096	0.324	0.433	0.147
>GGCCGCCATTTT	1-GGCCGCCATTTT	7.962654	-149.290037	0	T:219.0(3.82%),B:379.4(0.93%),P:1e-64	Tpos:65.8,Tstd:22.3,Bpos:48.3,Bstd:31.2,StrandBias:-0.6,Multiplicity:1.03
0.156	0.311	0.480	0.052
0.168	0.026	0.676	0.130
0.078	0.805	0.013	0.104
0.169	0.610	0.117	0.104
0.078	0.065	0.767	0.090
0.051	0.871	0.077	0.001
0.001	0.997	0.001	0.001
0.973	0.001	0.001	0.025
0.001	0.001	0.064	0.934
0.065	0.234	0.260	0.441
0.052	0.026	0.221	0.701
0.001	0.233	0.052	0.714
>CCGGAAGTGNCG	2-CCGGAAGTGNCG	8.372290	-125.660916	0	T:196.0(3.42%),B:358.8(0.88%),P:1e-54	Tpos:42.2,Tstd:21.5,Bpos:49.5,Bstd:36.2,StrandBias:0.1,Multiplicity:1.12
0.048	0.675	0.239	0.038
0.124	0.761	0.086	0.029
0.048	0.019	0.914	0.019
0.001	0.009	0.971	0.019
0.929	0.047	0.023	0.001
0.951	0.001	0.047	0.001
0.087	0.153	0.741	0.019
0.057	0.268	0.077	0.598
0.057	0.153	0.628	0.162
0.287	0.291	0.261	0.162
0.060	0.507	0.271	0.162
0.118	0.167	0.438	0.277
>TCCCCCCCCCCH	3-TCCCCCCCCCCH	4.614323	-118.720184	0	T:2519.0(43.93%),B:13939.2(34.24%),P:1e-51	Tpos:48.2,Tstd:22.8,Bpos:49.8,Bstd:30.0,StrandBias:-1.5,Multiplicity:1.32
0.226	0.192	0.178	0.403
0.071	0.594	0.006	0.329
0.083	0.587	0.010	0.320
0.056	0.546	0.060	0.338
0.074	0.675	0.020	0.231
0.079	0.666	0.025	0.230
0.114	0.645	0.006	0.235
0.076	0.736	0.015	0.173
0.139	0.683	0.010	0.168
0.102	0.685	0.027	0.186
0.170	0.669	0.008	0.153
0.235	0.384	0.107	0.274
>GCGCATGCGCAC	4-GCGCATGCGCAC	9.376704	-70.625447	0	T:98.0(1.71%),B:163.4(0.40%),P:1e-30	Tpos:34.6,Tstd:18.5,Bpos:56.0,Bstd:41.2,StrandBias:-0.1,Multiplicity:1.06
0.001	0.001	0.997	0.001
0.044	0.911	0.044	0.001
0.001	0.001	0.997	0.001
0.001	0.997	0.001	0.001
0.924	0.012	0.019	0.045
0.045	0.099	0.128	0.728
0.001	0.001	0.997	0.001
0.001	0.997	0.001	0.001
0.001	0.001	0.954	0.044
0.001	0.997	0.001	0.001
0.865	0.045	0.045	0.045
0.001	0.631	0.324	0.044
>GATGATGATGAT	5-GATGATGATGAT	6.772490	-67.582238	0	T:340.0(5.93%),B:1234.7(3.03%),P:1e-29	Tpos:51.9,Tstd:27.7,Bpos:49.3,Bstd:29.6,StrandBias:1.6,Multiplicity:1.08
0.106	0.080	0.716	0.098
0.708	0.074	0.127	0.091
0.128	0.037	0.071	0.764
0.060	0.055	0.835	0.050
0.747	0.088	0.101	0.064
0.130	0.040	0.071	0.759
0.076	0.050	0.830	0.044
0.742	0.079	0.090	0.089
0.140	0.076	0.064	0.720
0.083	0.067	0.776	0.074
0.714	0.078	0.101	0.107
0.127	0.094	0.090	0.689
>CCGGGGGCGGSS	6-CCGGGGGCGGSS	-9.320169	-66.520964	0	T:3739.0(65.21%),B:23589.7(57.94%),P:1e-28	Tpos:50.0,Tstd:26.0,Bpos:50.1,Bstd:34.8,StrandBias:0.4,Multiplicity:2.37
0.226	0.550	0.223	0.001
0.205	0.692	0.001	0.102
0.001	0.001	0.997	0.001
0.001	0.001	0.997	0.001
0.001	0.001	0.997	0.001
0.001	0.001	0.997	0.001
0.001	0.001	0.997	0.001
0.001	0.997	0.001	0.001
0.001	0.001	0.997	0.001
0.001	0.001	0.997	0.001
0.119	0.295	0.406	0.181
0.051	0.315	0.402	0.232
>WGCTGCWGCWRM	7-WGCTGCWGCWRM	5.002946	-56.345593	0	T:1310.0(22.85%),B:7117.8(17.48%),P:1e-24	Tpos:51.5,Tstd:27.8,Bpos:48.9,Bstd:27.7,StrandBias:0.1,Multiplicity:1.12
0.508	0.001	0.081	0.410
0.117	0.116	0.663	0.104
0.124	0.743	0.051	0.082
0.199	0.043	0.005	0.753
0.084	0.065	0.793	0.058
0.106	0.823	0.015	0.056
0.489	0.001	0.001	0.509
0.001	0.001	0.976	0.022
0.150	0.616	0.142	0.092
0.456	0.190	0.001	0.353
0.387	0.074	0.441	0.098
0.373	0.449	0.126	0.051
>TCCGTTCGAGGA	8-TCCGTTCGAGGA	2.350972	-55.160822	0	T:3056.0(53.30%),B:18957.5(46.57%),P:1e-23	Tpos:51.0,Tstd:26.6,Bpos:50.1,Bstd:30.7,StrandBias:0.1,Multiplicity:1.16
0.097	0.052	0.091	0.760
0.117	0.740	0.097	0.046
0.103	0.734	0.066	0.097
0.013	0.090	0.845	0.052
0.020	0.032	0.213	0.735
0.201	0.077	0.001	0.721
0.071	0.709	0.162	0.058
0.156	0.084	0.708	0.052
0.734	0.097	0.111	0.058
0.097	0.058	0.787	0.058
0.078	0.065	0.766	0.091
0.819	0.020	0.090	0.071
>CCGTCACGTGAC	9-CCGTCACGTGAC	9.064450	-53.078063	0	T:64.0(1.12%),B:94.8(0.23%),P:1e-23	Tpos:38.5,Tstd:22.1,Bpos:51.7,Bstd:34.4,StrandBias:-0.2,Multiplicity:1.07
0.258	0.506	0.190	0.046
0.138	0.552	0.309	0.001
0.273	0.080	0.646	0.001
0.001	0.352	0.045	0.602
0.001	0.997	0.001	0.001
0.908	0.090	0.001	0.001
0.046	0.863	0.045	0.046
0.090	0.048	0.861	0.001
0.090	0.045	0.001	0.864
0.001	0.001	0.953	0.045
0.725	0.001	0.273	0.001
0.001	0.677	0.092	0.230
>ACTCTCGCGAGA	10-ACTCTCGCGAGA	12.414467	-48.177328	0	T:13.0(0.23%),B:0.0(0.00%),P:1e-20	Tpos:29.7,Tstd:17.3,Bpos:0.0,Bstd:0.0,StrandBias:-0.2,Multiplicity:1.00
0.811	0.094	0.001	0.094
0.094	0.687	0.218	0.001
0.001	0.001	0.001	0.997
0.001	0.997	0.001	0.001
0.001	0.001	0.001	0.997
0.001	0.905	0.093	0.001
0.001	0.001	0.997	0.001
0.001	0.997	0.001	0.001
0.001	0.001	0.997	0.001
0.997	0.001	0.001	0.001
0.001	0.001	0.997	0.001
0.811	0.001	0.094	0.094
>TTCCTCCCCCTH	11-TTCCTCCCCCTH	6.972233	-43.274974	0	T:451.0(7.87%),B:2062.3(5.07%),P:1e-18	Tpos:51.5,Tstd:26.0,Bpos:52.6,Bstd:28.7,StrandBias:-0.6,Multiplicity:1.00
0.128	0.270	0.128	0.474
0.155	0.054	0.054	0.737
0.182	0.616	0.115	0.087
0.128	0.528	0.108	0.236
0.001	0.001	0.001	0.997
0.196	0.554	0.058	0.192
0.108	0.548	0.169	0.175
0.013	0.940	0.040	0.007
0.108	0.729	0.108	0.055
0.189	0.746	0.058	0.007
0.243	0.027	0.027	0.703
0.230	0.325	0.162	0.283
>GGAGGAGGAGGA	12-GGAGGAGGAGGA	10.171433	-35.527669	0	T:118.0(2.06%),B:360.8(0.89%),P:1e-15	Tpos:61.2,Tstd:23.8,Bpos:47.0,Bstd:35.5,StrandBias:2.2,Multiplicity:1.02
0.095	0.031	0.873	0.001
0.053	0.077	0.869	0.001
0.894	0.104	0.001	0.001
0.001	0.347	0.589	0.063
0.001	0.240	0.758	0.001
0.738	0.230	0.031	0.001
0.031	0.031	0.937	0.001
0.031	0.224	0.744	0.001
0.804	0.162	0.001	0.033
0.063	0.085	0.851	0.001
0.063	0.096	0.840	0.001
0.893	0.075	0.031	0.001
>GAGGGGGAGGGG	13-GAGGGGGAGGGG	7.298354	-34.710211	0	T:453.0(7.90%),B:2185.8(5.37%),P:1e-15	Tpos:54.9,Tstd:26.7,Bpos:45.4,Bstd:26.3,StrandBias:1.7,Multiplicity:1.04
0.091	0.066	0.765	0.078
0.847	0.035	0.019	0.099
0.123	0.072	0.679	0.126
0.148	0.102	0.579	0.171
0.125	0.104	0.603	0.168
0.163	0.091	0.569	0.177
0.152	0.191	0.537	0.120
0.906	0.001	0.005	0.088
0.160	0.067	0.626	0.147
0.144	0.088	0.597	0.171
0.114	0.045	0.718	0.123
0.133	0.086	0.663	0.118
>NAAGGAGAASAK	14-NAAGGAGAASAK	7.301555	-25.937075	0	T:205.0(3.58%),B:874.6(2.15%),P:1e-11	Tpos:51.3,Tstd:25.5,Bpos:47.3,Bstd:28.0,StrandBias:0.9,Multiplicity:1.01
0.324	0.267	0.184	0.225
0.623	0.103	0.071	0.203
0.918	0.080	0.001	0.001
0.001	0.161	0.787	0.051
0.051	0.001	0.663	0.285
0.862	0.081	0.001	0.056
0.001	0.421	0.577	0.001
0.570	0.001	0.280	0.149
0.889	0.066	0.001	0.044
0.001	0.332	0.460	0.207
0.553	0.241	0.033	0.173
0.034	0.253	0.290	0.423
>WAAGGABCTTTT	15-WAAGGABCTTTT	4.478758	-25.073627	0	T:1372.0(23.93%),B:8266.5(20.31%),P:1e-10	Tpos:50.9,Tstd:25.7,Bpos:49.8,Bstd:28.7,StrandBias:0.5,Multiplicity:1.11
0.499	0.038	0.018	0.445
0.416	0.261	0.094	0.230
0.458	0.088	0.240	0.214
0.028	0.207	0.738	0.027
0.048	0.096	0.816	0.040
0.568	0.014	0.030	0.388
0.047	0.341	0.306	0.306
0.086	0.546	0.310	0.058
0.272	0.031	0.272	0.425
0.158	0.148	0.204	0.490
0.136	0.204	0.244	0.416
0.121	0.209	0.154	0.516
>TTWAAAAAAAAA	16-TTWAAAAAAAAA	11.052858	-22.711625	0	T:127.0(2.21%),B:487.4(1.20%),P:1e-9	Tpos:57.4,Tstd:30.4,Bpos:51.8,Bstd:30.2,StrandBias:-2.0,Multiplicity:1.02
0.155	0.103	0.001	0.741
0.172	0.001	0.001	0.826
0.508	0.001	0.037	0.454
0.698	0.001	0.133	0.168
0.997	0.001	0.001	0.001
0.977	0.021	0.001	0.001
0.732	0.184	0.028	0.056
0.855	0.077	0.001	0.067
0.810	0.115	0.001	0.074
0.901	0.064	0.001	0.034
0.910	0.001	0.001	0.088
0.894	0.001	0.083	0.022
>GTGGTGGTGSTG	17-GTGGTGGTGSTG	9.291414	-21.677628	0	T:71.0(1.24%),B:219.9(0.54%),P:1e-9	Tpos:48.7,Tstd:25.4,Bpos:48.7,Bstd:22.7,StrandBias:3.3,Multiplicity:1.00
0.001	0.105	0.632	0.262
0.104	0.001	0.001	0.894
0.131	0.001	0.737	0.131
0.210	0.001	0.579	0.210
0.210	0.001	0.001	0.788
0.001	0.001	0.997	0.001
0.104	0.001	0.894	0.001
0.104	0.001	0.001	0.894
0.001	0.001	0.894	0.104
0.105	0.421	0.473	0.001
0.001	0.001	0.001	0.997
0.210	0.001	0.579	0.210
>GGATGGATDGAA	18-GGATGGATDGAA	10.750316	-17.014010	0	T:20.0(0.35%),B:31.3(0.08%),P:1e-7	Tpos:45.3,Tstd:26.2,Bpos:40.8,Bstd:31.2,StrandBias:2.6,Multiplicity:1.29
0.234	0.001	0.676	0.089
0.002	0.044	0.952	0.002
0.865	0.044	0.001	0.090
0.138	0.001	0.001	0.860
0.044	0.044	0.908	0.004
0.044	0.135	0.820	0.001
0.636	0.001	0.001	0.362
0.090	0.001	0.046	0.863
0.267	0.001	0.332	0.400
0.044	0.001	0.911	0.044
0.721	0.189	0.001	0.089
0.777	0.133	0.001	0.089
>ATCATCGCGGGC	19-ATCATCGCGGGC	10.993628	-12.865984	0	T:16.0(0.28%),B:27.5(0.07%),P:1e-5	Tpos:38.9,Tstd:28.3,Bpos:58.0,Bstd:0.0,StrandBias:1.0,Multiplicity:1.00
0.899	0.099	0.001	0.001
0.001	0.001	0.199	0.799
0.001	0.899	0.099	0.001
0.799	0.199	0.001	0.001
0.100	0.001	0.100	0.799
0.100	0.799	0.001	0.100
0.100	0.001	0.699	0.200
0.001	0.997	0.001	0.001
0.001	0.001	0.699	0.299
0.001	0.099	0.899	0.001
0.001	0.001	0.997	0.001
0.099	0.899	0.001	0.001
>GGMACAGRGAGA	20-GGMACAGRGAGA	11.954160	-12.181623	0	T:25.0(0.44%),B:62.7(0.15%),P:1e-5	Tpos:53.3,Tstd:27.6,Bpos:59.8,Bstd:29.0,StrandBias:-0.2,Multiplicity:1.00
0.001	0.001	0.854	0.144
0.001	0.001	0.997	0.001
0.571	0.427	0.001	0.001
0.997	0.001	0.001	0.001
0.171	0.598	0.230	0.001
0.997	0.001	0.001	0.001
0.001	0.001	0.997	0.001
0.401	0.001	0.513	0.085
0.085	0.085	0.829	0.001
0.997	0.001	0.001	0.001
0.001	0.256	0.742	0.001
0.997	0.001	0.001	0.001
>CTGGGAGGAGCK	21-CTGGGAGGAGCK	11.832907	-8.554294	0	T:17.0(0.30%),B:43.1(0.11%),P:1e-3	Tpos:37.8,Tstd:16.4,Bpos:39.8,Bstd:34.7,StrandBias:0.6,Multiplicity:1.00
0.001	0.635	0.182	0.182
0.393	0.001	0.001	0.605
0.001	0.001	0.997	0.001
0.001	0.001	0.997	0.001
0.181	0.001	0.817	0.001
0.997	0.001	0.001	0.001
0.001	0.001	0.997	0.001
0.001	0.001	0.787	0.211
0.997	0.001	0.001	0.001
0.001	0.423	0.575	0.001
0.001	0.727	0.001	0.271
0.182	0.001	0.453	0.364
>CATCGATCACTG	22-CATCGATCACTG	11.444141	-8.470980	0	T:4.0(0.07%),B:2.7(0.01%),P:1e-3	Tpos:53.8,Tstd:23.3,Bpos:57.8,Bstd:17.8,StrandBias:-1.6,Multiplicity:1.00
0.001	0.682	0.316	0.001
0.997	0.001	0.001	0.001
0.001	0.001	0.001	0.997
0.001	0.804	0.194	0.001
0.004	0.001	0.994	0.001
0.997	0.001	0.001	0.001
0.001	0.001	0.001	0.997
0.001	0.804	0.194	0.001
0.670	0.001	0.328	0.001
0.321	0.677	0.001	0.001
0.001	0.001	0.001	0.997
0.001	0.001	0.997	0.001
>CTGTATATTTCT	23-CTGTATATTTCT	9.942192	-7.816049	0	T:38.0(0.66%),B:147.8(0.36%),P:1e-3	Tpos:57.6,Tstd:27.7,Bpos:55.7,Bstd:31.3,StrandBias:0.1,Multiplicity:1.00
0.205	0.793	0.001	0.001
0.206	0.001	0.025	0.768
0.333	0.001	0.665	0.001
0.001	0.379	0.001	0.619
0.739	0.259	0.001	0.001
0.102	0.001	0.001	0.896
0.771	0.125	0.103	0.001
0.001	0.001	0.001	0.997
0.001	0.001	0.001	0.997
0.001	0.001	0.102	0.896
0.001	0.896	0.001	0.102
0.001	0.001	0.001	0.997
>AGGAGCTGTGGA	24-AGGAGCTGTGGA	7.944869	-7.511788	0	T:11.0(0.19%),B:23.4(0.06%),P:1e-3	Tpos:48.8,Tstd:25.4,Bpos:64.6,Bstd:9.1,StrandBias:1.0,Multiplicity:1.00
0.997	0.001	0.001	0.001
0.001	0.001	0.997	0.001
0.001	0.001	0.599	0.399
0.599	0.001	0.399	0.001
0.399	0.001	0.599	0.001
0.001	0.599	0.001	0.399
0.001	0.001	0.001	0.997
0.001	0.001	0.997	0.001
0.001	0.001	0.001	0.997
0.199	0.001	0.799	0.001
0.001	0.001	0.997	0.001
0.997	0.001	0.001	0.001
>CCCWBTCTCCCT	25-CCCWBTCTCCCT	10.414374	-6.471725	0	T:56.0(0.98%),B:259.8(0.64%),P:1e-2	Tpos:47.9,Tstd:29.0,Bpos:49.7,Bstd:29.8,StrandBias:-1.3,Multiplicity:1.00
0.001	0.795	0.001	0.203
0.197	0.687	0.001	0.115
0.001	0.904	0.001	0.094
0.496	0.001	0.001	0.502
0.001	0.306	0.401	0.292
0.001	0.001	0.001	0.997
0.190	0.714	0.095	0.001
0.001	0.001	0.001	0.997
0.001	0.584	0.001	0.414
0.001	0.997	0.001	0.001
0.094	0.904	0.001	0.001
0.001	0.001	0.001	0.997
>TACCGG	1-TACCGG	1.869245	-135.674836	0	T:663.0(11.56%),B:2396.2(5.89%),P:1e-58	Tpos:45.9,Tstd:25.1,Bpos:49.3,Bstd:37.6,StrandBias:-0.1,Multiplicity:1.26
0.001	0.001	0.001	0.997
0.909	0.001	0.001	0.089
0.001	0.997	0.001	0.001
0.001	0.997	0.001	0.001
0.001	0.001	0.997	0.001
0.001	0.018	0.980	0.001
>TCCTCC	2-TCCTCC	4.704158	-100.932766	0	T:2698.0(47.05%),B:15466.7(37.99%),P:1e-43	Tpos:51.3,Tstd:25.4,Bpos:49.6,Bstd:32.1,StrandBias:-1.1,Multiplicity:1.53
0.001	0.001	0.001	0.997
0.001	0.997	0.001	0.001
0.001	0.823	0.001	0.175
0.001	0.243	0.001	0.755
0.001	0.997	0.001	0.001
0.001	0.862	0.001	0.136
>GCWGTT	3-GCWGTT	4.406573	-70.959295	0	T:2506.0(43.70%),B:14747.9(36.23%),P:1e-30	Tpos:52.3,Tstd:28.0,Bpos:49.9,Bstd:31.6,StrandBias:0.1,Multiplicity:1.34
0.001	0.233	0.718	0.048
0.001	0.804	0.145	0.050
0.401	0.209	0.001	0.389
0.001	0.001	0.996	0.002
0.209	0.310	0.001	0.480
0.121	0.081	0.001	0.797
>ATGACG	4-ATGACG	4.172971	-66.623844	0	T:1867.0(32.56%),B:10537.3(25.88%),P:1e-28	Tpos:50.1,Tstd:27.9,Bpos:49.8,Bstd:31.4,StrandBias:0.5,Multiplicity:1.32
0.699	0.054	0.215	0.032
0.020	0.041	0.001	0.938
0.001	0.001	0.982	0.016
0.798	0.069	0.103	0.030
0.001	0.772	0.072	0.155
0.001	0.041	0.914	0.044
>TGDAGG	5-TGDAGG	3.940523	-64.363672	0	T:2609.0(45.50%),B:15604.1(38.33%),P:1e-27	Tpos:51.5,Tstd:27.2,Bpos:50.5,Bstd:30.6,StrandBias:0.7,Multiplicity:1.26
0.001	0.001	0.001	0.997
0.269	0.001	0.729	0.001
0.305	0.001	0.334	0.360
0.997	0.001	0.001	0.001
0.001	0.001	0.997	0.001
0.057	0.001	0.941	0.001
>CGTTAC	6-CGTTAC	4.770374	-61.431684	0	T:821.0(14.32%),B:3997.9(9.82%),P:1e-26	Tpos:49.7,Tstd:26.6,Bpos:50.4,Bstd:34.4,StrandBias:-0.2,Multiplicity:1.09
0.001	0.997	0.001	0.001
0.036	0.176	0.787	0.001
0.073	0.089	0.001	0.837
0.023	0.001	0.219	0.757
0.675	0.079	0.145	0.101
0.014	0.984	0.001	0.001
>GCCAAT	7-GCCAAT	2.845722	-55.934033	0	T:1438.0(25.08%),B:7948.4(19.52%),P:1e-24	Tpos:48.9,Tstd:28.1,Bpos:50.0,Bstd:29.2,StrandBias:0.2,Multiplicity:1.10
0.038	0.001	0.960	0.001
0.001	0.975	0.023	0.001
0.001	0.788	0.210	0.001
0.997	0.001	0.001	0.001
0.755	0.001	0.243	0.001
0.001	0.001	0.001	0.997
>TTCGCG	8-TTCGCG	3.299209	-41.482350	0	T:1682.0(29.33%),B:9876.3(24.26%),P:1e-18	Tpos:49.8,Tstd:27.4,Bpos:49.4,Bstd:37.9,StrandBias:0.0,Multiplicity:1.38
0.001	0.140	0.054	0.805
0.062	0.001	0.047	0.890
0.001	0.674	0.185	0.140
0.001	0.069	0.823	0.107
0.001	0.997	0.001	0.001
0.046	0.050	0.873	0.031
>TTGGGG	9-TTGGGG	4.725327	-38.823592	0	T:1195.0(20.84%),B:6738.2(16.55%),P:1e-16	Tpos:50.0,Tstd:27.2,Bpos:49.8,Bstd:29.0,StrandBias:0.7,Multiplicity:1.08
0.001	0.001	0.001	0.997
0.001	0.001	0.001	0.997
0.001	0.001	0.997	0.001
0.001	0.072	0.926	0.001
0.001	0.001	0.611	0.387
0.001	0.001	0.997	0.001
>TCGGAA	10-TCGGAA	4.682607	-35.233031	0	T:588.0(10.25%),B:2985.9(7.33%),P:1e-15	Tpos:54.9,Tstd:28.1,Bpos:50.4,Bstd:36.2,StrandBias:-0.0,Multiplicity:1.05
0.178	0.001	0.001	0.820
0.001	0.997	0.001	0.001
0.001	0.417	0.581	0.001
0.001	0.001	0.997	0.001
0.606	0.001	0.001	0.392
0.590	0.001	0.001	0.408
>TGCGCA	11-TGCGCA	6.177716	-20.085102	0	T:107.0(1.87%),B:405.5(1.00%),P:1e-8	Tpos:38.5,Tstd:21.5,Bpos:52.6,Bstd:37.3,StrandBias:0.0,Multiplicity:1.05
0.100	0.100	0.100	0.700
0.100	0.100	0.700	0.100
0.100	0.700	0.100	0.100
0.100	0.100	0.700	0.100
0.100	0.700	0.100	0.100
0.700	0.100	0.100	0.100
>CCGGAAGT	1-CCGGAAGT	5.071243	-173.602986	0	T:333.0(5.81%),B:717.0(1.76%),P:1e-75	Tpos:42.0,Tstd:22.0,Bpos:50.8,Bstd:38.1,StrandBias:0.1,Multiplicity:1.19
0.001	0.834	0.164	0.001
0.001	0.997	0.001	0.001
0.001	0.001	0.997	0.001
0.001	0.001	0.997	0.001
0.997	0.001	0.001	0.001
0.997	0.001	0.001	0.001
0.037	0.001	0.961	0.001
0.080	0.184	0.001	0.735
>ATTGGCGG	2-ATTGGCGG	4.625621	-131.413120	0	T:1313.0(22.90%),B:6066.0(14.90%),P:1e-57	Tpos:51.2,Tstd:26.7,Bpos:49.4,Bstd:31.0,StrandBias:0.9,Multiplicity:1.14
0.655	0.055	0.108	0.182
0.171	0.089	0.064	0.676
0.053	0.080	0.042	0.825
0.059	0.072	0.799	0.070
0.049	0.062	0.820	0.069
0.118	0.690	0.100	0.092
0.111	0.074	0.727	0.088
0.054	0.087	0.814	0.045
>YCCCCCCC	3-YCCCCCCC	5.607185	-118.162231	0	T:1203.0(20.98%),B:5562.1(13.66%),P:1e-51	Tpos:42.8,Tstd:22.6,Bpos:49.1,Bstd:32.4,StrandBias:-1.1,Multiplicity:1.35
0.069	0.491	0.018	0.421
0.180	0.531	0.001	0.288
0.212	0.483	0.080	0.224
0.254	0.562	0.158	0.026
0.222	0.602	0.175	0.001
0.001	0.950	0.001	0.048
0.001	0.849	0.001	0.149
0.178	0.598	0.001	0.223
>TGGAGGAG	4-TGGAGGAG	7.240949	-105.670633	0	T:710.0(12.38%),B:2877.2(7.07%),P:1e-45	Tpos:50.2,Tstd:25.4,Bpos:50.6,Bstd:30.8,StrandBias:1.2,Multiplicity:1.05
0.104	0.001	0.262	0.633
0.065	0.001	0.933	0.001
0.077	0.074	0.792	0.057
0.936	0.001	0.001	0.062
0.032	0.001	0.938	0.029
0.084	0.001	0.914	0.001
0.913	0.001	0.001	0.085
0.001	0.037	0.938	0.024
>TCRTCATC	5-TCRTCATC	5.093240	-102.603938	0	T:1084.0(18.90%),B:5038.7(12.38%),P:1e-44	Tpos:53.0,Tstd:27.3,Bpos:49.3,Bstd:32.6,StrandBias:-1.4,Multiplicity:1.16
0.122	0.249	0.060	0.569
0.052	0.735	0.188	0.025
0.331	0.131	0.396	0.142
0.105	0.167	0.170	0.558
0.090	0.866	0.020	0.024
0.535	0.192	0.094	0.179
0.103	0.171	0.138	0.588
0.030	0.902	0.026	0.042
>TTTTCCSC	6-TTTTCCSC	4.738820	-98.547212	0	T:2595.0(45.26%),B:14805.6(36.37%),P:1e-42	Tpos:51.1,Tstd:26.1,Bpos:50.1,Bstd:32.9,StrandBias:-0.4,Multiplicity:1.24
0.001	0.232	0.001	0.766
0.001	0.143	0.086	0.770
0.001	0.267	0.001	0.731
0.139	0.270	0.138	0.453
0.001	0.706	0.001	0.292
0.137	0.623	0.001	0.239
0.022	0.377	0.457	0.144
0.001	0.595	0.149	0.255
>CGTTRCNG	7-CGTTRCNG	3.788942	-98.476935	0	T:2524.0(44.02%),B:14323.7(35.18%),P:1e-42	Tpos:50.0,Tstd:27.2,Bpos:50.1,Bstd:31.9,StrandBias:0.2,Multiplicity:1.29
0.264	0.457	0.001	0.278
0.186	0.150	0.456	0.208
0.001	0.245	0.001	0.753
0.170	0.206	0.192	0.433
0.372	0.133	0.410	0.085
0.001	0.946	0.001	0.052
0.262	0.299	0.288	0.151
0.230	0.028	0.547	0.195
>WACVGGAW	8-WACVGGAW	5.037309	-86.016127	0	T:829.0(14.46%),B:3739.5(9.19%),P:1e-37	Tpos:50.7,Tstd:27.6,Bpos:49.0,Bstd:30.1,StrandBias:0.3,Multiplicity:1.06
0.496	0.015	0.087	0.402
0.568	0.001	0.302	0.129
0.083	0.861	0.001	0.055
0.320	0.310	0.370	0.001
0.134	0.101	0.716	0.049
0.036	0.113	0.738	0.113
0.729	0.027	0.083	0.161
0.404	0.001	0.097	0.498
>AAAGCGGC	9-AAAGCGGC	4.069749	-69.354959	0	T:788.0(13.74%),B:3697.0(9.08%),P:1e-30	Tpos:52.0,Tstd:27.6,Bpos:50.1,Bstd:33.5,StrandBias:0.0,Multiplicity:1.09
0.510	0.116	0.125	0.249
0.466	0.228	0.109	0.197
0.460	0.136	0.164	0.240
0.191	0.203	0.530	0.076
0.123	0.603	0.137	0.137
0.198	0.224	0.438	0.140
0.245	0.175	0.541	0.039
0.139	0.647	0.109	0.105
>CGATGATG	10-CGATGATG	5.637023	-68.658319	0	T:458.0(7.99%),B:1841.6(4.52%),P:1e-29	Tpos:51.1,Tstd:29.4,Bpos:47.8,Bstd:31.7,StrandBias:0.5,Multiplicity:1.01
0.166	0.674	0.043	0.117
0.062	0.071	0.822	0.045
0.733	0.128	0.068	0.071
0.156	0.020	0.034	0.790
0.185	0.035	0.713	0.067
0.730	0.079	0.070	0.121
0.071	0.120	0.059	0.750
0.048	0.081	0.795	0.076
>CGCATGCG	11-CGCATGCG	6.268208	-54.997879	0	T:203.0(3.54%),B:646.2(1.59%),P:1e-23	Tpos:39.0,Tstd:24.4,Bpos:50.6,Bstd:38.1,StrandBias:0.1,Multiplicity:1.10
0.022	0.925	0.052	0.001
0.112	0.071	0.772	0.045
0.214	0.419	0.099	0.268
0.811	0.040	0.001	0.148
0.039	0.168	0.069	0.724
0.064	0.114	0.683	0.139
0.050	0.869	0.001	0.080
0.078	0.001	0.810	0.111
>TAGTCGTC	12-TAGTCGTC	4.276364	-53.105807	0	T:946.0(16.50%),B:4884.5(12.00%),P:1e-23	Tpos:52.9,Tstd:27.8,Bpos:49.7,Bstd:32.0,StrandBias:-0.0,Multiplicity:1.06
0.109	0.098	0.123	0.670
0.819	0.056	0.042	0.083
0.035	0.122	0.798	0.045
0.064	0.125	0.106	0.705
0.054	0.747	0.141	0.058
0.095	0.051	0.809	0.045
0.123	0.131	0.064	0.682
0.082	0.776	0.056	0.086
>CGATTGGC	13-CGATTGGC	5.063943	-51.095749	0	T:274.0(4.78%),B:1020.8(2.51%),P:1e-22	Tpos:49.4,Tstd:28.4,Bpos:51.2,Bstd:31.0,StrandBias:0.0,Multiplicity:1.03
0.001	0.997	0.001	0.001
0.151	0.019	0.828	0.002
0.834	0.001	0.164	0.001
0.100	0.001	0.001	0.898
0.001	0.001	0.001	0.997
0.001	0.218	0.659	0.122
0.012	0.012	0.975	0.001
0.001	0.803	0.001	0.195
>TCTCGCGA	14-TCTCGCGA	8.650203	-46.373205	0	T:30.0(0.52%),B:20.5(0.05%),P:1e-20	Tpos:31.8,Tstd:19.8,Bpos:32.5,Bstd:32.1,StrandBias:0.5,Multiplicity:1.00
0.001	0.001	0.001	0.997
0.286	0.624	0.001	0.089
0.001	0.001	0.001	0.997
0.001	0.997	0.001	0.001
0.001	0.001	0.997	0.001
0.001	0.997	0.001	0.001
0.001	0.001	0.997	0.001
0.997	0.001	0.001	0.001
>TTAGAGGG	15-TTAGAGGG	5.816701	-35.870879	0	T:452.0(7.88%),B:2163.4(5.31%),P:1e-15	Tpos:51.0,Tstd:26.6,Bpos:49.0,Bstd:28.8,StrandBias:0.8,Multiplicity:1.02
0.001	0.001	0.108	0.890
0.038	0.061	0.081	0.820
0.863	0.031	0.039	0.067
0.129	0.001	0.678	0.192
0.959	0.020	0.020	0.001
0.034	0.001	0.964	0.001
0.001	0.011	0.917	0.071
0.001	0.001	0.961	0.037
>ACCGGAAA	16-ACCGGAAA	8.236954	-27.518174	0	T:25.0(0.44%),B:28.8(0.07%),P:1e-11	Tpos:54.4,Tstd:26.0,Bpos:45.6,Bstd:26.5,StrandBias:0.0,Multiplicity:1.00
0.700	0.100	0.100	0.100
0.100	0.700	0.100	0.100
0.100	0.700	0.100	0.100
0.100	0.100	0.700	0.100
0.100	0.100	0.700	0.100
0.700	0.100	0.100	0.100
0.700	0.100	0.100	0.100
0.700	0.100	0.100	0.100
>GGTGCTTT	17-GGTGCTTT	7.336411	-27.483590	0	T:229.0(3.99%),B:990.3(2.43%),P:1e-11	Tpos:56.6,Tstd:25.9,Bpos:48.4,Bstd:28.9,StrandBias:0.5,Multiplicity:1.03
0.001	0.001	0.997	0.001
0.026	0.001	0.972	0.001
0.071	0.001	0.001	0.927
0.035	0.105	0.859	0.001
0.118	0.530	0.272	0.080
0.069	0.001	0.036	0.894
0.001	0.001	0.001	0.997
0.001	0.159	0.001	0.839
>CTATCAGG	18-CTATCAGG	7.296268	-24.145740	0	T:96.0(1.67%),B:322.0(0.79%),P:1e-10	Tpos:51.0,Tstd:27.7,Bpos:52.4,Bstd:28.0,StrandBias:1.3,Multiplicity:1.01
0.001	0.726	0.142	0.131
0.001	0.001	0.001	0.997
0.997	0.001	0.001	0.001
0.001	0.001	0.034	0.964
0.020	0.731	0.206	0.043
0.605	0.393	0.001	0.001
0.129	0.210	0.660	0.001
0.034	0.318	0.567	0.081
>TTACGCGA	19-TTACGCGA	7.246953	-20.298546	0	T:38.0(0.66%),B:85.7(0.21%),P:1e-8	Tpos:44.1,Tstd:29.2,Bpos:45.8,Bstd:34.2,StrandBias:0.5,Multiplicity:1.03
0.001	0.032	0.061	0.906
0.060	0.001	0.001	0.938
0.932	0.001	0.066	0.001
0.060	0.797	0.142	0.001
0.001	0.001	0.997	0.001
0.001	0.997	0.001	0.001
0.088	0.191	0.673	0.048
0.793	0.103	0.103	0.001
>CCAATAGG	20-CCAATAGG	8.449674	-20.211599	0	T:47.0(0.82%),B:121.9(0.30%),P:1e-8	Tpos:42.7,Tstd:25.1,Bpos:47.2,Bstd:23.0,StrandBias:-0.3,Multiplicity:1.00
0.001	0.997	0.001	0.001
0.001	0.997	0.001	0.001
0.997	0.001	0.001	0.001
0.997	0.001	0.001	0.001
0.001	0.001	0.001	0.997
0.892	0.001	0.001	0.106
0.001	0.001	0.997	0.001
0.313	0.001	0.685	0.001
>CACGTKAC	21-CACGTKAC	6.961121	-19.820725	0	T:72.0(1.26%),B:234.5(0.58%),P:1e-8	Tpos:38.0,Tstd:22.9,Bpos:53.8,Bstd:28.7,StrandBias:-0.3,Multiplicity:1.06
0.001	0.997	0.001	0.001
0.596	0.034	0.001	0.369
0.001	0.997	0.001	0.001
0.001	0.001	0.997	0.001
0.001	0.001	0.001	0.997
0.001	0.001	0.482	0.516
0.997	0.001	0.001	0.001
0.001	0.997	0.001	0.001
>TTCAGCTG	22-TTCAGCTG	8.413941	-19.783022	0	T:104.0(1.81%),B:392.8(0.96%),P:1e-8	Tpos:51.4,Tstd:27.6,Bpos:49.8,Bstd:29.8,StrandBias:0.0,Multiplicity:1.00
0.074	0.035	0.150	0.741
0.001	0.001	0.035	0.963
0.001	0.977	0.001	0.021
0.987	0.011	0.001	0.001
0.050	0.042	0.875	0.033
0.001	0.806	0.064	0.129
0.035	0.024	0.037	0.904
0.018	0.001	0.980	0.001
>YCGTMTAC	23-YCGTMTAC	7.128322	-19.427216	0	T:64.0(1.12%),B:199.8(0.49%),P:1e-8	Tpos:50.0,Tstd:29.0,Bpos:53.4,Bstd:33.3,StrandBias:0.4,Multiplicity:1.00
0.001	0.427	0.127	0.446
0.001	0.997	0.001	0.001
0.001	0.001	0.997	0.001
0.001	0.037	0.008	0.954
0.399	0.279	0.130	0.192
0.398	0.001	0.001	0.600
0.997	0.001	0.001	0.001
0.001	0.872	0.126	0.001
>TTGTCGAT	24-TTGTCGAT	8.236954	-14.037284	0	T:8.0(0.14%),B:5.2(0.01%),P:1e-6	Tpos:61.7,Tstd:30.9,Bpos:34.8,Bstd:33.6,StrandBias:-0.4,Multiplicity:1.00
0.100	0.100	0.100	0.700
0.100	0.100	0.100	0.700
0.100	0.100	0.700	0.100
0.100	0.100	0.100	0.700
0.100	0.700	0.100	0.100
0.100	0.100	0.700	0.100
0.700	0.100	0.100	0.100
0.100	0.100	0.100	0.700
>GGATGGAT	25-GGATGGAT	8.236954	-5.502293	0	T:29.0(0.51%),B:119.9(0.29%),P:1e-2	Tpos:49.2,Tstd:25.7,Bpos:42.8,Bstd:30.8,StrandBias:2.6,Multiplicity:2.40
0.100	0.100	0.700	0.100
0.100	0.100	0.700	0.100
0.700	0.100	0.100	0.100
0.100	0.100	0.100	0.700
0.100	0.100	0.700	0.100
0.100	0.100	0.700	0.100
0.700	0.100	0.100	0.100
0.100	0.100	0.100	0.700
