>RCCGGAAGYV	1-RCCGGAAGYV	7.145441	-223.597586	0	T:393.0(6.85%),B:792.4(1.95%),P:1e-97	Tpos:45.0,Tstd:22.4,Bpos:51.2,Bstd:36.3,StrandBias:0.0,Multiplicity:1.16
0.451	0.123	0.310	0.116
0.158	0.581	0.260	0.001
0.001	0.938	0.021	0.040
0.001	0.001	0.997	0.001
0.021	0.001	0.977	0.001
0.997	0.001	0.001	0.001
0.987	0.001	0.001	0.011
0.281	0.071	0.647	0.001
0.215	0.276	0.088	0.420
0.347	0.232	0.262	0.158
>GGGGGGGGGG	2-GGGGGGGGGG	5.654547	-138.311693	0	T:1638.0(28.57%),B:7937.7(19.54%),P:1e-60	Tpos:45.8,Tstd:23.1,Bpos:49.9,Bstd:31.6,StrandBias:1.3,Multiplicity:1.31
0.335	0.001	0.517	0.147
0.289	0.001	0.607	0.103
0.161	0.001	0.800	0.038
0.148	0.001	0.825	0.026
0.090	0.017	0.872	0.021
0.169	0.081	0.686	0.064
0.223	0.047	0.649	0.081
0.306	0.011	0.596	0.087
0.334	0.011	0.639	0.016
0.360	0.003	0.516	0.121
>CTCCGCCAAT	3-CTCCGCCAAT	4.722858	-136.282900	0	T:1509.0(26.32%),B:7173.6(17.66%),P:1e-59	Tpos:50.2,Tstd:26.3,Bpos:49.7,Bstd:30.0,StrandBias:-1.0,Multiplicity:1.12
0.082	0.707	0.104	0.107
0.121	0.122	0.108	0.649
0.076	0.709	0.107	0.108
0.105	0.679	0.084	0.132
0.105	0.117	0.655	0.123
0.063	0.755	0.097	0.085
0.085	0.765	0.068	0.082
0.732	0.078	0.100	0.090
0.687	0.098	0.108	0.107
0.099	0.129	0.107	0.665
>CCGCCATTTT	4-CCGCCATTTT	9.253628	-102.760676	0	T:74.0(1.29%),B:56.6(0.14%),P:1e-44	Tpos:69.8,Tstd:18.7,Bpos:50.0,Bstd:36.0,StrandBias:-1.8,Multiplicity:1.00
0.001	0.797	0.201	0.001
0.001	0.882	0.116	0.001
0.001	0.001	0.997	0.001
0.001	0.897	0.101	0.001
0.110	0.776	0.110	0.004
0.897	0.001	0.101	0.001
0.001	0.101	0.001	0.897
0.001	0.123	0.240	0.636
0.001	0.001	0.001	0.997
0.001	0.149	0.102	0.748
>CGCATGCGCA	5-CGCATGCGCA	8.346605	-77.533431	0	T:134.0(2.34%),B:267.9(0.66%),P:1e-33	Tpos:40.6,Tstd:19.4,Bpos:49.0,Bstd:35.2,StrandBias:-0.2,Multiplicity:1.11
0.272	0.579	0.045	0.104
0.013	0.019	0.935	0.033
0.052	0.849	0.080	0.019
0.639	0.085	0.118	0.158
0.019	0.001	0.217	0.763
0.001	0.058	0.916	0.025
0.001	0.973	0.001	0.025
0.001	0.001	0.839	0.159
0.019	0.743	0.039	0.199
0.510	0.169	0.235	0.086
>HTGATGATGA	6-HTGATGATGA	5.911847	-72.968812	0	T:876.0(15.28%),B:4162.8(10.25%),P:1e-31	Tpos:52.9,Tstd:25.4,Bpos:50.7,Bstd:29.4,StrandBias:1.2,Multiplicity:1.10
0.302	0.371	0.068	0.259
0.224	0.025	0.250	0.501
0.059	0.028	0.822	0.091
0.589	0.123	0.080	0.208
0.133	0.025	0.171	0.671
0.001	0.028	0.946	0.025
0.711	0.096	0.107	0.086
0.162	0.044	0.154	0.640
0.015	0.018	0.958	0.009
0.739	0.125	0.001	0.135
>AGAGGAAGCG	7-AGAGGAAGCG	7.245314	-70.880344	0	T:391.0(6.82%),B:1467.7(3.61%),P:1e-30	Tpos:51.9,Tstd:26.4,Bpos:50.2,Bstd:31.4,StrandBias:0.4,Multiplicity:1.05
0.974	0.001	0.007	0.018
0.091	0.304	0.604	0.001
0.498	0.270	0.121	0.111
0.172	0.001	0.741	0.086
0.001	0.027	0.971	0.001
0.676	0.297	0.026	0.001
0.757	0.219	0.023	0.001
0.001	0.161	0.837	0.001
0.068	0.624	0.082	0.226
0.001	0.278	0.684	0.037
>GCTGCTGCTG	8-GCTGCTGCTG	5.121273	-70.783003	0	T:1331.0(23.21%),B:6980.1(17.18%),P:1e-30	Tpos:51.6,Tstd:26.8,Bpos:49.8,Bstd:29.3,StrandBias:0.2,Multiplicity:1.14
0.088	0.061	0.630	0.221
0.146	0.649	0.155	0.050
0.191	0.129	0.008	0.672
0.164	0.048	0.778	0.010
0.060	0.660	0.088	0.192
0.112	0.010	0.010	0.868
0.093	0.034	0.768	0.105
0.188	0.481	0.122	0.210
0.169	0.053	0.023	0.755
0.101	0.066	0.742	0.091
>TCTTCAGCGG	9-TCTTCAGCGG	4.931145	-68.562252	0	T:769.0(13.41%),B:3588.7(8.83%),P:1e-29	Tpos:50.3,Tstd:26.3,Bpos:50.2,Bstd:30.6,StrandBias:0.2,Multiplicity:1.05
0.112	0.121	0.093	0.674
0.099	0.690	0.096	0.115
0.074	0.101	0.084	0.741
0.088	0.103	0.097	0.712
0.076	0.714	0.112	0.098
0.697	0.096	0.108	0.099
0.087	0.107	0.727	0.079
0.131	0.623	0.133	0.113
0.102	0.087	0.716	0.095
0.104	0.108	0.703	0.085
>TCGCGAGASW	10-TCGCGAGASW	9.102411	-65.755139	0	T:30.0(0.52%),B:10.5(0.03%),P:1e-28	Tpos:39.8,Tstd:24.5,Bpos:61.1,Bstd:11.5,StrandBias:-0.7,Multiplicity:1.14
0.001	0.280	0.001	0.718
0.001	0.997	0.001	0.001
0.001	0.084	0.824	0.091
0.084	0.914	0.001	0.001
0.005	0.001	0.993	0.001
0.823	0.175	0.001	0.001
0.001	0.001	0.997	0.001
0.817	0.091	0.001	0.091
0.085	0.339	0.400	0.176
0.458	0.001	0.001	0.540
>RTCCCGCYCA	11-RTCCCGCYCA	9.656337	-55.297343	0	T:17.0(0.30%),B:2.4(0.01%),P:1e-24	Tpos:45.5,Tstd:16.7,Bpos:57.2,Bstd:17.8,StrandBias:-0.2,Multiplicity:1.00
0.338	0.019	0.482	0.160
0.079	0.001	0.001	0.919
0.323	0.509	0.080	0.088
0.001	0.919	0.001	0.079
0.001	0.919	0.079	0.001
0.001	0.001	0.997	0.001
0.080	0.520	0.160	0.240
0.001	0.560	0.001	0.438
0.080	0.649	0.183	0.088
0.757	0.001	0.001	0.241
>YGACGTCAYY	12-YGACGTCAYY	6.425250	-53.103253	0	T:235.0(4.10%),B:810.0(1.99%),P:1e-23	Tpos:40.6,Tstd:26.5,Bpos:50.6,Bstd:35.7,StrandBias:-0.3,Multiplicity:1.05
0.081	0.337	0.186	0.396
0.128	0.001	0.774	0.097
0.594	0.111	0.152	0.143
0.001	0.932	0.066	0.001
0.078	0.120	0.801	0.001
0.001	0.196	0.001	0.802
0.001	0.997	0.001	0.001
0.699	0.020	0.020	0.261
0.140	0.456	0.033	0.371
0.199	0.355	0.090	0.356
>AGGTAAGKGT	13-AGGTAAGKGT	7.911671	-42.776015	0	T:120.0(2.09%),B:333.2(0.82%),P:1e-18	Tpos:55.4,Tstd:26.9,Bpos:50.0,Bstd:29.2,StrandBias:0.7,Multiplicity:1.01
0.606	0.001	0.335	0.058
0.080	0.068	0.851	0.001
0.034	0.001	0.931	0.034
0.016	0.001	0.037	0.946
0.958	0.001	0.040	0.001
0.915	0.001	0.083	0.001
0.001	0.036	0.780	0.183
0.001	0.001	0.434	0.564
0.098	0.151	0.655	0.096
0.325	0.035	0.001	0.639
>GGGAAGTAGT	14-GGGAAGTAGT	6.887154	-42.741188	0	T:292.0(5.09%),B:1181.4(2.91%),P:1e-18	Tpos:49.3,Tstd:25.4,Bpos:50.6,Bstd:29.1,StrandBias:0.9,Multiplicity:1.02
0.053	0.021	0.843	0.083
0.096	0.030	0.818	0.056
0.066	0.051	0.797	0.086
0.774	0.076	0.070	0.080
0.784	0.036	0.097	0.083
0.052	0.020	0.884	0.044
0.043	0.092	0.101	0.764
0.775	0.088	0.074	0.063
0.063	0.127	0.757	0.053
0.048	0.075	0.071	0.806
>AGACCTGCCA	15-AGACCTGCCA	9.306506	-37.964005	0	T:50.0(0.87%),B:81.3(0.20%),P:1e-16	Tpos:49.6,Tstd:27.2,Bpos:50.3,Bstd:25.9,StrandBias:-0.7,Multiplicity:1.00
0.997	0.001	0.001	0.001
0.015	0.001	0.965	0.019
0.909	0.001	0.001	0.089
0.001	0.764	0.190	0.045
0.001	0.935	0.045	0.019
0.001	0.031	0.045	0.923
0.001	0.001	0.927	0.071
0.001	0.967	0.031	0.001
0.183	0.694	0.046	0.077
0.913	0.041	0.045	0.001
>TCACGTGACC	16-TCACGTGACC	9.635434	-32.125638	0	T:33.0(0.58%),B:42.2(0.10%),P:1e-13	Tpos:37.6,Tstd:20.5,Bpos:56.2,Bstd:29.5,StrandBias:0.1,Multiplicity:1.12
0.033	0.001	0.001	0.965
0.033	0.965	0.001	0.001
0.997	0.001	0.001	0.001
0.001	0.893	0.001	0.105
0.031	0.001	0.911	0.057
0.001	0.033	0.001	0.965
0.001	0.001	0.965	0.033
0.981	0.001	0.001	0.017
0.001	0.882	0.116	0.001
0.024	0.701	0.196	0.079
>CTTAAGGCGG	17-CTTAAGGCGG	6.245727	-31.174148	0	T:273.0(4.76%),B:1192.3(2.93%),P:1e-13	Tpos:45.8,Tstd:25.9,Bpos:51.1,Bstd:31.0,StrandBias:0.2,Multiplicity:1.07
0.049	0.843	0.062	0.046
0.027	0.040	0.083	0.850
0.044	0.088	0.097	0.771
0.782	0.086	0.073	0.059
0.802	0.042	0.102	0.054
0.072	0.038	0.802	0.088
0.034	0.060	0.827	0.079
0.046	0.803	0.080	0.071
0.173	0.087	0.695	0.045
0.033	0.088	0.829	0.050
>TGATTGGCTA	18-TGATTGGCTA	8.939482	-31.153178	0	T:36.0(0.63%),B:52.3(0.13%),P:1e-13	Tpos:40.2,Tstd:27.5,Bpos:59.2,Bstd:29.0,StrandBias:0.5,Multiplicity:1.00
0.001	0.001	0.310	0.688
0.007	0.001	0.991	0.001
0.949	0.046	0.004	0.001
0.004	0.001	0.001	0.994
0.003	0.001	0.001	0.995
0.008	0.106	0.881	0.005
0.218	0.001	0.777	0.004
0.001	0.991	0.001	0.007
0.001	0.001	0.001	0.997
0.688	0.001	0.310	0.001
>GAACCCGACA	19-GAACCCGACA	10.754410	-30.743331	0	T:14.0(0.24%),B:5.4(0.01%),P:1e-13	Tpos:58.6,Tstd:26.2,Bpos:65.0,Bstd:23.6,StrandBias:-1.2,Multiplicity:1.00
0.001	0.001	0.997	0.001
0.712	0.286	0.001	0.001
0.997	0.001	0.001	0.001
0.001	0.712	0.001	0.286
0.001	0.997	0.001	0.001
0.001	0.997	0.001	0.001
0.001	0.126	0.872	0.001
0.997	0.001	0.001	0.001
0.001	0.712	0.001	0.286
0.997	0.001	0.001	0.001
>ATTACYCGCC	20-ATTACYCGCC	10.379290	-30.557029	0	T:9.0(0.16%),B:0.6(0.00%),P:1e-13	Tpos:44.9,Tstd:23.5,Bpos:62.0,Bstd:0.0,StrandBias:-1.8,Multiplicity:1.00
0.705	0.147	0.001	0.147
0.001	0.001	0.001	0.997
0.001	0.146	0.001	0.852
0.997	0.001	0.001	0.001
0.048	0.950	0.001	0.001
0.001	0.340	0.207	0.452
0.001	0.997	0.001	0.001
0.001	0.001	0.997	0.001
0.001	0.997	0.001	0.001
0.001	0.705	0.147	0.147
>AGCAGCAGCA	21-AGCAGCAGCA	7.133089	-28.294558	0	T:226.0(3.94%),B:963.3(2.37%),P:1e-12	Tpos:55.3,Tstd:23.6,Bpos:50.0,Bstd:30.5,StrandBias:0.9,Multiplicity:1.00
0.749	0.094	0.111	0.046
0.237	0.079	0.672	0.012
0.247	0.434	0.191	0.128
0.638	0.163	0.101	0.098
0.124	0.001	0.871	0.004
0.206	0.452	0.287	0.055
0.626	0.179	0.011	0.184
0.092	0.038	0.742	0.128
0.029	0.655	0.167	0.149
0.712	0.111	0.089	0.088
>ACTTCCYGCC	22-ACTTCCYGCC	9.735308	-28.155560	0	T:51.0(0.89%),B:109.5(0.27%),P:1e-12	Tpos:50.3,Tstd:29.6,Bpos:48.7,Bstd:31.0,StrandBias:-0.6,Multiplicity:1.00
0.997	0.001	0.001	0.001
0.001	0.997	0.001	0.001
0.001	0.124	0.001	0.874
0.001	0.001	0.001	0.997
0.161	0.837	0.001	0.001
0.162	0.669	0.070	0.099
0.001	0.494	0.001	0.504
0.092	0.001	0.906	0.001
0.001	0.719	0.001	0.279
0.001	0.997	0.001	0.001
>CTGTTCGAAC	23-CTGTTCGAAC	6.481022	-27.510323	0	T:191.0(3.33%),B:781.5(1.92%),P:1e-11	Tpos:46.6,Tstd:26.4,Bpos:51.2,Bstd:31.0,StrandBias:0.0,Multiplicity:1.03
0.065	0.823	0.048	0.064
0.030	0.058	0.065	0.847
0.044	0.045	0.801	0.110
0.036	0.058	0.029	0.877
0.034	0.020	0.091	0.855
0.044	0.790	0.053	0.113
0.125	0.108	0.714	0.053
0.850	0.055	0.078	0.017
0.649	0.062	0.108	0.181
0.112	0.799	0.051	0.038
>GRCGGAASCG	24-GRCGGAASCG	9.539812	-15.543614	0	T:23.0(0.40%),B:44.9(0.11%),P:1e-6	Tpos:56.2,Tstd:25.5,Bpos:61.9,Bstd:42.8,StrandBias:-0.6,Multiplicity:1.00
0.033	0.023	0.880	0.064
0.471	0.024	0.472	0.033
0.034	0.536	0.059	0.371
0.064	0.065	0.654	0.217
0.374	0.064	0.561	0.001
0.913	0.022	0.033	0.032
0.785	0.115	0.034	0.066
0.088	0.433	0.446	0.033
0.001	0.889	0.029	0.081
0.033	0.040	0.850	0.077
>CTGAAAAGCA	25-CTGAAAAGCA	10.296193	-9.815037	0	T:8.0(0.14%),B:9.9(0.02%),P:1e-4	Tpos:53.0,Tstd:20.7,Bpos:42.3,Bstd:10.6,StrandBias:-0.4,Multiplicity:1.00
0.100	0.700	0.100	0.100
0.100	0.100	0.100	0.700
0.100	0.100	0.700	0.100
0.700	0.100	0.100	0.100
0.700	0.100	0.100	0.100
0.700	0.100	0.100	0.100
0.700	0.100	0.100	0.100
0.100	0.100	0.700	0.100
0.100	0.700	0.100	0.100
0.700	0.100	0.100	0.100
>RCCGGAAGYGGV	1-RCCGGAAGYGGV	8.692044	-179.159474	0	T:217.0(3.78%),B:312.3(0.77%),P:1e-77	Tpos:45.3,Tstd:20.6,Bpos:48.2,Bstd:36.4,StrandBias:0.2,Multiplicity:1.12
0.299	0.192	0.423	0.086
0.001	0.573	0.409	0.017
0.001	0.997	0.001	0.001
0.001	0.001	0.997	0.001
0.001	0.001	0.997	0.001
0.997	0.001	0.001	0.001
0.997	0.001	0.001	0.001
0.001	0.001	0.997	0.001
0.001	0.494	0.001	0.504
0.172	0.191	0.500	0.137
0.157	0.208	0.445	0.190
0.220	0.331	0.294	0.155
>AAGATGGCGGCG	2-AAGATGGCGGCG	10.068624	-114.784489	0	T:83.0(1.45%),B:63.6(0.16%),P:1e-49	Tpos:72.2,Tstd:18.1,Bpos:48.5,Bstd:35.5,StrandBias:2.1,Multiplicity:1.01
0.943	0.019	0.019	0.019
0.885	0.076	0.038	0.001
0.111	0.129	0.512	0.248
0.904	0.019	0.076	0.001
0.001	0.018	0.001	0.980
0.001	0.019	0.961	0.019
0.001	0.001	0.997	0.001
0.057	0.923	0.019	0.001
0.076	0.038	0.848	0.038
0.057	0.067	0.838	0.038
0.038	0.851	0.073	0.038
0.082	0.139	0.624	0.155
>GGGGCGGGGCTA	3-GGGGCGGGGCTA	9.699195	-100.447908	0	T:283.0(4.94%),B:779.1(1.92%),P:1e-43	Tpos:31.4,Tstd:20.8,Bpos:49.1,Bstd:35.4,StrandBias:0.8,Multiplicity:1.12
0.057	0.028	0.852	0.063
0.052	0.031	0.889	0.028
0.018	0.005	0.968	0.009
0.009	0.039	0.922	0.030
0.059	0.853	0.040	0.048
0.037	0.016	0.910	0.037
0.028	0.083	0.828	0.061
0.055	0.028	0.899	0.018
0.028	0.040	0.923	0.009
0.014	0.903	0.028	0.055
0.057	0.295	0.104	0.544
0.512	0.108	0.173	0.207
>GAGGAGGAGGAG	4-GAGGAGGAGGAG	6.775379	-80.780782	0	T:1025.0(17.88%),B:4948.1(12.18%),P:1e-35	Tpos:51.4,Tstd:23.1,Bpos:50.4,Bstd:31.1,StrandBias:1.5,Multiplicity:1.21
0.058	0.058	0.810	0.074
0.699	0.023	0.158	0.120
0.244	0.013	0.672	0.071
0.086	0.004	0.881	0.029
0.568	0.023	0.288	0.121
0.248	0.025	0.603	0.124
0.062	0.001	0.934	0.003
0.668	0.011	0.195	0.126
0.346	0.015	0.553	0.086
0.157	0.084	0.737	0.022
0.755	0.073	0.001	0.171
0.352	0.044	0.558	0.046
>WCGCGCATGCGC	5-WCGCGCATGCGC	10.408445	-79.957851	0	T:91.0(1.59%),B:124.6(0.31%),P:1e-34	Tpos:38.1,Tstd:18.5,Bpos:48.7,Bstd:37.8,StrandBias:-0.2,Multiplicity:1.07
0.365	0.209	0.134	0.292
0.083	0.609	0.090	0.218
0.167	0.042	0.748	0.043
0.126	0.832	0.041	0.001
0.043	0.001	0.955	0.001
0.001	0.955	0.001	0.043
0.722	0.136	0.100	0.042
0.083	0.132	0.171	0.614
0.001	0.001	0.997	0.001
0.001	0.957	0.041	0.001
0.041	0.001	0.917	0.041
0.001	0.957	0.001	0.041
>GGKGGDGGKGKK	6-GGKGGDGGKGKK	4.977191	-63.222355	0	T:1770.0(30.87%),B:9946.7(24.48%),P:1e-27	Tpos:50.5,Tstd:22.3,Bpos:50.6,Bstd:27.0,StrandBias:1.8,Multiplicity:1.19
0.081	0.023	0.598	0.298
0.062	0.041	0.800	0.097
0.071	0.053	0.497	0.379
0.091	0.018	0.821	0.070
0.216	0.044	0.665	0.075
0.233	0.046	0.378	0.343
0.079	0.025	0.628	0.268
0.240	0.052	0.486	0.221
0.227	0.010	0.371	0.392
0.161	0.028	0.487	0.324
0.202	0.017	0.366	0.415
0.041	0.067	0.383	0.509
>CGGTCACGTGAC	7-CGGTCACGTGAC	9.498003	-46.755378	0	T:43.0(0.75%),B:47.2(0.12%),P:1e-20	Tpos:39.2,Tstd:22.7,Bpos:53.7,Bstd:34.2,StrandBias:0.2,Multiplicity:1.02
0.084	0.655	0.095	0.166
0.111	0.044	0.707	0.138
0.001	0.147	0.797	0.055
0.083	0.120	0.055	0.742
0.082	0.916	0.001	0.001
0.917	0.027	0.055	0.001
0.083	0.861	0.028	0.028
0.002	0.083	0.805	0.110
0.001	0.001	0.027	0.971
0.028	0.028	0.916	0.028
0.861	0.001	0.110	0.028
0.056	0.861	0.082	0.001
>AGGGGCGGGTAC	8-AGGGGCGGGTAC	9.798329	-44.453541	0	T:125.0(2.18%),B:347.9(0.86%),P:1e-19	Tpos:39.6,Tstd:25.1,Bpos:45.6,Bstd:34.2,StrandBias:1.3,Multiplicity:1.02
0.763	0.078	0.128	0.031
0.037	0.056	0.851	0.056
0.037	0.074	0.888	0.001
0.037	0.074	0.870	0.019
0.001	0.018	0.963	0.018
0.050	0.912	0.001	0.037
0.001	0.018	0.907	0.074
0.037	0.037	0.889	0.037
0.019	0.074	0.894	0.013
0.072	0.207	0.185	0.536
0.631	0.208	0.105	0.056
0.074	0.905	0.020	0.001
>KNCTATCAGCMN	9-KNCTATCAGCMN	8.585753	-43.779328	0	T:17.0(0.30%),B:4.7(0.01%),P:1e-19	Tpos:68.5,Tstd:4.4,Bpos:77.0,Bstd:7.9,StrandBias:10.0,Multiplicity:1.00
0.197	0.205	0.366	0.232
0.219	0.278	0.197	0.306
0.112	0.674	0.096	0.118
0.110	0.069	0.137	0.684
0.704	0.109	0.085	0.102
0.107	0.100	0.088	0.705
0.085	0.751	0.074	0.090
0.662	0.155	0.142	0.041
0.077	0.098	0.744	0.081
0.090	0.653	0.168	0.089
0.360	0.255	0.198	0.187
0.217	0.214	0.351	0.218
>NCTGCAGCTGNN	10-NCTGCAGCTGNN	4.780157	-40.770549	0	T:1723.0(30.05%),B:10147.1(24.98%),P:1e-17	Tpos:52.2,Tstd:26.0,Bpos:49.5,Bstd:29.4,StrandBias:0.1,Multiplicity:1.25
0.175	0.283	0.311	0.231
0.059	0.800	0.084	0.057
0.191	0.060	0.080	0.669
0.043	0.094	0.797	0.066
0.102	0.724	0.119	0.055
0.661	0.067	0.069	0.203
0.053	0.065	0.819	0.063
0.080	0.751	0.102	0.067
0.221	0.065	0.066	0.648
0.045	0.105	0.797	0.053
0.260	0.291	0.252	0.197
0.267	0.239	0.250	0.244
>CAAGAGGATTSA	11-CAAGAGGATTSA	11.253744	-39.440237	0	T:23.0(0.40%),B:13.5(0.03%),P:1e-17	Tpos:54.5,Tstd:28.5,Bpos:62.5,Bstd:21.9,StrandBias:1.2,Multiplicity:1.00
0.001	0.513	0.326	0.160
0.997	0.001	0.001	0.001
0.997	0.001	0.001	0.001
0.001	0.001	0.826	0.172
0.739	0.001	0.001	0.259
0.001	0.079	0.919	0.001
0.159	0.001	0.839	0.001
0.759	0.080	0.001	0.160
0.079	0.001	0.001	0.919
0.001	0.001	0.001	0.997
0.001	0.413	0.506	0.080
0.997	0.001	0.001	0.001
>TTGGTGGTGGTG	12-TTGGTGGTGGTG	4.724969	-33.770941	0	T:1275.0(22.24%),B:7365.6(18.13%),P:1e-14	Tpos:50.2,Tstd:26.7,Bpos:50.1,Bstd:32.3,StrandBias:0.7,Multiplicity:1.12
0.009	0.020	0.354	0.617
0.001	0.102	0.001	0.896
0.001	0.001	0.637	0.361
0.001	0.244	0.661	0.094
0.085	0.264	0.001	0.650
0.180	0.098	0.721	0.001
0.001	0.001	0.744	0.254
0.091	0.316	0.001	0.592
0.001	0.068	0.668	0.263
0.079	0.355	0.565	0.001
0.255	0.254	0.001	0.491
0.068	0.101	0.763	0.068
>TTTCAGGCAGCC	13-TTTCAGGCAGCC	11.602314	-31.683527	0	T:11.0(0.19%),B:2.5(0.01%),P:1e-13	Tpos:59.2,Tstd:21.8,Bpos:48.5,Bstd:9.9,StrandBias:0.3,Multiplicity:1.00
0.186	0.004	0.093	0.717
0.001	0.325	0.001	0.673
0.047	0.047	0.047	0.859
0.001	0.952	0.046	0.001
0.813	0.047	0.093	0.047
0.093	0.046	0.860	0.001
0.008	0.001	0.665	0.326
0.148	0.606	0.001	0.245
0.859	0.047	0.047	0.047
0.047	0.093	0.720	0.140
0.051	0.758	0.187	0.004
0.250	0.512	0.191	0.047
>TCTCGCGAGRDM	14-TCTCGCGAGRDM	10.363282	-30.656265	0	T:17.0(0.30%),B:9.5(0.02%),P:1e-13	Tpos:34.1,Tstd:21.8,Bpos:47.4,Bstd:49.5,StrandBias:0.8,Multiplicity:1.06
0.001	0.063	0.003	0.933
0.001	0.997	0.001	0.001
0.192	0.095	0.097	0.616
0.095	0.714	0.127	0.064
0.064	0.033	0.871	0.032
0.065	0.805	0.097	0.033
0.351	0.033	0.584	0.032
0.872	0.032	0.064	0.032
0.032	0.033	0.676	0.259
0.483	0.001	0.484	0.031
0.329	0.032	0.321	0.318
0.386	0.323	0.129	0.163
>TTTTTTTCCCCT	15-TTTTTTTCCCCT	8.553583	-29.188010	0	T:261.0(4.55%),B:1147.2(2.82%),P:1e-12	Tpos:53.4,Tstd:27.0,Bpos:51.1,Bstd:31.5,StrandBias:1.1,Multiplicity:1.02
0.086	0.009	0.028	0.877
0.059	0.107	0.044	0.790
0.016	0.076	0.016	0.892
0.028	0.091	0.001	0.880
0.047	0.029	0.072	0.852
0.009	0.130	0.066	0.795
0.025	0.261	0.273	0.440
0.010	0.797	0.063	0.130
0.069	0.788	0.009	0.134
0.110	0.708	0.009	0.173
0.087	0.702	0.019	0.192
0.066	0.176	0.001	0.757
>TCTTCGCGCGAC	16-TCTTCGCGCGAC	10.016010	-27.245690	0	T:21.0(0.37%),B:19.6(0.05%),P:1e-11	Tpos:49.2,Tstd:24.1,Bpos:24.0,Bstd:22.3,StrandBias:-0.5,Multiplicity:1.00
0.001	0.073	0.074	0.852
0.001	0.859	0.070	0.070
0.001	0.214	0.070	0.715
0.071	0.009	0.125	0.795
0.001	0.997	0.001	0.001
0.071	0.009	0.846	0.074
0.001	0.928	0.070	0.001
0.001	0.264	0.734	0.001
0.070	0.856	0.001	0.073
0.071	0.074	0.781	0.074
0.657	0.196	0.141	0.006
0.073	0.853	0.073	0.001
>TTAGTACGCCTG	17-TTAGTACGCCTG	11.684476	-26.398828	0	T:8.0(0.14%),B:1.6(0.00%),P:1e-11	Tpos:41.9,Tstd:18.9,Bpos:62.1,Bstd:19.4,StrandBias:-0.7,Multiplicity:1.00
0.001	0.399	0.001	0.599
0.001	0.001	0.288	0.710
0.732	0.001	0.266	0.001
0.001	0.001	0.865	0.133
0.001	0.001	0.133	0.865
0.997	0.001	0.001	0.001
0.001	0.997	0.001	0.001
0.001	0.001	0.865	0.133
0.021	0.977	0.001	0.001
0.133	0.733	0.001	0.133
0.001	0.001	0.133	0.865
0.133	0.001	0.865	0.001
>TGCCACTTCCTG	18-TGCCACTTCCTG	9.212012	-24.867935	0	T:89.0(1.55%),B:284.7(0.70%),P:1e-10	Tpos:54.7,Tstd:24.1,Bpos:48.3,Bstd:27.4,StrandBias:0.0,Multiplicity:1.01
0.128	0.058	0.089	0.725
0.038	0.097	0.839	0.026
0.051	0.815	0.058	0.076
0.076	0.839	0.038	0.047
0.710	0.130	0.058	0.102
0.025	0.885	0.052	0.038
0.064	0.034	0.039	0.863
0.025	0.081	0.058	0.836
0.001	0.889	0.038	0.072
0.025	0.949	0.001	0.025
0.051	0.051	0.013	0.885
0.076	0.038	0.774	0.112
>CTCCACGTGAGG	19-CTCCACGTGAGG	11.403262	-24.089973	0	T:10.0(0.17%),B:3.1(0.01%),P:1e-10	Tpos:51.1,Tstd:18.4,Bpos:24.6,Bstd:6.2,StrandBias:0.3,Multiplicity:1.12
0.001	0.881	0.117	0.001
0.235	0.001	0.001	0.763
0.117	0.881	0.001	0.001
0.117	0.881	0.001	0.001
0.765	0.001	0.117	0.117
0.009	0.873	0.001	0.117
0.361	0.001	0.637	0.001
0.001	0.117	0.001	0.881
0.009	0.127	0.863	0.001
0.765	0.117	0.117	0.001
0.001	0.001	0.997	0.001
0.001	0.001	0.881	0.117
>AGTCACTDCTTY	20-AGTCACTDCTTY	7.777165	-23.277644	0	T:28.0(0.49%),B:43.4(0.11%),P:1e-10	Tpos:44.2,Tstd:27.9,Bpos:45.1,Bstd:24.3,StrandBias:0.2,Multiplicity:1.00
0.531	0.016	0.158	0.295
0.191	0.152	0.437	0.221
0.183	0.022	0.157	0.638
0.018	0.676	0.279	0.027
0.549	0.251	0.007	0.193
0.181	0.588	0.040	0.191
0.241	0.169	0.011	0.579
0.337	0.128	0.201	0.334
0.153	0.568	0.016	0.263
0.207	0.177	0.008	0.608
0.125	0.201	0.023	0.651
0.168	0.395	0.119	0.318
>GGAGCTGTASTT	21-GGAGCTGTASTT	11.636013	-22.698771	0	T:16.0(0.28%),B:13.3(0.03%),P:1e-9	Tpos:45.8,Tstd:24.1,Bpos:49.3,Bstd:26.0,StrandBias:1.4,Multiplicity:1.00
0.001	0.001	0.997	0.001
0.197	0.001	0.801	0.001
0.997	0.001	0.001	0.001
0.015	0.001	0.983	0.001
0.366	0.597	0.016	0.021
0.412	0.001	0.001	0.586
0.001	0.181	0.817	0.001
0.001	0.001	0.197	0.801
0.997	0.001	0.001	0.001
0.001	0.380	0.437	0.182
0.001	0.001	0.181	0.817
0.001	0.001	0.001	0.997
>ATCTGGGCAAGC	22-ATCTGGGCAAGC	11.618922	-22.030536	0	T:13.0(0.23%),B:8.7(0.02%),P:1e-9	Tpos:44.1,Tstd:29.0,Bpos:45.8,Bstd:24.7,StrandBias:-0.8,Multiplicity:1.08
0.717	0.138	0.001	0.144
0.001	0.001	0.001	0.997
0.001	0.792	0.206	0.001
0.001	0.001	0.001	0.997
0.001	0.001	0.997	0.001
0.075	0.001	0.855	0.069
0.001	0.137	0.861	0.001
0.075	0.498	0.282	0.144
0.924	0.074	0.001	0.001
0.930	0.001	0.068	0.001
0.001	0.001	0.930	0.068
0.138	0.515	0.208	0.139
>AATGCGGAACTG	23-AATGCGGAACTG	10.409522	-20.978636	0	T:8.0(0.14%),B:2.3(0.01%),P:1e-9	Tpos:30.9,Tstd:23.6,Bpos:65.8,Bstd:22.3,StrandBias:0.4,Multiplicity:1.00
0.700	0.100	0.100	0.100
0.700	0.100	0.100	0.100
0.100	0.100	0.100	0.700
0.100	0.100	0.700	0.100
0.100	0.700	0.100	0.100
0.100	0.100	0.700	0.100
0.100	0.100	0.700	0.100
0.700	0.100	0.100	0.100
0.700	0.100	0.100	0.100
0.100	0.700	0.100	0.100
0.100	0.100	0.100	0.700
0.100	0.100	0.700	0.100
>GTATGACGAGYG	24-GTATGACGAGYG	10.769859	-17.629136	0	T:7.0(0.12%),B:2.8(0.01%),P:1e-7	Tpos:58.8,Tstd:28.5,Bpos:71.4,Bstd:12.4,StrandBias:1.0,Multiplicity:1.00
0.001	0.181	0.817	0.001
0.001	0.393	0.001	0.605
0.635	0.001	0.182	0.182
0.001	0.211	0.001	0.787
0.001	0.001	0.997	0.001
0.575	0.001	0.001	0.423
0.001	0.997	0.001	0.001
0.001	0.001	0.997	0.001
0.997	0.001	0.001	0.001
0.182	0.212	0.605	0.001
0.001	0.394	0.182	0.424
0.001	0.001	0.575	0.423
>AGCGAGCGGCGT	25-AGCGAGCGGCGT	10.409522	-10.428224	0	T:7.0(0.12%),B:6.9(0.02%),P:1e-4	Tpos:42.2,Tstd:30.2,Bpos:48.6,Bstd:14.1,StrandBias:0.0,Multiplicity:1.14
0.700	0.100	0.100	0.100
0.100	0.100	0.700	0.100
0.100	0.700	0.100	0.100
0.100	0.100	0.700	0.100
0.700	0.100	0.100	0.100
0.100	0.100	0.700	0.100
0.100	0.700	0.100	0.100
0.100	0.100	0.700	0.100
0.100	0.100	0.700	0.100
0.100	0.700	0.100	0.100
0.100	0.100	0.700	0.100
0.100	0.100	0.100	0.700
>CGGAAG	1-CGGAAG	7.054470	-167.074778	0	T:579.0(10.10%),B:1791.1(4.41%),P:1e-72	Tpos:46.7,Tstd:24.6,Bpos:50.8,Bstd:36.6,StrandBias:0.3,Multiplicity:1.20
0.001	0.997	0.001	0.001
0.001	0.001	0.997	0.001
0.001	0.001	0.997	0.001
0.997	0.001	0.001	0.001
0.997	0.001	0.001	0.001
0.287	0.001	0.711	0.001
>TTCCGC	2-TTCCGC	4.159411	-143.361567	0	T:2347.0(40.93%),B:12388.8(30.49%),P:1e-62	Tpos:52.5,Tstd:26.9,Bpos:49.8,Bstd:33.0,StrandBias:-0.6,Multiplicity:1.16
0.001	0.001	0.037	0.961
0.098	0.041	0.001	0.860
0.045	0.930	0.001	0.024
0.115	0.839	0.045	0.001
0.094	0.158	0.553	0.195
0.001	0.906	0.059	0.034
>GCCGTT	3-GCCGTT	3.244491	-111.906501	0	T:2812.0(49.04%),B:16020.1(39.43%),P:1e-48	Tpos:51.8,Tstd:27.8,Bpos:49.4,Bstd:32.9,StrandBias:0.1,Multiplicity:1.40
0.020	0.102	0.855	0.023
0.035	0.820	0.085	0.060
0.100	0.682	0.087	0.131
0.001	0.001	0.954	0.044
0.092	0.073	0.066	0.769
0.019	0.001	0.001	0.979
>CGTCAT	4-CGTCAT	4.205165	-75.538766	0	T:1637.0(28.55%),B:8847.6(21.78%),P:1e-32	Tpos:50.2,Tstd:27.7,Bpos:50.4,Bstd:32.8,StrandBias:-0.5,Multiplicity:1.27
0.001	0.951	0.047	0.001
0.096	0.001	0.804	0.099
0.024	0.093	0.033	0.850
0.001	0.991	0.001	0.007
0.909	0.001	0.046	0.044
0.064	0.167	0.049	0.720
>AGGGGG	5-AGGGGG	4.398929	-74.472306	0	T:2328.0(40.60%),B:13432.2(33.06%),P:1e-32	Tpos:49.6,Tstd:24.9,Bpos:50.0,Bstd:30.8,StrandBias:1.0,Multiplicity:1.45
0.997	0.001	0.001	0.001
0.160	0.001	0.838	0.001
0.115	0.001	0.883	0.001
0.167	0.001	0.831	0.001
0.001	0.001	0.997	0.001
0.151	0.001	0.847	0.001
>CGCCAA	6-CGCCAA	5.617508	-51.058367	0	T:422.0(7.36%),B:1808.5(4.45%),P:1e-22	Tpos:54.2,Tstd:27.7,Bpos:50.3,Bstd:34.6,StrandBias:-0.6,Multiplicity:1.06
0.001	0.997	0.001	0.001
0.001	0.001	0.997	0.001
0.001	0.893	0.105	0.001
0.104	0.894	0.001	0.001
0.730	0.001	0.001	0.268
0.997	0.001	0.001	0.001
>AGCTGC	7-AGCTGC	4.694947	-41.806944	0	T:1540.0(26.86%),B:8907.5(21.93%),P:1e-18	Tpos:50.5,Tstd:28.1,Bpos:50.1,Bstd:30.6,StrandBias:0.1,Multiplicity:1.14
0.829	0.001	0.001	0.169
0.001	0.001	0.997	0.001
0.001	0.809	0.001	0.189
0.001	0.001	0.001	0.997
0.001	0.001	0.997	0.001
0.001	0.826	0.001	0.172
>GATTGG	8-GATTGG	5.599126	-41.510837	0	T:1041.0(18.15%),B:5680.8(13.98%),P:1e-18	Tpos:49.1,Tstd:28.4,Bpos:50.0,Bstd:29.6,StrandBias:1.0,Multiplicity:1.07
0.001	0.001	0.997	0.001
0.859	0.001	0.139	0.001
0.001	0.001	0.195	0.803
0.001	0.001	0.001	0.997
0.001	0.112	0.886	0.001
0.139	0.001	0.859	0.001
>GCGACT	9-GCGACT	6.106224	-37.170009	0	T:367.0(6.40%),B:1652.4(4.07%),P:1e-16	Tpos:52.3,Tstd:26.6,Bpos:50.2,Bstd:37.8,StrandBias:0.0,Multiplicity:1.05
0.001	0.254	0.744	0.001
0.001	0.997	0.001	0.001
0.001	0.001	0.997	0.001
0.997	0.001	0.001	0.001
0.001	0.849	0.149	0.001
0.001	0.001	0.001	0.997
>ATCCGG	10-ATCCGG	4.772982	-34.395455	0	T:372.0(6.49%),B:1714.2(4.22%),P:1e-14	Tpos:51.8,Tstd:27.4,Bpos:50.6,Bstd:36.0,StrandBias:-0.1,Multiplicity:1.04
0.997	0.001	0.001	0.001
0.001	0.001	0.001	0.997
0.001	0.997	0.001	0.001
0.001	0.894	0.104	0.001
0.001	0.001	0.997	0.001
0.281	0.001	0.608	0.110
>TGCGCA	11-TGCGCA	6.177716	-33.347828	0	T:127.0(2.21%),B:413.3(1.02%),P:1e-14	Tpos:44.8,Tstd:24.7,Bpos:47.3,Bstd:34.2,StrandBias:0.0,Multiplicity:1.07
0.100	0.100	0.100	0.700
0.100	0.100	0.700	0.100
0.100	0.700	0.100	0.100
0.100	0.100	0.700	0.100
0.100	0.700	0.100	0.100
0.700	0.100	0.100	0.100
>GGTACG	12-GGTACG	5.004057	-32.464507	0	T:748.0(13.04%),B:4014.5(9.88%),P:1e-14	Tpos:53.9,Tstd:27.9,Bpos:50.9,Bstd:32.4,StrandBias:0.5,Multiplicity:1.08
0.131	0.003	0.865	0.001
0.001	0.197	0.750	0.052
0.001	0.111	0.119	0.769
0.773	0.001	0.001	0.225
0.247	0.571	0.181	0.001
0.111	0.001	0.629	0.259
>TGAYCG	13-TGAYCG	5.140298	-31.177736	0	T:262.0(4.57%),B:1131.1(2.78%),P:1e-13	Tpos:53.7,Tstd:26.2,Bpos:49.8,Bstd:35.4,StrandBias:0.3,Multiplicity:1.04
0.001	0.146	0.001	0.852
0.005	0.016	0.978	0.001
0.524	0.165	0.001	0.310
0.056	0.470	0.001	0.473
0.001	0.639	0.359	0.001
0.137	0.152	0.534	0.177
>CGAGAG	14-CGAGAG	7.261455	-26.201075	0	T:817.0(14.25%),B:4585.7(11.29%),P:1e-11	Tpos:53.8,Tstd:27.0,Bpos:50.6,Bstd:32.0,StrandBias:0.9,Multiplicity:1.09
0.001	0.645	0.353	0.001
0.001	0.001	0.997	0.001
0.997	0.001	0.001	0.001
0.001	0.001	0.997	0.001
0.997	0.001	0.001	0.001
0.001	0.001	0.997	0.001
>TCGCGA	15-TCGCGA	6.177716	-20.964424	0	T:49.0(0.85%),B:126.3(0.31%),P:1e-9	Tpos:40.9,Tstd:26.0,Bpos:54.6,Bstd:45.4,StrandBias:0.0,Multiplicity:1.09
0.100	0.100	0.100	0.700
0.100	0.700	0.100	0.100
0.100	0.100	0.700	0.100
0.100	0.700	0.100	0.100
0.100	0.100	0.700	0.100
0.700	0.100	0.100	0.100
>ACCACC	16-ACCACC	7.376402	-17.798989	0	T:468.0(8.16%),B:2565.4(6.31%),P:1e-7	Tpos:51.8,Tstd:26.0,Bpos:49.8,Bstd:28.0,StrandBias:-1.0,Multiplicity:1.16
0.997	0.001	0.001	0.001
0.001	0.997	0.001	0.001
0.001	0.602	0.001	0.396
0.997	0.001	0.001	0.001
0.001	0.997	0.001	0.001
0.001	0.997	0.001	0.001
>AYTTCCGG	1-AYTTCCGG	4.959964	-191.349345	0	T:342.0(5.96%),B:697.2(1.72%),P:1e-83	Tpos:45.5,Tstd:21.8,Bpos:51.1,Bstd:35.6,StrandBias:-0.1,Multiplicity:1.14
0.962	0.001	0.015	0.022
0.001	0.427	0.001	0.571
0.360	0.001	0.001	0.638
0.001	0.001	0.001	0.997
0.001	0.997	0.001	0.001
0.001	0.997	0.001	0.001
0.001	0.001	0.997	0.001
0.001	0.043	0.955	0.001
>GGGGGGGR	2-GGGGGGGR	4.752536	-160.115944	0	T:2337.0(40.76%),B:12090.1(29.76%),P:1e-69	Tpos:46.7,Tstd:23.6,Bpos:49.8,Bstd:31.5,StrandBias:1.3,Multiplicity:1.43
0.297	0.001	0.563	0.139
0.295	0.001	0.672	0.032
0.194	0.003	0.752	0.051
0.001	0.034	0.887	0.078
0.148	0.074	0.737	0.041
0.223	0.012	0.662	0.103
0.211	0.001	0.654	0.134
0.434	0.034	0.383	0.149
>TTGCCGCT	3-TTGCCGCT	4.045906	-105.860807	0	T:2656.0(46.32%),B:15058.9(37.07%),P:1e-45	Tpos:51.8,Tstd:27.2,Bpos:49.9,Bstd:32.3,StrandBias:-0.3,Multiplicity:1.30
0.074	0.174	0.072	0.680
0.096	0.089	0.080	0.735
0.072	0.060	0.703	0.165
0.071	0.815	0.056	0.058
0.118	0.725	0.056	0.101
0.051	0.100	0.764	0.085
0.051	0.806	0.058	0.085
0.035	0.137	0.054	0.774
>KTWCCGGM	4-KTWCCGGM	5.671562	-94.264750	0	T:361.0(6.30%),B:1164.5(2.87%),P:1e-40	Tpos:54.7,Tstd:26.1,Bpos:50.1,Bstd:36.5,StrandBias:-0.1,Multiplicity:1.04
0.001	0.276	0.292	0.430
0.374	0.001	0.095	0.530
0.505	0.001	0.001	0.493
0.001	0.628	0.113	0.258
0.001	0.898	0.100	0.001
0.001	0.001	0.895	0.103
0.392	0.001	0.606	0.001
0.278	0.409	0.161	0.152
>TTGGCGGT	5-TTGGCGGT	4.740683	-92.839162	0	T:1122.0(19.57%),B:5373.4(13.23%),P:1e-40	Tpos:52.7,Tstd:27.4,Bpos:49.8,Bstd:32.2,StrandBias:0.7,Multiplicity:1.17
0.173	0.054	0.078	0.695
0.081	0.067	0.103	0.749
0.066	0.044	0.842	0.048
0.057	0.107	0.791	0.045
0.050	0.842	0.016	0.092
0.058	0.079	0.772	0.091
0.068	0.095	0.769	0.068
0.150	0.220	0.088	0.542
>CGTCATCA	6-CGTCATCA	5.059787	-82.131159	0	T:975.0(17.00%),B:4633.0(11.40%),P:1e-35	Tpos:50.2,Tstd:26.8,Bpos:50.7,Bstd:30.9,StrandBias:-0.9,Multiplicity:1.10
0.061	0.825	0.070	0.044
0.217	0.093	0.581	0.109
0.097	0.058	0.054	0.791
0.057	0.835	0.051	0.057
0.773	0.015	0.072	0.140
0.043	0.097	0.133	0.727
0.108	0.769	0.052	0.071
0.702	0.097	0.135	0.066
>TAKGGCGA	7-TAKGGCGA	5.885752	-55.830247	0	T:302.0(5.27%),B:1125.7(2.77%),P:1e-24	Tpos:45.6,Tstd:27.1,Bpos:50.4,Bstd:38.9,StrandBias:0.3,Multiplicity:1.07
0.205	0.007	0.044	0.744
0.689	0.309	0.001	0.001
0.001	0.222	0.325	0.451
0.001	0.412	0.586	0.001
0.001	0.001	0.997	0.001
0.001	0.997	0.001	0.001
0.001	0.001	0.997	0.001
0.698	0.001	0.180	0.121
>TCCTGCAG	8-TCCTGCAG	5.565636	-55.580118	0	T:1068.0(18.63%),B:5589.8(13.76%),P:1e-24	Tpos:50.3,Tstd:26.9,Bpos:50.6,Bstd:29.8,StrandBias:-0.1,Multiplicity:1.09
0.043	0.001	0.012	0.944
0.113	0.692	0.144	0.051
0.060	0.669	0.151	0.120
0.105	0.001	0.048	0.846
0.224	0.078	0.555	0.143
0.017	0.655	0.166	0.162
0.753	0.087	0.017	0.143
0.094	0.001	0.888	0.017
>TTCGGCGA	9-TTCGGCGA	4.573405	-51.196793	0	T:656.0(11.44%),B:3149.4(7.75%),P:1e-22	Tpos:54.3,Tstd:27.5,Bpos:49.6,Bstd:34.0,StrandBias:0.3,Multiplicity:1.02
0.087	0.040	0.070	0.803
0.042	0.091	0.064	0.803
0.077	0.819	0.057	0.047
0.246	0.085	0.628	0.041
0.131	0.097	0.683	0.089
0.110	0.811	0.050	0.029
0.111	0.097	0.730	0.062
0.732	0.065	0.066	0.137
>CCCGAAAA	10-CCCGAAAA	5.118964	-51.050131	0	T:668.0(11.65%),B:3222.8(7.93%),P:1e-22	Tpos:51.5,Tstd:27.2,Bpos:50.8,Bstd:30.9,StrandBias:-0.4,Multiplicity:1.03
0.020	0.729	0.181	0.070
0.066	0.782	0.072	0.080
0.131	0.705	0.059	0.105
0.125	0.091	0.695	0.089
0.735	0.086	0.089	0.090
0.788	0.078	0.069	0.065
0.747	0.043	0.106	0.104
0.827	0.073	0.058	0.042
>GCGCATGC	11-GCGCATGC	7.198852	-46.133917	0	T:183.0(3.19%),B:602.5(1.48%),P:1e-20	Tpos:42.4,Tstd:21.8,Bpos:50.2,Bstd:33.8,StrandBias:0.2,Multiplicity:1.10
0.082	0.001	0.916	0.001
0.094	0.904	0.001	0.001
0.001	0.001	0.997	0.001
0.001	0.997	0.001	0.001
0.997	0.001	0.001	0.001
0.060	0.001	0.248	0.691
0.001	0.001	0.973	0.025
0.001	0.961	0.001	0.037
>GGCGAGTA	12-GGCGAGTA	6.767670	-43.930551	0	T:137.0(2.39%),B:402.3(0.99%),P:1e-19	Tpos:51.8,Tstd:26.3,Bpos:49.8,Bstd:31.6,StrandBias:1.5,Multiplicity:1.01
0.133	0.001	0.865	0.001
0.001	0.001	0.979	0.019
0.068	0.762	0.076	0.094
0.033	0.027	0.929	0.011
0.821	0.022	0.092	0.065
0.001	0.092	0.874	0.033
0.001	0.117	0.001	0.881
0.927	0.071	0.001	0.001
>AAAGCACC	13-AAAGCACC	5.321422	-41.022010	0	T:775.0(13.52%),B:4024.3(9.91%),P:1e-17	Tpos:51.3,Tstd:26.8,Bpos:50.9,Bstd:30.1,StrandBias:-0.7,Multiplicity:1.06
0.835	0.037	0.068	0.060
0.788	0.113	0.064	0.035
0.686	0.128	0.065	0.121
0.069	0.033	0.825	0.073
0.073	0.800	0.070	0.057
0.565	0.131	0.129	0.175
0.103	0.718	0.099	0.080
0.083	0.789	0.089	0.039
>CWCGYGAC	14-CWCGYGAC	8.255244	-36.445793	0	T:56.0(0.98%),B:104.9(0.26%),P:1e-15	Tpos:35.0,Tstd:20.5,Bpos:53.4,Bstd:32.1,StrandBias:-0.2,Multiplicity:1.02
0.026	0.571	0.316	0.087
0.447	0.001	0.176	0.376
0.001	0.997	0.001	0.001
0.001	0.073	0.925	0.001
0.078	0.433	0.074	0.415
0.001	0.236	0.737	0.026
0.997	0.001	0.001	0.001
0.065	0.932	0.002	0.001
>CTGATCGA	15-CTGATCGA	4.871756	-34.549054	0	T:798.0(13.92%),B:4286.0(10.55%),P:1e-15	Tpos:50.6,Tstd:27.3,Bpos:49.8,Bstd:31.1,StrandBias:-0.1,Multiplicity:1.06
0.079	0.810	0.060	0.051
0.028	0.091	0.081	0.800
0.079	0.097	0.748	0.076
0.702	0.094	0.050	0.154
0.068	0.096	0.142	0.694
0.067	0.737	0.073	0.123
0.046	0.121	0.783	0.050
0.733	0.044	0.119	0.104
>CGCACTTC	16-CGCACTTC	9.621153	-32.125638	0	T:33.0(0.58%),B:42.6(0.10%),P:1e-13	Tpos:56.9,Tstd:27.5,Bpos:60.3,Bstd:31.6,StrandBias:-0.8,Multiplicity:1.00
0.001	0.997	0.001	0.001
0.001	0.001	0.997	0.001
0.001	0.997	0.001	0.001
0.997	0.001	0.001	0.001
0.001	0.997	0.001	0.001
0.001	0.001	0.001	0.997
0.235	0.001	0.001	0.763
0.001	0.997	0.001	0.001
>GGTGGTGA	17-GGTGGTGA	6.552772	-31.895356	0	T:421.0(7.34%),B:2032.5(5.00%),P:1e-13	Tpos:50.6,Tstd:27.1,Bpos:50.6,Bstd:28.3,StrandBias:1.4,Multiplicity:1.02
0.001	0.001	0.997	0.001
0.001	0.180	0.756	0.063
0.001	0.140	0.001	0.858
0.034	0.001	0.829	0.136
0.054	0.001	0.944	0.001
0.094	0.083	0.001	0.822
0.192	0.056	0.751	0.001
0.835	0.001	0.163	0.001
>GGGTAAGT	18-GGGTAAGT	8.965409	-30.477831	0	T:73.0(1.27%),B:188.0(0.46%),P:1e-13	Tpos:60.2,Tstd:25.7,Bpos:51.9,Bstd:30.6,StrandBias:0.4,Multiplicity:1.02
0.238	0.001	0.760	0.001
0.001	0.054	0.944	0.001
0.001	0.001	0.997	0.001
0.001	0.001	0.001	0.997
0.997	0.001	0.001	0.001
0.997	0.001	0.001	0.001
0.001	0.001	0.997	0.001
0.169	0.001	0.001	0.829
>AACGACGC	19-AACGACGC	7.906043	-28.782115	0	T:24.0(0.42%),B:24.4(0.06%),P:1e-12	Tpos:51.2,Tstd:24.8,Bpos:45.3,Bstd:50.6,StrandBias:-0.6,Multiplicity:1.00
0.930	0.001	0.001	0.068
0.997	0.001	0.001	0.001
0.001	0.997	0.001	0.001
0.001	0.001	0.997	0.001
0.620	0.001	0.001	0.378
0.001	0.997	0.001	0.001
0.001	0.001	0.997	0.001
0.001	0.997	0.001	0.001
>GACGGCTA	20-GACGGCTA	6.268933	-27.952902	0	T:143.0(2.49%),B:527.7(1.30%),P:1e-12	Tpos:50.6,Tstd:29.0,Bpos:48.8,Bstd:30.2,StrandBias:0.3,Multiplicity:1.00
0.001	0.032	0.940	0.027
0.834	0.064	0.001	0.101
0.076	0.864	0.059	0.001
0.049	0.001	0.856	0.094
0.001	0.001	0.951	0.047
0.149	0.781	0.001	0.069
0.001	0.040	0.001	0.958
0.932	0.001	0.066	0.001
>TCCACTGG	21-TCCACTGG	5.968291	-23.201708	0	T:414.0(7.22%),B:2126.5(5.23%),P:1e-10	Tpos:52.2,Tstd:26.8,Bpos:50.0,Bstd:29.6,StrandBias:-0.3,Multiplicity:1.04
0.062	0.001	0.001	0.936
0.135	0.834	0.001	0.030
0.001	0.963	0.001	0.035
0.817	0.001	0.090	0.092
0.057	0.911	0.031	0.001
0.110	0.058	0.064	0.768
0.001	0.001	0.940	0.058
0.001	0.122	0.828	0.049
>TGCGCAKT	22-TGCGCAKT	10.345716	-21.114161	0	T:30.0(0.52%),B:55.0(0.14%),P:1e-9	Tpos:51.1,Tstd:27.1,Bpos:43.5,Bstd:36.2,StrandBias:0.3,Multiplicity:1.00
0.001	0.001	0.001	0.997
0.001	0.001	0.997	0.001
0.001	0.997	0.001	0.001
0.001	0.001	0.997	0.001
0.001	0.997	0.001	0.001
0.997	0.001	0.001	0.001
0.001	0.001	0.513	0.485
0.001	0.001	0.001	0.997
>TGTCGTAA	23-TGTCGTAA	8.956628	-15.615790	0	T:15.0(0.26%),B:19.2(0.05%),P:1e-6	Tpos:33.9,Tstd:20.5,Bpos:49.7,Bstd:30.2,StrandBias:-0.2,Multiplicity:1.00
0.143	0.001	0.001	0.855
0.001	0.001	0.997	0.001
0.001	0.001	0.001	0.997
0.001	0.997	0.001	0.001
0.001	0.001	0.997	0.001
0.001	0.155	0.001	0.843
0.997	0.001	0.001	0.001
0.997	0.001	0.001	0.001
>CGGTTAGA	24-CGGTTAGA	7.156321	-15.447200	0	T:32.0(0.56%),B:78.9(0.19%),P:1e-6	Tpos:62.2,Tstd:21.5,Bpos:53.7,Bstd:28.0,StrandBias:-0.1,Multiplicity:1.00
0.001	0.997	0.001	0.001
0.001	0.001	0.997	0.001
0.001	0.001	0.901	0.097
0.001	0.329	0.001	0.669
0.001	0.001	0.001	0.997
0.997	0.001	0.001	0.001
0.001	0.001	0.931	0.067
0.997	0.001	0.001	0.001
