>CDCTTCCGSY	1-CDCTTCCGSY	6.720879	-179.433828	0	T:258.0(4.50%),B:443.3(1.08%),P:1e-77	Tpos:44.8,Tstd:22.1,Bpos:48.9,Bstd:37.8,StrandBias:-0.2,Multiplicity:1.13
0.151	0.462	0.124	0.264
0.326	0.015	0.391	0.268
0.001	0.483	0.288	0.228
0.001	0.169	0.001	0.829
0.144	0.116	0.121	0.619
0.001	0.816	0.001	0.182
0.077	0.828	0.069	0.026
0.001	0.001	0.835	0.163
0.099	0.389	0.421	0.091
0.207	0.283	0.153	0.358
>AAAATGGCGG	2-AAAATGGCGG	8.836525	-118.537021	0	T:71.0(1.24%),B:40.3(0.10%),P:1e-51	Tpos:68.1,Tstd:18.3,Bpos:41.2,Bstd:29.7,StrandBias:0.9,Multiplicity:1.02
0.669	0.069	0.113	0.149
0.716	0.164	0.034	0.086
0.546	0.122	0.204	0.128
0.794	0.084	0.092	0.030
0.035	0.155	0.250	0.560
0.034	0.034	0.801	0.131
0.034	0.034	0.841	0.091
0.021	0.938	0.040	0.001
0.148	0.036	0.815	0.001
0.174	0.231	0.492	0.103
>GGGGGGGGAA	3-GGGGGGGGAA	5.511012	-115.857026	0	T:1402.0(24.47%),B:6855.4(16.68%),P:1e-50	Tpos:44.3,Tstd:22.9,Bpos:49.6,Bstd:31.8,StrandBias:1.1,Multiplicity:1.29
0.106	0.061	0.727	0.106
0.083	0.057	0.774	0.086
0.122	0.075	0.726	0.077
0.100	0.098	0.712	0.090
0.084	0.111	0.734	0.071
0.131	0.104	0.664	0.101
0.106	0.048	0.764	0.082
0.137	0.084	0.705	0.074
0.587	0.111	0.201	0.101
0.610	0.108	0.183	0.099
>AAAGGGGGGG	4-AAAGGGGGGG	5.014443	-110.658115	0	T:1339.0(23.37%),B:6534.6(15.90%),P:1e-48	Tpos:46.9,Tstd:24.6,Bpos:49.5,Bstd:31.9,StrandBias:0.9,Multiplicity:1.12
0.708	0.100	0.117	0.075
0.714	0.076	0.137	0.073
0.707	0.065	0.120	0.108
0.122	0.057	0.718	0.103
0.122	0.090	0.716	0.072
0.135	0.099	0.692	0.074
0.109	0.134	0.676	0.081
0.100	0.140	0.656	0.104
0.126	0.092	0.679	0.103
0.079	0.109	0.734	0.078
>GGGCGGGGCC	5-GGGCGGGGCC	9.249349	-106.652537	0	T:346.0(6.04%),B:1042.0(2.54%),P:1e-46	Tpos:33.0,Tstd:21.4,Bpos:51.3,Bstd:36.2,StrandBias:0.5,Multiplicity:1.08
0.121	0.001	0.877	0.001
0.001	0.001	0.997	0.001
0.001	0.001	0.997	0.001
0.001	0.997	0.001	0.001
0.001	0.001	0.997	0.001
0.001	0.001	0.740	0.258
0.180	0.001	0.650	0.169
0.001	0.146	0.852	0.001
0.001	0.997	0.001	0.001
0.203	0.471	0.121	0.205
>DGCCAATVGG	6-DGCCAATVGG	5.755111	-78.619804	0	T:180.0(3.14%),B:443.5(1.08%),P:1e-34	Tpos:41.0,Tstd:27.0,Bpos:47.8,Bstd:28.8,StrandBias:0.1,Multiplicity:1.01
0.294	0.073	0.309	0.324
0.001	0.094	0.534	0.371
0.001	0.746	0.252	0.001
0.182	0.635	0.017	0.166
0.548	0.148	0.001	0.303
0.479	0.195	0.227	0.099
0.118	0.239	0.080	0.563
0.267	0.349	0.208	0.177
0.262	0.083	0.497	0.158
0.099	0.358	0.542	0.001
>ATGGCGACTG	7-ATGGCGACTG	6.374008	-76.908251	0	T:374.0(6.53%),B:1353.1(3.29%),P:1e-33	Tpos:54.3,Tstd:28.0,Bpos:50.5,Bstd:30.4,StrandBias:-0.1,Multiplicity:1.03
0.778	0.063	0.081	0.078
0.069	0.068	0.052	0.811
0.069	0.032	0.867	0.032
0.045	0.061	0.856	0.038
0.087	0.774	0.035	0.104
0.070	0.060	0.778	0.092
0.772	0.050	0.094	0.084
0.062	0.845	0.029	0.064
0.040	0.114	0.131	0.715
0.074	0.063	0.810	0.053
>TGGAGGAGTA	8-TGGAGGAGTA	7.855335	-75.608518	0	T:354.0(6.18%),B:1261.3(3.07%),P:1e-32	Tpos:54.2,Tstd:26.7,Bpos:49.7,Bstd:29.0,StrandBias:1.2,Multiplicity:1.01
0.102	0.136	0.110	0.652
0.001	0.001	0.997	0.001
0.088	0.124	0.787	0.001
0.883	0.001	0.038	0.078
0.015	0.023	0.953	0.009
0.158	0.181	0.660	0.001
0.774	0.001	0.001	0.224
0.033	0.001	0.960	0.006
0.110	0.122	0.196	0.572
0.761	0.104	0.004	0.131
>CGCATGCGCA	9-CGCATGCGCA	8.371323	-72.270440	0	T:124.0(2.16%),B:249.2(0.61%),P:1e-31	Tpos:38.7,Tstd:21.0,Bpos:50.9,Bstd:34.8,StrandBias:0.0,Multiplicity:1.11
0.135	0.730	0.080	0.055
0.055	0.031	0.881	0.033
0.045	0.868	0.053	0.034
0.801	0.072	0.059	0.068
0.046	0.106	0.120	0.728
0.008	0.035	0.910	0.047
0.071	0.862	0.029	0.038
0.029	0.064	0.799	0.108
0.063	0.828	0.063	0.046
0.599	0.148	0.188	0.065
>AAAGCCGCCG	10-AAAGCCGCCG	4.814165	-66.349411	0	T:948.0(16.54%),B:4740.1(11.53%),P:1e-28	Tpos:52.9,Tstd:26.3,Bpos:50.0,Bstd:33.1,StrandBias:-0.4,Multiplicity:1.10
0.729	0.078	0.114	0.079
0.698	0.103	0.113	0.086
0.707	0.103	0.108	0.082
0.087	0.102	0.736	0.075
0.101	0.717	0.084	0.098
0.108	0.664	0.106	0.122
0.120	0.113	0.680	0.087
0.096	0.715	0.104	0.085
0.124	0.679	0.088	0.109
0.096	0.133	0.675	0.096
>GGTGACGTCA	11-GGTGACGTCA	7.459845	-62.604888	0	T:123.0(2.15%),B:274.4(0.67%),P:1e-27	Tpos:37.1,Tstd:24.7,Bpos:49.0,Bstd:38.0,StrandBias:0.2,Multiplicity:1.04
0.077	0.110	0.673	0.140
0.136	0.132	0.669	0.063
0.063	0.087	0.001	0.849
0.039	0.128	0.832	0.001
0.827	0.001	0.155	0.017
0.001	0.972	0.018	0.009
0.071	0.001	0.888	0.040
0.001	0.063	0.072	0.864
0.001	0.879	0.103	0.017
0.609	0.100	0.200	0.091
>GATGATGATG	12-GATGATGATG	4.646740	-61.906516	0	T:1424.0(24.85%),B:7821.5(19.03%),P:1e-26	Tpos:52.5,Tstd:26.7,Bpos:50.1,Bstd:29.1,StrandBias:1.0,Multiplicity:1.19
0.102	0.084	0.724	0.090
0.642	0.132	0.101	0.125
0.125	0.093	0.094	0.688
0.085	0.070	0.744	0.101
0.670	0.111	0.102	0.117
0.118	0.095	0.101	0.686
0.082	0.077	0.755	0.086
0.700	0.112	0.097	0.091
0.114	0.098	0.107	0.681
0.108	0.085	0.709	0.098
>AWCTCGCGAG	13-AWCTCGCGAG	8.499049	-59.367259	0	T:43.0(0.75%),B:34.6(0.08%),P:1e-25	Tpos:38.0,Tstd:25.4,Bpos:57.8,Bstd:26.9,StrandBias:-0.1,Multiplicity:1.05
0.651	0.192	0.113	0.044
0.372	0.038	0.087	0.503
0.076	0.773	0.076	0.075
0.001	0.001	0.189	0.809
0.037	0.925	0.037	0.001
0.001	0.001	0.704	0.294
0.150	0.848	0.001	0.001
0.001	0.001	0.997	0.001
0.776	0.185	0.038	0.001
0.001	0.037	0.961	0.001
>CTATCAGCCG	14-CTATCAGCCG	10.321334	-53.578931	0	T:25.0(0.44%),B:9.7(0.02%),P:1e-23	Tpos:64.9,Tstd:12.4,Bpos:35.4,Bstd:23.4,StrandBias:2.7,Multiplicity:1.00
0.001	0.997	0.001	0.001
0.182	0.182	0.001	0.635
0.997	0.001	0.001	0.001
0.001	0.181	0.001	0.817
0.001	0.817	0.181	0.001
0.996	0.002	0.001	0.001
0.001	0.001	0.997	0.001
0.001	0.997	0.001	0.001
0.085	0.913	0.001	0.001
0.001	0.181	0.817	0.001
>AGGAACTGGT	15-AGGAACTGGT	6.563570	-45.926415	0	T:464.0(8.10%),B:2126.1(5.17%),P:1e-19	Tpos:52.6,Tstd:27.6,Bpos:50.8,Bstd:29.6,StrandBias:0.5,Multiplicity:1.03
0.869	0.021	0.035	0.075
0.080	0.024	0.877	0.019
0.083	0.057	0.792	0.068
0.831	0.018	0.046	0.105
0.816	0.036	0.083	0.065
0.072	0.822	0.040	0.066
0.111	0.037	0.077	0.775
0.033	0.055	0.860	0.052
0.059	0.085	0.773	0.083
0.119	0.190	0.099	0.592
>CGAGCTTTCT	16-CGAGCTTTCT	7.383631	-37.577246	0	T:72.0(1.26%),B:160.6(0.39%),P:1e-16	Tpos:50.6,Tstd:26.7,Bpos:57.1,Bstd:32.6,StrandBias:0.1,Multiplicity:1.00
0.057	0.843	0.076	0.024
0.047	0.043	0.857	0.053
0.772	0.084	0.097	0.047
0.024	0.077	0.848	0.051
0.109	0.784	0.041	0.066
0.107	0.080	0.039	0.774
0.017	0.105	0.074	0.804
0.050	0.081	0.101	0.768
0.105	0.781	0.052	0.062
0.070	0.096	0.059	0.775
>GCCGTCACGT	17-GCCGTCACGT	7.648007	-36.706260	0	T:59.0(1.03%),B:115.9(0.28%),P:1e-15	Tpos:46.2,Tstd:25.7,Bpos:50.0,Bstd:32.8,StrandBias:-0.6,Multiplicity:1.00
0.013	0.091	0.835	0.061
0.035	0.890	0.062	0.013
0.032	0.864	0.065	0.039
0.120	0.053	0.732	0.095
0.065	0.022	0.087	0.826
0.065	0.803	0.080	0.052
0.809	0.043	0.083	0.065
0.100	0.765	0.057	0.078
0.134	0.033	0.704	0.129
0.098	0.058	0.061	0.783
>AACACTTCCC	18-AACACTTCCC	9.507846	-35.575438	0	T:29.0(0.51%),B:28.7(0.07%),P:1e-15	Tpos:49.8,Tstd:23.5,Bpos:50.9,Bstd:20.1,StrandBias:-0.8,Multiplicity:1.00
0.663	0.001	0.095	0.241
0.997	0.001	0.001	0.001
0.022	0.944	0.001	0.033
0.954	0.026	0.001	0.019
0.001	0.997	0.001	0.001
0.001	0.019	0.077	0.903
0.023	0.077	0.023	0.877
0.077	0.896	0.018	0.009
0.022	0.924	0.033	0.021
0.029	0.924	0.033	0.014
>TTTTTTTTAC	19-TTTTTTTTAC	8.220375	-32.999292	0	T:243.0(4.24%),B:1021.4(2.49%),P:1e-14	Tpos:53.3,Tstd:29.8,Bpos:50.5,Bstd:30.5,StrandBias:1.4,Multiplicity:1.02
0.088	0.100	0.114	0.698
0.075	0.113	0.101	0.711
0.116	0.076	0.117	0.691
0.090	0.098	0.107	0.705
0.100	0.086	0.096	0.718
0.108	0.088	0.102	0.702
0.098	0.104	0.089	0.709
0.131	0.108	0.093	0.668
0.685	0.125	0.087	0.103
0.126	0.711	0.087	0.076
>CGTTTCCGGG	20-CGTTTCCGGG	9.210301	-32.504832	0	T:63.0(1.10%),B:143.0(0.35%),P:1e-14	Tpos:44.1,Tstd:26.0,Bpos:48.3,Bstd:32.1,StrandBias:-0.8,Multiplicity:1.00
0.193	0.690	0.116	0.001
0.313	0.001	0.652	0.034
0.001	0.001	0.001	0.997
0.001	0.001	0.113	0.885
0.001	0.094	0.260	0.645
0.001	0.997	0.001	0.001
0.001	0.997	0.001	0.001
0.001	0.298	0.552	0.149
0.405	0.004	0.590	0.001
0.001	0.001	0.997	0.001
>CAGCAAATCC	21-CAGCAAATCC	7.607991	-26.558525	0	T:54.0(0.94%),B:127.3(0.31%),P:1e-11	Tpos:52.1,Tstd:28.0,Bpos:54.4,Bstd:25.4,StrandBias:-0.2,Multiplicity:1.00
0.231	0.684	0.040	0.045
0.715	0.036	0.034	0.215
0.030	0.221	0.498	0.251
0.211	0.702	0.038	0.049
0.527	0.159	0.220	0.094
0.578	0.253	0.140	0.029
0.606	0.246	0.098	0.050
0.153	0.148	0.196	0.503
0.025	0.775	0.139	0.061
0.103	0.795	0.020	0.082
>CSTAGAAAGA	22-CSTAGAAAGA	10.224648	-26.349299	0	T:17.0(0.30%),B:12.5(0.03%),P:1e-11	Tpos:42.7,Tstd:27.7,Bpos:53.7,Bstd:19.5,StrandBias:-1.0,Multiplicity:1.00
0.001	0.997	0.001	0.001
0.001	0.449	0.549	0.001
0.181	0.001	0.001	0.817
0.817	0.001	0.001	0.181
0.181	0.001	0.817	0.001
0.947	0.001	0.051	0.001
0.817	0.181	0.001	0.001
0.817	0.001	0.001	0.181
0.001	0.001	0.997	0.001
0.631	0.367	0.001	0.001
>TCCGGAAGTC	23-TCCGGAAGTC	11.223555	-25.681826	0	T:15.0(0.26%),B:9.5(0.02%),P:1e-11	Tpos:39.5,Tstd:21.3,Bpos:44.0,Bstd:32.6,StrandBias:0.2,Multiplicity:1.00
0.001	0.001	0.238	0.760
0.001	0.937	0.061	0.001
0.044	0.954	0.001	0.001
0.001	0.001	0.997	0.001
0.013	0.061	0.925	0.001
0.997	0.001	0.001	0.001
0.812	0.089	0.001	0.098
0.075	0.089	0.835	0.001
0.089	0.030	0.341	0.540
0.001	0.997	0.001	0.001
>GAGCGCTATA	24-GAGCGCTATA	7.036107	-23.919738	0	T:89.0(1.55%),B:293.8(0.71%),P:1e-10	Tpos:51.5,Tstd:27.5,Bpos:48.2,Bstd:27.1,StrandBias:0.8,Multiplicity:1.02
0.069	0.059	0.846	0.026
0.887	0.031	0.026	0.056
0.046	0.049	0.874	0.031
0.088	0.711	0.110	0.091
0.104	0.066	0.688	0.142
0.042	0.815	0.038	0.105
0.056	0.097	0.042	0.805
0.750	0.069	0.107	0.074
0.047	0.059	0.084	0.810
0.816	0.054	0.088	0.042
>VBDCGSRBWA	25-VBDCGSRBWA	4.982178	-8.313411	0	T:69.0(1.20%),B:314.9(0.77%),P:1e-3	Tpos:55.5,Tstd:22.9,Bpos:52.9,Bstd:34.6,StrandBias:-0.1,Multiplicity:1.00
0.341	0.365	0.287	0.007
0.142	0.211	0.340	0.307
0.327	0.005	0.325	0.344
0.296	0.553	0.041	0.110
0.082	0.177	0.735	0.006
0.178	0.363	0.453	0.005
0.412	0.142	0.324	0.121
0.110	0.279	0.277	0.334
0.413	0.191	0.021	0.375
0.549	0.123	0.319	0.009
>BCACTTCCGGCG	1-BCACTTCCGGCG	8.087119	-159.106300	0	T:165.0(2.88%),B:203.5(0.50%),P:1e-69	Tpos:42.4,Tstd:21.1,Bpos:48.7,Bstd:39.4,StrandBias:-0.1,Multiplicity:1.08
0.103	0.345	0.281	0.272
0.103	0.588	0.165	0.144
0.856	0.020	0.123	0.001
0.001	0.978	0.001	0.020
0.001	0.001	0.020	0.978
0.001	0.001	0.001	0.997
0.001	0.997	0.001	0.001
0.001	0.997	0.001	0.001
0.001	0.001	0.997	0.001
0.001	0.020	0.978	0.001
0.123	0.454	0.238	0.185
0.187	0.221	0.397	0.196
>AAAATGGCGGCG	2-AAAATGGCGGCG	10.118692	-121.090695	0	T:81.0(1.41%),B:55.9(0.14%),P:1e-52	Tpos:72.0,Tstd:16.5,Bpos:44.4,Bstd:32.2,StrandBias:1.3,Multiplicity:1.01
0.853	0.001	0.110	0.036
0.855	0.072	0.001	0.072
0.551	0.183	0.265	0.001
0.963	0.035	0.001	0.001
0.036	0.001	0.036	0.927
0.001	0.001	0.997	0.001
0.001	0.001	0.997	0.001
0.001	0.963	0.001	0.035
0.112	0.036	0.816	0.036
0.075	0.076	0.774	0.075
0.113	0.778	0.036	0.073
0.182	0.188	0.409	0.221
>CTCCTCCTCTTC	3-CTCCTCCTCTTC	6.193754	-104.185785	0	T:1260.0(21.99%),B:6133.3(14.93%),P:1e-45	Tpos:51.0,Tstd:24.6,Bpos:48.9,Bstd:31.3,StrandBias:-1.3,Multiplicity:1.20
0.095	0.697	0.075	0.133
0.069	0.132	0.055	0.744
0.051	0.766	0.086	0.097
0.085	0.723	0.052	0.140
0.082	0.087	0.086	0.745
0.041	0.812	0.072	0.075
0.079	0.746	0.032	0.143
0.097	0.147	0.076	0.680
0.053	0.756	0.080	0.111
0.074	0.257	0.076	0.593
0.055	0.142	0.105	0.698
0.063	0.756	0.081	0.100
>GCCCCGCCCCYC	4-GCCCCGCCCCYC	10.196157	-102.008530	0	T:275.0(4.80%),B:747.3(1.82%),P:1e-44	Tpos:30.0,Tstd:19.6,Bpos:48.3,Bstd:33.8,StrandBias:-0.8,Multiplicity:1.08
0.262	0.001	0.736	0.001
0.081	0.576	0.189	0.154
0.070	0.879	0.050	0.001
0.059	0.939	0.001	0.001
0.288	0.676	0.001	0.035
0.064	0.001	0.934	0.001
0.001	0.997	0.001	0.001
0.001	0.997	0.001	0.001
0.001	0.924	0.001	0.074
0.117	0.808	0.001	0.074
0.109	0.411	0.095	0.385
0.001	0.466	0.237	0.296
>NNTATCAGCAGN	5-NNTATCAGCAGN	7.358540	-97.096779	0	T:23.0(0.40%),B:1.7(0.00%),P:1e-42	Tpos:71.0,Tstd:3.1,Bpos:46.1,Bstd:25.5,StrandBias:4.5,Multiplicity:1.00
0.233	0.240	0.220	0.307
0.251	0.333	0.211	0.205
0.115	0.151	0.202	0.532
0.665	0.084	0.140	0.111
0.116	0.145	0.134	0.605
0.140	0.624	0.114	0.122
0.515	0.194	0.200	0.091
0.120	0.165	0.622	0.093
0.114	0.635	0.138	0.113
0.451	0.200	0.224	0.125
0.213	0.222	0.375	0.191
0.202	0.235	0.225	0.338
>AACTCTCGCGAG	6-AACTCTCGCGAG	11.369901	-76.934090	0	T:19.0(0.33%),B:1.8(0.00%),P:1e-33	Tpos:37.5,Tstd:27.7,Bpos:65.0,Bstd:0.0,StrandBias:-0.4,Multiplicity:1.05
0.818	0.094	0.087	0.001
0.504	0.080	0.329	0.087
0.337	0.489	0.014	0.160
0.001	0.001	0.246	0.752
0.079	0.919	0.001	0.001
0.001	0.001	0.319	0.679
0.001	0.997	0.001	0.001
0.001	0.001	0.997	0.001
0.079	0.919	0.001	0.001
0.079	0.001	0.919	0.001
0.759	0.239	0.001	0.001
0.001	0.001	0.997	0.001
>GCGCATGCGCRG	7-GCGCATGCGCRG	6.370107	-72.478199	0	T:113.0(1.97%),B:210.7(0.51%),P:1e-31	Tpos:37.8,Tstd:19.8,Bpos:49.1,Bstd:36.5,StrandBias:-0.1,Multiplicity:1.12
0.031	0.092	0.876	0.001
0.102	0.866	0.031	0.001
0.001	0.001	0.997	0.001
0.001	0.997	0.001	0.001
0.997	0.001	0.001	0.001
0.001	0.001	0.001	0.997
0.001	0.001	0.997	0.001
0.001	0.997	0.001	0.001
0.001	0.001	0.997	0.001
0.001	0.997	0.001	0.001
0.449	0.120	0.430	0.001
0.062	0.272	0.557	0.109
>CGATGACGTCAC	8-CGATGACGTCAC	8.310544	-56.398939	0	T:75.0(1.31%),B:122.3(0.30%),P:1e-24	Tpos:36.6,Tstd:22.4,Bpos:46.2,Bstd:37.2,StrandBias:0.2,Multiplicity:1.04
0.072	0.619	0.091	0.218
0.199	0.128	0.491	0.182
0.509	0.163	0.220	0.108
0.018	0.126	0.036	0.820
0.036	0.001	0.962	0.001
0.873	0.001	0.108	0.018
0.001	0.800	0.036	0.163
0.091	0.018	0.890	0.001
0.037	0.055	0.036	0.872
0.018	0.927	0.054	0.001
0.910	0.018	0.054	0.018
0.001	0.510	0.218	0.271
>GGGGGGGGGGGG	9-GGGGGGGGGGGG	8.434914	-52.736545	0	T:350.0(6.11%),B:1418.3(3.45%),P:1e-22	Tpos:44.2,Tstd:18.7,Bpos:48.5,Bstd:28.4,StrandBias:1.9,Multiplicity:1.07
0.001	0.007	0.827	0.165
0.001	0.008	0.794	0.197
0.001	0.001	0.834	0.164
0.001	0.098	0.745	0.156
0.001	0.049	0.767	0.183
0.001	0.001	0.953	0.045
0.013	0.001	0.750	0.236
0.001	0.010	0.817	0.172
0.148	0.137	0.528	0.187
0.001	0.093	0.652	0.254
0.132	0.008	0.695	0.165
0.120	0.012	0.668	0.200
>ATGATGACGATG	10-ATGATGACGATG	6.448522	-50.173211	0	T:347.0(6.06%),B:1425.5(3.47%),P:1e-21	Tpos:50.7,Tstd:28.2,Bpos:51.3,Bstd:27.6,StrandBias:1.1,Multiplicity:1.08
0.766	0.060	0.107	0.067
0.114	0.051	0.083	0.752
0.056	0.080	0.826	0.038
0.769	0.051	0.109	0.071
0.112	0.022	0.079	0.787
0.075	0.087	0.771	0.067
0.781	0.070	0.076	0.073
0.173	0.525	0.112	0.190
0.168	0.099	0.634	0.099
0.741	0.070	0.096	0.093
0.105	0.038	0.048	0.809
0.045	0.035	0.841	0.079
>GYCATGGCGACG	11-GYCATGGCGACG	0.428529	-44.309137	0	T:206.0(3.60%),B:734.2(1.79%),P:1e-19	Tpos:55.5,Tstd:26.8,Bpos:49.7,Bstd:32.4,StrandBias:0.1,Multiplicity:1.04
0.250	0.250	0.500	0.001
0.001	0.499	0.001	0.499
0.001	0.997	0.001	0.001
0.997	0.001	0.001	0.001
0.001	0.001	0.001	0.997
0.001	0.001	0.997	0.001
0.001	0.001	0.997	0.001
0.001	0.997	0.001	0.001
0.001	0.001	0.997	0.001
0.997	0.001	0.001	0.001
0.001	0.997	0.001	0.001
0.001	0.249	0.749	0.001
>GGGGAAAAAAAA	12-GGGGAAAAAAAA	7.429602	-39.180483	0	T:363.0(6.34%),B:1626.6(3.96%),P:1e-17	Tpos:51.3,Tstd:29.0,Bpos:51.1,Bstd:30.9,StrandBias:-0.6,Multiplicity:1.04
0.177	0.077	0.578	0.168
0.175	0.069	0.608	0.148
0.189	0.061	0.615	0.135
0.200	0.092	0.605	0.103
0.716	0.076	0.124	0.084
0.709	0.084	0.121	0.086
0.704	0.081	0.138	0.077
0.705	0.078	0.130	0.087
0.688	0.086	0.134	0.092
0.690	0.095	0.120	0.095
0.695	0.090	0.117	0.098
0.687	0.086	0.112	0.115
>CTATTAAAGGGG	13-CTATTAAAGGGG	9.032536	-37.409832	0	T:49.0(0.86%),B:80.4(0.20%),P:1e-16	Tpos:39.3,Tstd:20.3,Bpos:48.3,Bstd:30.2,StrandBias:0.3,Multiplicity:1.02
0.038	0.842	0.076	0.044
0.001	0.076	0.001	0.922
0.769	0.076	0.001	0.154
0.038	0.040	0.038	0.884
0.228	0.038	0.076	0.658
0.771	0.075	0.153	0.001
0.884	0.078	0.037	0.001
0.887	0.001	0.037	0.075
0.116	0.038	0.808	0.038
0.083	0.076	0.725	0.116
0.037	0.001	0.886	0.076
0.037	0.078	0.884	0.001
>GATGACACGGAG	14-GATGACACGGAG	11.395714	-37.347882	0	T:17.0(0.30%),B:6.3(0.02%),P:1e-16	Tpos:57.1,Tstd:22.3,Bpos:62.6,Bstd:17.6,StrandBias:0.8,Multiplicity:1.00
0.001	0.001	0.997	0.001
0.478	0.174	0.261	0.087
0.261	0.021	0.001	0.717
0.001	0.173	0.825	0.001
0.651	0.347	0.001	0.001
0.001	0.997	0.001	0.001
0.912	0.001	0.001	0.086
0.173	0.825	0.001	0.001
0.001	0.001	0.825	0.173
0.001	0.001	0.997	0.001
0.912	0.001	0.086	0.001
0.001	0.001	0.997	0.001
>GCTGCTGCTGCT	15-GCTGCTGCTGCT	6.576847	-36.546507	0	T:590.0(10.30%),B:3006.6(7.32%),P:1e-15	Tpos:52.2,Tstd:26.7,Bpos:50.5,Bstd:29.6,StrandBias:-0.3,Multiplicity:1.12
0.012	0.194	0.659	0.135
0.113	0.682	0.102	0.103
0.202	0.017	0.120	0.661
0.001	0.064	0.825	0.110
0.031	0.841	0.069	0.059
0.086	0.100	0.030	0.784
0.001	0.076	0.767	0.156
0.034	0.645	0.100	0.221
0.103	0.012	0.157	0.728
0.018	0.158	0.676	0.148
0.041	0.784	0.087	0.088
0.124	0.158	0.020	0.698
>TGAAGTAGATGC	16-TGAAGTAGATGC	11.621091	-34.939969	0	T:10.0(0.17%),B:2.0(0.00%),P:1e-15	Tpos:40.0,Tstd:17.7,Bpos:25.0,Bstd:0.0,StrandBias:-1.2,Multiplicity:1.00
0.001	0.001	0.110	0.888
0.110	0.001	0.888	0.001
0.997	0.001	0.001	0.001
0.997	0.001	0.001	0.001
0.001	0.001	0.997	0.001
0.001	0.111	0.111	0.777
0.888	0.001	0.110	0.001
0.001	0.001	0.888	0.110
0.888	0.001	0.001	0.110
0.001	0.001	0.001	0.997
0.001	0.001	0.997	0.001
0.001	0.888	0.001	0.110
>GTGCGCACGCGT	17-GTGCGCACGCGT	10.409522	-33.899419	0	T:14.0(0.24%),B:4.7(0.01%),P:1e-14	Tpos:30.9,Tstd:18.7,Bpos:54.6,Bstd:19.9,StrandBias:1.0,Multiplicity:1.00
0.100	0.100	0.700	0.100
0.100	0.100	0.100	0.700
0.100	0.100	0.700	0.100
0.100	0.700	0.100	0.100
0.100	0.100	0.700	0.100
0.100	0.700	0.100	0.100
0.700	0.100	0.100	0.100
0.100	0.700	0.100	0.100
0.100	0.100	0.700	0.100
0.100	0.700	0.100	0.100
0.100	0.100	0.700	0.100
0.100	0.100	0.100	0.700
>GTTGGGGGTGTT	18-GTTGGGGGTGTT	8.810716	-30.965114	0	T:81.0(1.41%),B:221.7(0.54%),P:1e-13	Tpos:52.7,Tstd:22.0,Bpos:51.0,Bstd:25.9,StrandBias:1.6,Multiplicity:1.00
0.081	0.048	0.731	0.140
0.065	0.081	0.048	0.806
0.034	0.016	0.044	0.906
0.048	0.016	0.871	0.065
0.016	0.032	0.904	0.048
0.034	0.048	0.891	0.027
0.129	0.016	0.790	0.065
0.048	0.097	0.790	0.065
0.050	0.032	0.032	0.886
0.016	0.065	0.871	0.048
0.113	0.048	0.094	0.745
0.086	0.048	0.044	0.822
>CCAATGGGGGGC	19-CCAATGGGGGGC	13.359868	-30.841757	0	T:12.0(0.21%),B:3.1(0.01%),P:1e-13	Tpos:37.7,Tstd:20.8,Bpos:47.2,Bstd:19.0,StrandBias:1.6,Multiplicity:1.00
0.001	0.997	0.001	0.001
0.001	0.997	0.001	0.001
0.905	0.093	0.001	0.001
0.813	0.093	0.093	0.001
0.001	0.001	0.093	0.905
0.001	0.001	0.997	0.001
0.001	0.001	0.997	0.001
0.001	0.093	0.905	0.001
0.001	0.093	0.813	0.093
0.064	0.093	0.842	0.001
0.001	0.001	0.997	0.001
0.093	0.905	0.001	0.001
>ACCGGAGCGCTG	20-ACCGGAGCGCTG	10.409522	-30.664434	0	T:9.0(0.16%),B:1.4(0.00%),P:1e-13	Tpos:41.1,Tstd:18.2,Bpos:77.3,Bstd:2.9,StrandBias:1.0,Multiplicity:1.00
0.700	0.100	0.100	0.100
0.100	0.700	0.100	0.100
0.100	0.700	0.100	0.100
0.100	0.100	0.700	0.100
0.100	0.100	0.700	0.100
0.700	0.100	0.100	0.100
0.100	0.100	0.700	0.100
0.100	0.700	0.100	0.100
0.100	0.100	0.700	0.100
0.100	0.700	0.100	0.100
0.100	0.100	0.100	0.700
0.100	0.100	0.700	0.100
>NGGTCACGTGAC	21-NGGTCACGTGAC	10.309011	-26.987075	0	T:25.0(0.44%),B:29.1(0.07%),P:1e-11	Tpos:34.1,Tstd:20.1,Bpos:61.8,Bstd:28.9,StrandBias:-0.3,Multiplicity:1.08
0.265	0.213	0.323	0.200
0.001	0.070	0.924	0.005
0.064	0.064	0.871	0.001
0.001	0.199	0.070	0.730
0.001	0.997	0.001	0.001
0.871	0.064	0.001	0.064
0.129	0.806	0.064	0.001
0.001	0.064	0.934	0.001
0.064	0.001	0.001	0.934
0.001	0.001	0.997	0.001
0.930	0.064	0.005	0.001
0.001	0.806	0.129	0.064
>ATTTGATGATCG	22-ATTTGATGATCG	10.409522	-26.494148	0	T:8.0(0.14%),B:0.5(0.00%),P:1e-11	Tpos:57.0,Tstd:24.6,Bpos:78.0,Bstd:0.0,StrandBias:1.6,Multiplicity:1.00
0.700	0.100	0.100	0.100
0.100	0.100	0.100	0.700
0.100	0.100	0.100	0.700
0.100	0.100	0.100	0.700
0.100	0.100	0.700	0.100
0.700	0.100	0.100	0.100
0.100	0.100	0.100	0.700
0.100	0.100	0.700	0.100
0.700	0.100	0.100	0.100
0.100	0.100	0.100	0.700
0.100	0.700	0.100	0.100
0.100	0.100	0.700	0.100
>RCAGYAGTRASA	23-RCAGYAGTRASA	9.855019	-20.513678	0	T:39.0(0.68%),B:89.2(0.22%),P:1e-8	Tpos:59.4,Tstd:24.5,Bpos:44.8,Bstd:22.1,StrandBias:1.5,Multiplicity:1.00
0.433	0.001	0.565	0.001
0.001	0.997	0.001	0.001
0.952	0.046	0.001	0.001
0.001	0.001	0.997	0.001
0.001	0.562	0.001	0.436
0.858	0.047	0.001	0.094
0.049	0.241	0.616	0.094
0.001	0.143	0.047	0.809
0.485	0.094	0.420	0.001
0.673	0.144	0.182	0.001
0.049	0.384	0.470	0.097
0.916	0.001	0.082	0.001
>GCCCTTCGCGTA	24-GCCCTTCGCGTA	7.456227	-9.601069	0	T:46.0(0.80%),B:176.7(0.43%),P:1e-4	Tpos:51.2,Tstd:26.4,Bpos:55.7,Bstd:30.7,StrandBias:-0.6,Multiplicity:1.00
0.078	0.118	0.740	0.064
0.123	0.758	0.073	0.046
0.068	0.799	0.082	0.051
0.037	0.748	0.050	0.165
0.055	0.032	0.060	0.853
0.055	0.068	0.041	0.836
0.046	0.712	0.077	0.165
0.041	0.055	0.721	0.183
0.028	0.931	0.032	0.009
0.045	0.111	0.803	0.041
0.046	0.073	0.100	0.781
0.763	0.050	0.041	0.146
>KGGAGRRGGAGV	25-KGGAGRRGGAGV	10.436439	-8.662671	0	T:30.0(0.52%),B:102.2(0.25%),P:1e-3	Tpos:47.8,Tstd:26.0,Bpos:67.6,Bstd:25.0,StrandBias:0.5,Multiplicity:1.00
0.021	0.137	0.346	0.495
0.021	0.051	0.889	0.039
0.192	0.167	0.624	0.017
0.733	0.024	0.061	0.182
0.182	0.026	0.775	0.017
0.333	0.055	0.471	0.141
0.421	0.035	0.367	0.177
0.049	0.030	0.844	0.077
0.048	0.072	0.833	0.047
0.741	0.032	0.181	0.046
0.065	0.060	0.845	0.030
0.342	0.276	0.211	0.171
>TTCCGG	1-TTCCGG	4.898463	-127.643447	0	T:651.0(11.36%),B:2415.8(5.88%),P:1e-55	Tpos:47.7,Tstd:24.8,Bpos:50.0,Bstd:37.3,StrandBias:-0.1,Multiplicity:1.20
0.077	0.001	0.001	0.921
0.045	0.001	0.001	0.953
0.001	0.997	0.001	0.001
0.001	0.997	0.001	0.001
0.001	0.001	0.997	0.001
0.001	0.201	0.797	0.001
>GAGGAG	2-GAGGAG	4.194321	-108.538011	0	T:3509.0(61.24%),B:21252.1(51.72%),P:1e-47	Tpos:50.9,Tstd:26.0,Bpos:49.6,Bstd:31.8,StrandBias:1.0,Multiplicity:1.89
0.001	0.001	0.997	0.001
0.875	0.001	0.123	0.001
0.211	0.001	0.749	0.039
0.077	0.062	0.860	0.001
0.885	0.001	0.113	0.001
0.093	0.001	0.905	0.001
>GAYGWT	3-GAYGWT	4.137076	-92.838695	0	T:1916.0(33.44%),B:10480.5(25.50%),P:1e-40	Tpos:51.4,Tstd:27.7,Bpos:50.2,Bstd:31.5,StrandBias:0.3,Multiplicity:1.22
0.001	0.093	0.905	0.001
0.523	0.292	0.184	0.001
0.159	0.323	0.140	0.379
0.001	0.001	0.893	0.105
0.426	0.156	0.001	0.417
0.209	0.256	0.001	0.534
>CGTCAT	4-CGTCAT	5.182994	-73.191211	0	T:903.0(15.76%),B:4372.4(10.64%),P:1e-31	Tpos:51.7,Tstd:27.9,Bpos:50.3,Bstd:32.3,StrandBias:-0.4,Multiplicity:1.22
0.001	0.932	0.066	0.001
0.106	0.001	0.892	0.001
0.001	0.172	0.025	0.802
0.018	0.963	0.001	0.018
0.952	0.001	0.014	0.033
0.025	0.288	0.088	0.599
>CCCCTT	5-CCCCTT	3.509444	-72.052305	0	T:2477.0(43.23%),B:14672.3(35.70%),P:1e-31	Tpos:48.3,Tstd:26.5,Bpos:50.0,Bstd:31.3,StrandBias:-0.2,Multiplicity:1.20
0.001	0.817	0.181	0.001
0.001	0.674	0.324	0.001
0.001	0.997	0.001	0.001
0.001	0.713	0.001	0.285
0.001	0.025	0.001	0.973
0.164	0.001	0.001	0.834
>GCAGCT	6-GCAGCT	5.549694	-63.642205	0	T:1276.0(22.27%),B:6837.1(16.64%),P:1e-27	Tpos:52.6,Tstd:27.9,Bpos:50.4,Bstd:31.5,StrandBias:-0.1,Multiplicity:1.10
0.001	0.001	0.997	0.001
0.085	0.913	0.001	0.001
0.775	0.115	0.001	0.109
0.117	0.001	0.828	0.054
0.001	0.848	0.001	0.150
0.101	0.001	0.001	0.897
>GAKTGG	7-GAKTGG	4.164509	-63.386273	0	T:2616.0(45.65%),B:15834.9(38.53%),P:1e-27	Tpos:50.0,Tstd:27.0,Bpos:49.9,Bstd:31.3,StrandBias:0.7,Multiplicity:1.30
0.292	0.116	0.559	0.033
0.641	0.072	0.231	0.056
0.001	0.241	0.340	0.417
0.116	0.202	0.001	0.681
0.001	0.268	0.730	0.001
0.001	0.001	0.997	0.001
>KGCGAA	8-KGCGAA	3.744969	-45.277860	0	T:797.0(13.91%),B:4137.3(10.07%),P:1e-19	Tpos:49.7,Tstd:27.1,Bpos:49.8,Bstd:36.4,StrandBias:0.0,Multiplicity:1.15
0.001	0.001	0.433	0.565
0.001	0.272	0.473	0.254
0.001	0.997	0.001	0.001
0.001	0.001	0.997	0.001
0.688	0.039	0.001	0.272
0.997	0.001	0.001	0.001
>CGTTTG	9-CGTTTG	5.650365	-43.351876	0	T:364.0(6.35%),B:1586.9(3.86%),P:1e-18	Tpos:50.5,Tstd:28.1,Bpos:51.4,Bstd:34.4,StrandBias:0.6,Multiplicity:1.04
0.001	0.997	0.001	0.001
0.001	0.001	0.997	0.001
0.085	0.001	0.365	0.549
0.001	0.001	0.001	0.997
0.001	0.001	0.128	0.870
0.001	0.001	0.997	0.001
>GTACTG	10-GTACTG	5.783113	-33.605746	0	T:675.0(11.78%),B:3583.0(8.72%),P:1e-14	Tpos:51.5,Tstd:28.1,Bpos:49.4,Bstd:30.1,StrandBias:0.1,Multiplicity:1.07
0.001	0.001	0.997	0.001
0.232	0.001	0.001	0.766
0.997	0.001	0.001	0.001
0.001	0.816	0.001	0.182
0.001	0.001	0.128	0.870
0.001	0.001	0.997	0.001
>GTAACG	11-GTAACG	4.728672	-30.801754	0	T:774.0(13.51%),B:4262.4(10.37%),P:1e-13	Tpos:49.2,Tstd:27.9,Bpos:49.1,Bstd:33.8,StrandBias:0.2,Multiplicity:1.04
0.051	0.001	0.947	0.001
0.070	0.169	0.001	0.760
0.881	0.043	0.001	0.075
0.714	0.058	0.137	0.091
0.001	0.916	0.082	0.001
0.057	0.038	0.820	0.085
>ATCGAC	12-ATCGAC	5.153110	-25.423178	0	T:281.0(4.90%),B:1321.5(3.22%),P:1e-11	Tpos:51.9,Tstd:28.5,Bpos:49.4,Bstd:36.4,StrandBias:-0.1,Multiplicity:1.02
0.918	0.001	0.080	0.001
0.128	0.172	0.001	0.699
0.001	0.997	0.001	0.001
0.001	0.001	0.997	0.001
0.997	0.001	0.001	0.001
0.160	0.762	0.001	0.077
>CTCKCG	13-CTCKCG	7.454111	-19.309518	0	T:376.0(6.56%),B:1988.1(4.84%),P:1e-8	Tpos:45.4,Tstd:26.6,Bpos:51.5,Bstd:38.8,StrandBias:-0.4,Multiplicity:1.08
0.001	0.997	0.001	0.001
0.001	0.001	0.001	0.997
0.001	0.997	0.001	0.001
0.001	0.001	0.570	0.428
0.001	0.997	0.001	0.001
0.001	0.001	0.997	0.001
>ACTTCCGG	1-ACTTCCGG	9.631208	-145.804004	0	T:156.0(2.72%),B:199.7(0.49%),P:1e-63	Tpos:42.7,Tstd:22.0,Bpos:46.8,Bstd:39.9,StrandBias:-0.3,Multiplicity:1.09
0.727	0.001	0.271	0.001
0.001	0.997	0.001	0.001
0.001	0.001	0.001	0.997
0.023	0.001	0.001	0.975
0.001	0.997	0.001	0.001
0.001	0.997	0.001	0.001
0.001	0.001	0.997	0.001
0.001	0.105	0.893	0.001
>GGGGGGGG	2-GGGGGGGG	5.107537	-103.646139	0	T:1627.0(28.39%),B:8434.1(20.52%),P:1e-45	Tpos:41.8,Tstd:22.9,Bpos:49.6,Bstd:32.6,StrandBias:0.9,Multiplicity:1.47
0.202	0.013	0.638	0.147
0.064	0.001	0.869	0.066
0.104	0.079	0.786	0.031
0.050	0.112	0.798	0.040
0.067	0.076	0.796	0.061
0.099	0.078	0.743	0.080
0.098	0.031	0.780	0.091
0.179	0.117	0.592	0.112
>GCGGAAAA	3-GCGGAAAA	4.372636	-98.404561	0	T:1355.0(23.65%),B:6796.6(16.54%),P:1e-42	Tpos:51.9,Tstd:25.4,Bpos:49.8,Bstd:33.4,StrandBias:0.4,Multiplicity:1.09
0.001	0.295	0.703	0.001
0.001	0.723	0.275	0.001
0.001	0.075	0.923	0.001
0.185	0.222	0.592	0.001
0.741	0.148	0.110	0.001
0.936	0.001	0.062	0.001
0.955	0.001	0.043	0.001
0.754	0.001	0.099	0.146
>GCCGCTTT	4-GCCGCTTT	4.218923	-95.645375	0	T:2124.0(37.07%),B:11811.5(28.74%),P:1e-41	Tpos:52.5,Tstd:26.6,Bpos:49.8,Bstd:32.7,StrandBias:-0.2,Multiplicity:1.30
0.062	0.057	0.748	0.133
0.081	0.761	0.084	0.074
0.118	0.705	0.123	0.054
0.075	0.091	0.790	0.044
0.044	0.764	0.101	0.091
0.048	0.146	0.031	0.775
0.144	0.059	0.067	0.730
0.072	0.115	0.083	0.730
>GATGACGA	5-GATGACGA	4.548664	-93.853929	0	T:1777.0(31.01%),B:9553.3(23.25%),P:1e-40	Tpos:54.3,Tstd:27.2,Bpos:49.5,Bstd:31.7,StrandBias:0.9,Multiplicity:1.22
0.090	0.101	0.706	0.103
0.708	0.143	0.056	0.093
0.121	0.122	0.060	0.697
0.026	0.001	0.972	0.001
0.756	0.078	0.165	0.001
0.127	0.585	0.127	0.161
0.068	0.113	0.818	0.001
0.782	0.031	0.088	0.099
>TGGAGGAG	6-TGGAGGAG	4.594551	-91.231187	0	T:2343.0(40.89%),B:13367.8(32.53%),P:1e-39	Tpos:53.2,Tstd:26.2,Bpos:49.9,Bstd:29.2,StrandBias:1.1,Multiplicity:1.20
0.068	0.080	0.053	0.799
0.085	0.043	0.790	0.082
0.083	0.035	0.731	0.151
0.685	0.082	0.113	0.120
0.091	0.058	0.759	0.092
0.066	0.178	0.664	0.092
0.781	0.041	0.105	0.073
0.077	0.065	0.795	0.063
>RYGWCGHM	7-RYGWCGHM	3.934296	-70.633766	0	T:1115.0(19.46%),B:5707.6(13.89%),P:1e-30	Tpos:49.4,Tstd:27.8,Bpos:50.3,Bstd:37.7,StrandBias:-0.3,Multiplicity:1.12
0.317	0.169	0.342	0.173
0.246	0.416	0.001	0.337
0.307	0.001	0.603	0.089
0.425	0.001	0.234	0.340
0.001	0.942	0.001	0.056
0.207	0.001	0.636	0.156
0.321	0.240	0.089	0.350
0.325	0.432	0.012	0.231
>CCGATTGG	8-CCGATTGG	6.172177	-66.424909	0	T:282.0(4.92%),B:964.5(2.35%),P:1e-28	Tpos:38.9,Tstd:26.9,Bpos:48.4,Bstd:32.4,StrandBias:0.3,Multiplicity:1.01
0.007	0.779	0.195	0.019
0.001	0.813	0.079	0.107
0.061	0.090	0.767	0.082
0.978	0.001	0.020	0.001
0.027	0.037	0.030	0.906
0.015	0.001	0.013	0.971
0.001	0.012	0.944	0.043
0.001	0.067	0.931	0.001
>YGTTACGK	9-YGTTACGK	4.673072	-65.883457	0	T:786.0(13.72%),B:3767.9(9.17%),P:1e-28	Tpos:48.1,Tstd:26.7,Bpos:51.0,Bstd:35.1,StrandBias:-0.0,Multiplicity:1.09
0.050	0.455	0.137	0.359
0.049	0.140	0.790	0.021
0.019	0.098	0.127	0.756
0.104	0.189	0.158	0.549
0.646	0.223	0.007	0.124
0.014	0.961	0.001	0.024
0.014	0.297	0.598	0.091
0.037	0.131	0.482	0.350
>GCTGTTGA	10-GCTGTTGA	5.621765	-54.772111	0	T:615.0(10.73%),B:2897.0(7.05%),P:1e-23	Tpos:50.8,Tstd:27.4,Bpos:50.8,Bstd:30.1,StrandBias:0.5,Multiplicity:1.04
0.043	0.075	0.802	0.080
0.105	0.745	0.081	0.069
0.070	0.056	0.128	0.746
0.075	0.047	0.782	0.096
0.110	0.060	0.059	0.771
0.055	0.089	0.056	0.800
0.089	0.078	0.760	0.073
0.600	0.232	0.075	0.093
>MWTCGGAT	11-MWTCGGAT	5.158534	-52.932716	0	T:692.0(12.08%),B:3379.8(8.22%),P:1e-22	Tpos:51.4,Tstd:28.8,Bpos:49.9,Bstd:31.1,StrandBias:0.0,Multiplicity:1.04
0.388	0.495	0.115	0.001
0.476	0.001	0.148	0.375
0.056	0.332	0.083	0.529
0.001	0.997	0.001	0.001
0.223	0.087	0.531	0.159
0.116	0.001	0.882	0.001
0.829	0.001	0.169	0.001
0.151	0.055	0.001	0.793
>CCTTTTCC	12-CCTTTTCC	5.844707	-50.402590	0	T:828.0(14.45%),B:4245.0(10.33%),P:1e-21	Tpos:51.1,Tstd:26.9,Bpos:50.3,Bstd:32.1,StrandBias:-0.6,Multiplicity:1.05
0.063	0.814	0.064	0.059
0.001	0.919	0.001	0.079
0.060	0.001	0.026	0.913
0.001	0.090	0.081	0.828
0.001	0.043	0.001	0.955
0.001	0.106	0.109	0.784
0.025	0.923	0.051	0.001
0.031	0.861	0.011	0.097
>TCTCCGGT	13-TCTCCGGT	4.833960	-46.775316	0	T:730.0(12.74%),B:3700.8(9.01%),P:1e-20	Tpos:51.9,Tstd:27.1,Bpos:50.4,Bstd:31.4,StrandBias:-0.4,Multiplicity:1.03
0.106	0.093	0.056	0.745
0.092	0.732	0.062	0.114
0.114	0.041	0.061	0.784
0.041	0.758	0.069	0.132
0.081	0.737	0.073	0.109
0.057	0.053	0.805	0.085
0.084	0.122	0.716	0.078
0.107	0.081	0.084	0.728
>TCTCGCGA	14-TCTCGCGA	7.642700	-40.024725	0	T:45.0(0.79%),B:63.5(0.15%),P:1e-17	Tpos:34.8,Tstd:23.2,Bpos:54.2,Bstd:40.3,StrandBias:-0.1,Multiplicity:1.05
0.001	0.093	0.001	0.905
0.088	0.910	0.001	0.001
0.001	0.001	0.129	0.869
0.001	0.997	0.001	0.001
0.001	0.001	0.997	0.001
0.001	0.997	0.001	0.001
0.045	0.001	0.953	0.001
0.997	0.001	0.001	0.001
>GCATGCGC	15-GCATGCGC	6.672316	-39.848383	0	T:262.0(4.57%),B:1060.8(2.58%),P:1e-17	Tpos:39.7,Tstd:23.6,Bpos:50.6,Bstd:35.7,StrandBias:0.1,Multiplicity:1.09
0.040	0.001	0.958	0.001
0.001	0.997	0.001	0.001
0.759	0.124	0.116	0.001
0.047	0.001	0.001	0.951
0.001	0.001	0.997	0.001
0.001	0.997	0.001	0.001
0.001	0.001	0.875	0.123
0.001	0.936	0.001	0.062
>GGCSAGTW	16-GGCSAGTW	6.273592	-39.160687	0	T:414.0(7.23%),B:1919.7(4.67%),P:1e-17	Tpos:56.3,Tstd:27.8,Bpos:50.2,Bstd:29.4,StrandBias:0.8,Multiplicity:1.03
0.151	0.274	0.442	0.133
0.001	0.112	0.886	0.001
0.001	0.625	0.001	0.373
0.001	0.513	0.485	0.001
0.928	0.001	0.001	0.070
0.001	0.001	0.654	0.344
0.001	0.001	0.001	0.997
0.354	0.001	0.167	0.478
>GTACTGTC	17-GTACTGTC	6.887526	-31.535537	0	T:172.0(3.00%),B:655.5(1.60%),P:1e-13	Tpos:49.1,Tstd:28.0,Bpos:50.0,Bstd:28.1,StrandBias:-0.3,Multiplicity:1.02
0.018	0.073	0.793	0.116
0.063	0.001	0.019	0.917
0.800	0.058	0.141	0.001
0.001	0.909	0.089	0.001
0.001	0.001	0.063	0.935
0.061	0.070	0.836	0.033
0.059	0.038	0.046	0.857
0.019	0.952	0.028	0.001
>CTGATCGA	18-CTGATCGA	7.263306	-31.474299	0	T:99.0(1.73%),B:298.2(0.73%),P:1e-13	Tpos:49.7,Tstd:26.9,Bpos:48.2,Bstd:30.4,StrandBias:-0.3,Multiplicity:1.01
0.015	0.826	0.054	0.105
0.088	0.037	0.001	0.874
0.049	0.001	0.949	0.001
0.836	0.001	0.153	0.010
0.001	0.001	0.067	0.931
0.087	0.675	0.037	0.201
0.026	0.001	0.972	0.001
0.952	0.014	0.033	0.001
>CAGTCGGT	19-CAGTCGGT	9.192850	-28.193812	0	T:39.0(0.68%),B:68.1(0.17%),P:1e-12	Tpos:56.4,Tstd:26.8,Bpos:41.0,Bstd:27.4,StrandBias:-0.1,Multiplicity:1.00
0.001	0.997	0.001	0.001
0.997	0.001	0.001	0.001
0.001	0.001	0.997	0.001
0.001	0.001	0.001	0.997
0.001	0.997	0.001	0.001
0.001	0.001	0.997	0.001
0.210	0.001	0.788	0.001
0.001	0.271	0.001	0.727
>TTTTTTTA	20-TTTTTTTA	7.446812	-22.925708	0	T:651.0(11.36%),B:3648.3(8.88%),P:1e-9	Tpos:53.1,Tstd:30.2,Bpos:50.9,Bstd:31.7,StrandBias:0.9,Multiplicity:1.12
0.001	0.001	0.377	0.621
0.001	0.142	0.120	0.737
0.001	0.001	0.001	0.997
0.001	0.001	0.001	0.997
0.134	0.001	0.001	0.864
0.001	0.001	0.001	0.997
0.261	0.001	0.001	0.737
0.584	0.414	0.001	0.001
>CGTTGGAT	21-CGTTGGAT	7.258672	-20.304071	0	T:79.0(1.38%),B:267.8(0.65%),P:1e-8	Tpos:49.0,Tstd:31.0,Bpos:48.5,Bstd:31.9,StrandBias:0.1,Multiplicity:1.00
0.001	0.831	0.001	0.167
0.001	0.036	0.925	0.038
0.001	0.072	0.001	0.926
0.001	0.001	0.001	0.997
0.001	0.054	0.874	0.071
0.001	0.001	0.816	0.182
0.783	0.215	0.001	0.001
0.001	0.078	0.028	0.893
>CAGCGACT	22-CAGCGACT	7.011128	-19.571520	0	T:124.0(2.16%),B:503.7(1.23%),P:1e-8	Tpos:50.3,Tstd:26.0,Bpos:45.8,Bstd:30.3,StrandBias:-1.0,Multiplicity:1.00
0.246	0.605	0.001	0.148
0.925	0.001	0.001	0.073
0.149	0.172	0.421	0.259
0.001	0.997	0.001	0.001
0.271	0.001	0.727	0.001
0.851	0.074	0.001	0.074
0.001	0.997	0.001	0.001
0.148	0.001	0.148	0.703
>GAWGGTAT	23-GAWGGTAT	7.130771	-18.124360	0	T:166.0(2.90%),B:750.2(1.83%),P:1e-7	Tpos:50.0,Tstd:27.0,Bpos:48.6,Bstd:28.9,StrandBias:0.7,Multiplicity:1.01
0.143	0.001	0.855	0.001
0.812	0.186	0.001	0.001
0.387	0.187	0.019	0.407
0.001	0.001	0.997	0.001
0.071	0.167	0.722	0.040
0.135	0.099	0.001	0.765
0.802	0.001	0.196	0.001
0.063	0.070	0.001	0.866
>GGATGTAG	24-GGATGTAG	8.236954	-16.144952	0	T:28.0(0.49%),B:61.2(0.15%),P:1e-7	Tpos:53.2,Tstd:25.6,Bpos:53.9,Bstd:30.1,StrandBias:0.7,Multiplicity:1.04
0.100	0.100	0.700	0.100
0.100	0.100	0.700	0.100
0.700	0.100	0.100	0.100
0.100	0.100	0.100	0.700
0.100	0.100	0.700	0.100
0.100	0.100	0.100	0.700
0.700	0.100	0.100	0.100
0.100	0.100	0.700	0.100
>GTTTCCGG	25-GTTTCCGG	9.888415	-15.508069	0	T:39.0(0.68%),B:108.2(0.26%),P:1e-6	Tpos:48.1,Tstd:22.9,Bpos:40.6,Bstd:38.1,StrandBias:-0.8,Multiplicity:1.00
0.001	0.001	0.997	0.001
0.001	0.001	0.001	0.997
0.001	0.001	0.001	0.997
0.001	0.001	0.307	0.691
0.001	0.997	0.001	0.001
0.001	0.997	0.001	0.001
0.001	0.001	0.997	0.001
0.001	0.001	0.997	0.001
