>ACCGGAAGYR	1-ACCGGAAGYR	7.247145	-237.543636	0	T:349.0(6.09%),B:607.8(1.49%),P:1e-103	Tpos:45.1,Tstd:21.9,Bpos:52.2,Bstd:37.6,StrandBias:0.4,Multiplicity:1.18
0.544	0.096	0.297	0.063
0.122	0.529	0.266	0.083
0.049	0.949	0.001	0.001
0.001	0.035	0.944	0.020
0.001	0.001	0.997	0.001
0.902	0.051	0.046	0.001
0.903	0.023	0.039	0.035
0.264	0.032	0.618	0.086
0.218	0.303	0.100	0.379
0.238	0.201	0.377	0.185
>GAAGATGATG	2-GAAGATGATG	5.738503	-136.025051	0	T:1178.0(20.54%),B:5229.2(12.83%),P:1e-59	Tpos:54.8,Tstd:25.8,Bpos:50.2,Bstd:31.7,StrandBias:1.6,Multiplicity:1.16
0.086	0.081	0.811	0.022
0.696	0.060	0.149	0.095
0.616	0.031	0.163	0.190
0.054	0.050	0.846	0.050
0.730	0.054	0.145	0.071
0.156	0.041	0.196	0.607
0.016	0.021	0.910	0.053
0.609	0.033	0.252	0.106
0.185	0.243	0.122	0.449
0.073	0.092	0.766	0.069
>GYCCCGCCCM	3-GYCCCGCCCM	8.697314	-132.759560	0	T:401.0(6.99%),B:1153.4(2.83%),P:1e-57	Tpos:32.8,Tstd:21.3,Bpos:49.8,Bstd:36.6,StrandBias:-0.8,Multiplicity:1.21
0.284	0.050	0.665	0.001
0.001	0.472	0.039	0.488
0.215	0.474	0.001	0.310
0.205	0.793	0.001	0.001
0.001	0.997	0.001	0.001
0.057	0.001	0.941	0.001
0.001	0.997	0.001	0.001
0.001	0.997	0.001	0.001
0.001	0.724	0.084	0.191
0.282	0.409	0.203	0.106
>RGGGGGGGGG	4-RGGGGGGGGG	5.880205	-124.285700	0	T:1367.0(23.84%),B:6479.8(15.90%),P:1e-53	Tpos:43.3,Tstd:22.2,Bpos:50.1,Bstd:31.4,StrandBias:1.0,Multiplicity:1.22
0.360	0.057	0.424	0.160
0.322	0.016	0.539	0.123
0.264	0.001	0.615	0.120
0.180	0.001	0.811	0.008
0.170	0.001	0.828	0.001
0.082	0.074	0.831	0.013
0.134	0.098	0.734	0.034
0.130	0.075	0.731	0.064
0.227	0.016	0.683	0.074
0.306	0.001	0.690	0.003
>TGCGCATGCG	5-TGCGCATGCG	6.595000	-91.718344	0	T:166.0(2.90%),B:343.3(0.84%),P:1e-39	Tpos:41.4,Tstd:20.9,Bpos:53.7,Bstd:39.3,StrandBias:0.1,Multiplicity:1.11
0.141	0.200	0.196	0.463
0.222	0.033	0.612	0.133
0.204	0.596	0.144	0.056
0.138	0.086	0.642	0.134
0.115	0.595	0.198	0.092
0.542	0.202	0.109	0.147
0.209	0.118	0.240	0.433
0.042	0.067	0.739	0.152
0.074	0.694	0.104	0.128
0.136	0.091	0.620	0.153
>GTGGAGGAGA	6-GTGGAGGAGA	6.589349	-81.012937	0	T:785.0(13.69%),B:3546.5(8.70%),P:1e-35	Tpos:51.6,Tstd:26.8,Bpos:49.7,Bstd:31.2,StrandBias:1.2,Multiplicity:1.05
0.070	0.072	0.785	0.073
0.091	0.051	0.075	0.783
0.030	0.033	0.902	0.035
0.048	0.036	0.857	0.059
0.788	0.081	0.058	0.073
0.072	0.049	0.798	0.081
0.105	0.060	0.795	0.040
0.848	0.078	0.030	0.044
0.093	0.087	0.746	0.074
0.700	0.108	0.104	0.088
>GCWGCYGCTG	7-GCWGCYGCTG	4.741736	-78.603057	0	T:1751.0(30.54%),B:9561.1(23.45%),P:1e-34	Tpos:51.9,Tstd:26.9,Bpos:50.1,Bstd:29.7,StrandBias:-0.1,Multiplicity:1.28
0.245	0.092	0.481	0.181
0.039	0.844	0.052	0.065
0.466	0.037	0.020	0.477
0.070	0.102	0.778	0.050
0.035	0.602	0.077	0.286
0.187	0.345	0.033	0.436
0.340	0.036	0.570	0.054
0.056	0.831	0.054	0.059
0.357	0.101	0.006	0.536
0.204	0.066	0.692	0.038
>TSACGTCACN	8-TSACGTCACN	7.243500	-72.196092	0	T:188.0(3.28%),B:497.5(1.22%),P:1e-31	Tpos:36.0,Tstd:23.0,Bpos:51.2,Bstd:33.4,StrandBias:-0.2,Multiplicity:1.07
0.001	0.323	0.176	0.500
0.001	0.438	0.375	0.186
0.837	0.001	0.161	0.001
0.001	0.997	0.001	0.001
0.187	0.001	0.811	0.001
0.001	0.001	0.001	0.997
0.001	0.581	0.417	0.001
0.724	0.001	0.274	0.001
0.001	0.472	0.240	0.287
0.294	0.307	0.219	0.180
>ATCGCCGCCA	9-ATCGCCGCCA	5.082269	-71.285299	0	T:628.0(10.95%),B:2756.1(6.76%),P:1e-30	Tpos:56.4,Tstd:26.8,Bpos:50.2,Bstd:35.5,StrandBias:-0.6,Multiplicity:1.09
0.661	0.119	0.126	0.094
0.121	0.109	0.104	0.666
0.128	0.648	0.097	0.127
0.130	0.104	0.658	0.108
0.025	0.761	0.125	0.089
0.092	0.701	0.114	0.093
0.121	0.101	0.706	0.072
0.110	0.714	0.115	0.061
0.040	0.822	0.129	0.009
0.664	0.101	0.118	0.117
>CATCAGCAGT	10-CATCAGCAGT	7.167551	-63.560745	0	T:40.0(0.70%),B:25.7(0.06%),P:1e-27	Tpos:61.8,Tstd:20.5,Bpos:53.5,Bstd:17.1,StrandBias:2.0,Multiplicity:1.00
0.001	0.818	0.001	0.180
0.997	0.001	0.001	0.001
0.001	0.001	0.001	0.997
0.001	0.997	0.001	0.001
0.877	0.121	0.001	0.001
0.001	0.001	0.997	0.001
0.001	0.997	0.001	0.001
0.997	0.001	0.001	0.001
0.001	0.001	0.997	0.001
0.001	0.001	0.008	0.990
>TTTCTACAGG	11-TTTCTACAGG	6.695002	-53.307083	0	T:390.0(6.80%),B:1616.4(3.97%),P:1e-23	Tpos:50.5,Tstd:26.3,Bpos:49.9,Bstd:28.7,StrandBias:0.6,Multiplicity:1.03
0.097	0.058	0.039	0.806
0.059	0.054	0.065	0.822
0.087	0.072	0.062	0.779
0.094	0.694	0.068	0.144
0.042	0.100	0.048	0.810
0.743	0.076	0.111	0.070
0.092	0.736	0.049	0.123
0.884	0.044	0.011	0.061
0.028	0.036	0.886	0.050
0.035	0.064	0.845	0.056
>AGGGGGTGAT	12-AGGGGGTGAT	6.435554	-53.120805	0	T:395.0(6.89%),B:1645.8(4.04%),P:1e-23	Tpos:51.6,Tstd:26.1,Bpos:52.5,Bstd:26.5,StrandBias:0.8,Multiplicity:1.01
0.767	0.049	0.105	0.079
0.056	0.071	0.773	0.100
0.093	0.016	0.799	0.092
0.132	0.007	0.796	0.065
0.096	0.043	0.741	0.120
0.060	0.115	0.678	0.147
0.081	0.001	0.058	0.860
0.001	0.101	0.817	0.081
0.692	0.202	0.032	0.074
0.042	0.082	0.034	0.842
>GGGTAAAGTT	13-GGGTAAAGTT	6.738084	-45.880896	0	T:267.0(4.66%),B:1026.5(2.52%),P:1e-19	Tpos:53.9,Tstd:25.3,Bpos:49.1,Bstd:29.1,StrandBias:1.1,Multiplicity:1.02
0.078	0.049	0.811	0.062
0.045	0.049	0.839	0.067
0.089	0.051	0.784	0.076
0.062	0.098	0.087	0.753
0.797	0.056	0.099	0.048
0.781	0.057	0.082	0.080
0.818	0.023	0.110	0.049
0.097	0.059	0.776	0.068
0.050	0.046	0.083	0.821
0.047	0.075	0.055	0.823
>CCAATCAGVG	14-CCAATCAGVG	7.544814	-44.987901	0	T:77.0(1.34%),B:155.3(0.38%),P:1e-19	Tpos:40.0,Tstd:27.0,Bpos:52.6,Bstd:35.3,StrandBias:0.7,Multiplicity:1.00
0.030	0.665	0.271	0.034
0.043	0.862	0.063	0.032
0.778	0.043	0.054	0.125
0.610	0.072	0.256	0.062
0.066	0.039	0.020	0.875
0.057	0.549	0.349	0.045
0.397	0.240	0.245	0.117
0.033	0.292	0.504	0.171
0.277	0.354	0.209	0.160
0.178	0.047	0.676	0.099
>GGCATTGTTG	15-GGCATTGTTG	7.152525	-38.703980	0	T:131.0(2.28%),B:403.6(0.99%),P:1e-16	Tpos:48.0,Tstd:25.3,Bpos:50.8,Bstd:27.4,StrandBias:0.6,Multiplicity:1.01
0.013	0.079	0.852	0.056
0.104	0.090	0.732	0.074
0.075	0.810	0.043	0.072
0.772	0.113	0.067	0.048
0.106	0.081	0.081	0.732
0.043	0.085	0.063	0.809
0.072	0.024	0.857	0.047
0.104	0.017	0.057	0.822
0.100	0.037	0.064	0.799
0.071	0.061	0.822	0.046
>CCCCTAAAAA	16-CCCCTAAAAA	7.225718	-37.634185	0	T:133.0(2.32%),B:418.8(1.03%),P:1e-16	Tpos:45.1,Tstd:25.7,Bpos:51.7,Bstd:29.2,StrandBias:-1.4,Multiplicity:1.01
0.083	0.738	0.107	0.072
0.065	0.777	0.059	0.099
0.069	0.850	0.018	0.063
0.044	0.902	0.025	0.029
0.064	0.054	0.065	0.817
0.798	0.093	0.042	0.067
0.722	0.074	0.068	0.136
0.830	0.083	0.042	0.045
0.778	0.087	0.046	0.089
0.789	0.086	0.074	0.051
>TGACGCAACA	17-TGACGCAACA	10.259871	-33.799338	0	T:25.0(0.44%),B:21.1(0.05%),P:1e-14	Tpos:39.7,Tstd:25.1,Bpos:46.7,Bstd:27.5,StrandBias:-0.5,Multiplicity:1.12
0.001	0.001	0.001	0.997
0.001	0.001	0.924	0.074
0.825	0.173	0.001	0.001
0.039	0.623	0.081	0.257
0.001	0.001	0.997	0.001
0.001	0.997	0.001	0.001
0.924	0.074	0.001	0.001
0.849	0.001	0.075	0.075
0.001	0.924	0.001	0.074
0.997	0.001	0.001	0.001
>GTMWGTCAGC	18-GTMWGTCAGC	7.716001	-32.246743	0	T:149.0(2.60%),B:528.6(1.30%),P:1e-14	Tpos:52.2,Tstd:25.5,Bpos:49.4,Bstd:28.3,StrandBias:-0.1,Multiplicity:1.02
0.001	0.121	0.877	0.001
0.081	0.021	0.257	0.641
0.448	0.550	0.001	0.001
0.431	0.001	0.139	0.429
0.308	0.001	0.609	0.082
0.001	0.001	0.167	0.831
0.001	0.997	0.001	0.001
0.878	0.001	0.001	0.120
0.001	0.308	0.690	0.001
0.001	0.606	0.001	0.392
>TCCBCTTCTT	19-TCCBCTTCTT	11.999433	-28.594158	0	T:35.0(0.61%),B:54.7(0.13%),P:1e-12	Tpos:68.7,Tstd:15.9,Bpos:75.6,Bstd:20.4,StrandBias:-1.2,Multiplicity:1.00
0.001	0.001	0.001	0.997
0.030	0.968	0.001	0.001
0.141	0.849	0.001	0.009
0.001	0.292	0.289	0.418
0.001	0.997	0.001	0.001
0.001	0.001	0.001	0.997
0.039	0.001	0.001	0.959
0.050	0.749	0.003	0.198
0.074	0.001	0.001	0.924
0.005	0.001	0.001	0.993
>GCTCTAGCCG	20-GCTCTAGCCG	7.364775	-25.064111	0	T:81.0(1.41%),B:247.8(0.61%),P:1e-10	Tpos:46.6,Tstd:25.4,Bpos:48.0,Bstd:31.3,StrandBias:0.0,Multiplicity:1.01
0.035	0.093	0.760	0.112
0.073	0.782	0.055	0.090
0.065	0.039	0.040	0.856
0.022	0.868	0.066	0.044
0.033	0.044	0.084	0.839
0.798	0.057	0.083	0.062
0.048	0.058	0.837	0.057
0.093	0.749	0.102	0.056
0.099	0.787	0.040	0.074
0.088	0.084	0.729	0.099
>CATCCTTCGA	21-CATCCTTCGA	11.055771	-24.122115	0	T:10.0(0.17%),B:3.6(0.01%),P:1e-10	Tpos:36.4,Tstd:26.8,Bpos:68.5,Bstd:15.6,StrandBias:-1.2,Multiplicity:1.00
0.001	0.997	0.001	0.001
0.997	0.001	0.001	0.001
0.401	0.001	0.001	0.597
0.001	0.997	0.001	0.001
0.001	0.997	0.001	0.001
0.001	0.001	0.001	0.997
0.401	0.001	0.001	0.597
0.001	0.825	0.001	0.173
0.001	0.001	0.997	0.001
0.997	0.001	0.001	0.001
>YKTTTTTAAW	22-YKTTTTTAAW	7.995141	-22.683521	0	T:361.0(6.30%),B:1821.3(4.47%),P:1e-9	Tpos:51.9,Tstd:30.7,Bpos:50.1,Bstd:29.8,StrandBias:1.0,Multiplicity:1.08
0.001	0.448	0.001	0.550
0.001	0.236	0.342	0.420
0.062	0.086	0.195	0.657
0.001	0.001	0.001	0.997
0.033	0.001	0.001	0.965
0.001	0.001	0.001	0.997
0.359	0.116	0.001	0.524
0.661	0.001	0.001	0.337
0.569	0.181	0.001	0.249
0.412	0.179	0.001	0.408
>KGGARAAAGT	23-KGGARAAAGT	9.389760	-18.644655	0	T:58.0(1.01%),B:176.7(0.43%),P:1e-8	Tpos:52.8,Tstd:25.6,Bpos:49.2,Bstd:34.7,StrandBias:1.7,Multiplicity:1.00
0.001	0.162	0.350	0.486
0.001	0.080	0.918	0.001
0.001	0.027	0.939	0.033
0.997	0.001	0.001	0.001
0.400	0.081	0.438	0.081
0.797	0.039	0.163	0.001
0.895	0.103	0.001	0.001
0.780	0.218	0.001	0.001
0.001	0.040	0.958	0.001
0.001	0.001	0.128	0.870
>CAGGTAAAAA	24-CAGGTAAAAA	10.296193	-14.935778	0	T:7.0(0.12%),B:3.6(0.01%),P:1e-6	Tpos:77.3,Tstd:28.5,Bpos:49.0,Bstd:24.9,StrandBias:0.0,Multiplicity:1.00
0.100	0.700	0.100	0.100
0.700	0.100	0.100	0.100
0.100	0.100	0.700	0.100
0.100	0.100	0.700	0.100
0.100	0.100	0.100	0.700
0.700	0.100	0.100	0.100
0.700	0.100	0.100	0.100
0.700	0.100	0.100	0.100
0.700	0.100	0.100	0.100
0.700	0.100	0.100	0.100
>GCTGGACCAC	25-GCTGGACCAC	10.296193	-12.118320	0	T:6.0(0.10%),B:3.4(0.01%),P:1e-5	Tpos:55.8,Tstd:25.1,Bpos:47.2,Bstd:8.0,StrandBias:0.0,Multiplicity:1.00
0.100	0.100	0.700	0.100
0.100	0.700	0.100	0.100
0.100	0.100	0.100	0.700
0.100	0.100	0.700	0.100
0.100	0.100	0.700	0.100
0.700	0.100	0.100	0.100
0.100	0.700	0.100	0.100
0.100	0.700	0.100	0.100
0.700	0.100	0.100	0.100
0.100	0.700	0.100	0.100
>NBCACTTCCGGB	1-NBCACTTCCGGB	8.034489	-213.763268	0	T:210.0(3.66%),B:240.3(0.59%),P:1e-92	Tpos:45.6,Tstd:21.0,Bpos:51.2,Bstd:37.3,StrandBias:-0.5,Multiplicity:1.12
0.186	0.327	0.307	0.180
0.088	0.350	0.257	0.305
0.052	0.757	0.104	0.087
0.948	0.001	0.034	0.017
0.001	0.997	0.001	0.001
0.017	0.001	0.075	0.907
0.001	0.001	0.001	0.997
0.001	0.997	0.001	0.001
0.001	0.997	0.001	0.001
0.001	0.001	0.997	0.001
0.035	0.159	0.701	0.105
0.105	0.377	0.253	0.264
>GGGGCGGGGCCT	2-GGGGCGGGGCCT	9.897629	-143.836181	0	T:301.0(5.25%),B:690.3(1.69%),P:1e-62	Tpos:29.5,Tstd:18.3,Bpos:49.0,Bstd:34.6,StrandBias:0.5,Multiplicity:1.15
0.085	0.033	0.730	0.152
0.014	0.001	0.984	0.001
0.001	0.001	0.997	0.001
0.001	0.001	0.997	0.001
0.019	0.954	0.001	0.026
0.070	0.013	0.916	0.001
0.001	0.001	0.854	0.144
0.074	0.001	0.924	0.001
0.135	0.088	0.757	0.020
0.045	0.914	0.021	0.020
0.024	0.508	0.172	0.296
0.135	0.070	0.229	0.566
>CGCCGCCATYTT	3-CGCCGCCATYTT	9.689934	-130.277518	0	T:109.0(1.90%),B:102.7(0.25%),P:1e-56	Tpos:67.3,Tstd:20.7,Bpos:51.2,Bstd:32.6,StrandBias:-1.6,Multiplicity:1.01
0.088	0.719	0.149	0.044
0.308	0.073	0.487	0.132
0.066	0.758	0.132	0.044
0.155	0.807	0.015	0.023
0.066	0.022	0.846	0.066
0.001	0.977	0.001	0.021
0.001	0.997	0.001	0.001
0.751	0.226	0.001	0.022
0.065	0.131	0.001	0.803
0.044	0.465	0.066	0.424
0.001	0.022	0.094	0.883
0.001	0.269	0.001	0.729
>CTCCTCCTCYTC	4-CTCCTCCTCYTC	7.434621	-90.352813	0	T:778.0(13.57%),B:3405.5(8.35%),P:1e-39	Tpos:48.5,Tstd:23.9,Bpos:49.7,Bstd:32.2,StrandBias:-1.6,Multiplicity:1.22
0.062	0.575	0.071	0.292
0.052	0.141	0.085	0.722
0.001	0.876	0.015	0.108
0.045	0.781	0.001	0.173
0.034	0.166	0.080	0.720
0.001	0.923	0.009	0.067
0.013	0.880	0.001	0.106
0.042	0.183	0.022	0.753
0.001	0.942	0.016	0.041
0.027	0.447	0.030	0.497
0.020	0.225	0.084	0.671
0.012	0.742	0.052	0.194
>GTGCGCATGCGC	5-GTGCGCATGCGC	10.135049	-86.612592	0	T:115.0(2.01%),B:183.1(0.45%),P:1e-37	Tpos:40.6,Tstd:19.4,Bpos:51.7,Bstd:39.8,StrandBias:0.1,Multiplicity:1.10
0.052	0.235	0.599	0.114
0.053	0.194	0.115	0.638
0.056	0.037	0.906	0.001
0.018	0.944	0.037	0.001
0.019	0.037	0.916	0.028
0.001	0.953	0.028	0.018
0.682	0.154	0.126	0.038
0.066	0.122	0.171	0.641
0.009	0.016	0.956	0.019
0.019	0.894	0.037	0.050
0.028	0.019	0.944	0.009
0.009	0.932	0.009	0.050
>TCTATCAGCAGT	6-TCTATCAGCAGT	12.191538	-81.729501	0	T:20.0(0.35%),B:0.8(0.00%),P:1e-35	Tpos:67.5,Tstd:10.9,Bpos:59.5,Bstd:21.5,StrandBias:3.2,Multiplicity:1.00
0.050	0.301	0.192	0.456
0.001	0.949	0.049	0.001
0.001	0.001	0.001	0.997
0.997	0.001	0.001	0.001
0.001	0.001	0.001	0.997
0.001	0.949	0.001	0.049
0.997	0.001	0.001	0.001
0.001	0.001	0.949	0.049
0.001	0.949	0.049	0.001
0.997	0.001	0.001	0.001
0.001	0.001	0.997	0.001
0.001	0.001	0.049	0.949
>GATGAWGATGAT	7-GATGAWGATGAT	8.480994	-77.497941	0	T:163.0(2.84%),B:376.4(0.92%),P:1e-33	Tpos:52.9,Tstd:27.3,Bpos:51.2,Bstd:27.0,StrandBias:1.7,Multiplicity:1.08
0.107	0.037	0.824	0.032
0.763	0.064	0.155	0.018
0.140	0.009	0.146	0.705
0.055	0.027	0.882	0.036
0.755	0.055	0.163	0.027
0.517	0.001	0.070	0.412
0.064	0.027	0.882	0.027
0.867	0.009	0.069	0.055
0.148	0.009	0.028	0.815
0.092	0.018	0.808	0.082
0.827	0.018	0.146	0.009
0.314	0.071	0.055	0.560
>TTCCGTTTCCGG	8-TTCCGTTTCCGG	9.834711	-68.878308	0	T:52.0(0.91%),B:43.8(0.11%),P:1e-29	Tpos:52.6,Tstd:21.9,Bpos:43.0,Bstd:36.9,StrandBias:0.2,Multiplicity:1.00
0.001	0.085	0.001	0.913
0.039	0.120	0.001	0.840
0.001	0.843	0.078	0.078
0.196	0.606	0.078	0.120
0.001	0.078	0.838	0.083
0.001	0.120	0.082	0.797
0.001	0.162	0.001	0.836
0.039	0.039	0.001	0.921
0.001	0.880	0.078	0.041
0.001	0.644	0.078	0.277
0.001	0.078	0.882	0.039
0.039	0.120	0.802	0.039
>GGAGGAARAGAA	9-GGAGGAARAGAA	6.618706	-54.554134	0	T:797.0(13.90%),B:3956.4(9.71%),P:1e-23	Tpos:51.0,Tstd:25.5,Bpos:50.2,Bstd:31.1,StrandBias:0.9,Multiplicity:1.06
0.001	0.001	0.711	0.287
0.017	0.012	0.970	0.001
0.595	0.001	0.190	0.214
0.264	0.001	0.734	0.001
0.112	0.012	0.875	0.001
0.574	0.076	0.349	0.001
0.792	0.001	0.206	0.001
0.326	0.233	0.440	0.001
0.790	0.012	0.001	0.197
0.081	0.089	0.829	0.001
0.855	0.123	0.001	0.021
0.758	0.009	0.037	0.196
>CACCTGTTGCAA	10-CACCTGTTGCAA	7.117662	-51.496378	0	T:287.0(5.01%),B:1085.1(2.66%),P:1e-22	Tpos:48.0,Tstd:26.7,Bpos:47.9,Bstd:27.7,StrandBias:-0.6,Multiplicity:1.02
0.086	0.841	0.030	0.043
0.753	0.059	0.017	0.171
0.091	0.577	0.165	0.167
0.051	0.890	0.013	0.046
0.121	0.001	0.008	0.870
0.030	0.099	0.756	0.115
0.030	0.199	0.108	0.663
0.065	0.026	0.130	0.779
0.043	0.162	0.656	0.139
0.141	0.660	0.125	0.074
0.772	0.137	0.022	0.069
0.781	0.043	0.124	0.052
>GCGRTGACGTCA	11-GCGRTGACGTCA	13.057263	-48.193756	0	T:13.0(0.23%),B:0.8(0.00%),P:1e-20	Tpos:40.5,Tstd:22.9,Bpos:24.0,Bstd:0.0,StrandBias:0.6,Multiplicity:1.00
0.153	0.001	0.845	0.001
0.001	0.845	0.001	0.153
0.154	0.154	0.520	0.172
0.496	0.001	0.502	0.001
0.001	0.001	0.001	0.997
0.001	0.001	0.997	0.001
0.997	0.001	0.001	0.001
0.001	0.997	0.001	0.001
0.153	0.001	0.845	0.001
0.001	0.001	0.001	0.997
0.001	0.997	0.001	0.001
0.997	0.001	0.001	0.001
>TTTGACAGCGGC	12-TTTGACAGCGGC	10.460324	-46.676897	0	T:21.0(0.37%),B:7.8(0.02%),P:1e-20	Tpos:54.4,Tstd:25.4,Bpos:42.9,Bstd:15.5,StrandBias:1.2,Multiplicity:1.00
0.001	0.175	0.057	0.767
0.114	0.001	0.118	0.767
0.113	0.001	0.001	0.885
0.001	0.001	0.827	0.171
0.714	0.057	0.057	0.172
0.057	0.829	0.057	0.057
0.997	0.001	0.001	0.001
0.057	0.057	0.829	0.057
0.233	0.649	0.061	0.057
0.057	0.061	0.878	0.004
0.001	0.001	0.997	0.001
0.057	0.885	0.001	0.057
>ACCTGAAGAAGC	13-ACCTGAAGAAGC	9.234816	-46.379957	0	T:101.0(1.76%),B:241.0(0.59%),P:1e-20	Tpos:53.0,Tstd:27.8,Bpos:51.6,Bstd:31.0,StrandBias:1.4,Multiplicity:1.03
0.730	0.066	0.120	0.084
0.102	0.688	0.162	0.048
0.030	0.968	0.001	0.001
0.001	0.001	0.106	0.892
0.054	0.036	0.892	0.018
0.718	0.054	0.227	0.001
0.963	0.001	0.035	0.001
0.090	0.089	0.820	0.001
0.730	0.097	0.137	0.036
0.928	0.001	0.001	0.070
0.089	0.053	0.768	0.090
0.103	0.648	0.213	0.036
>ATAGAGCTCCCC	14-ATAGAGCTCCCC	9.417240	-43.847307	0	T:58.0(1.01%),B:94.4(0.23%),P:1e-19	Tpos:56.1,Tstd:26.6,Bpos:45.0,Bstd:25.4,StrandBias:-0.8,Multiplicity:1.00
0.597	0.093	0.248	0.062
0.097	0.189	0.127	0.587
0.813	0.062	0.094	0.031
0.061	0.001	0.877	0.061
0.906	0.030	0.063	0.001
0.063	0.061	0.875	0.001
0.030	0.753	0.216	0.001
0.092	0.061	0.001	0.846
0.001	0.934	0.001	0.064
0.001	0.843	0.030	0.126
0.001	0.876	0.062	0.061
0.030	0.908	0.001	0.061
>TTTGCCTCGCTC	15-TTTGCCTCGCTC	13.328781	-43.664596	0	T:12.0(0.21%),B:0.8(0.00%),P:1e-18	Tpos:49.5,Tstd:25.3,Bpos:31.0,Bstd:0.0,StrandBias:0.0,Multiplicity:1.00
0.001	0.001	0.001	0.997
0.001	0.091	0.091	0.817
0.001	0.001	0.001	0.997
0.001	0.090	0.908	0.001
0.001	0.908	0.001	0.090
0.001	0.997	0.001	0.001
0.001	0.001	0.090	0.908
0.001	0.908	0.001	0.090
0.001	0.091	0.817	0.091
0.001	0.997	0.001	0.001
0.001	0.001	0.090	0.908
0.001	0.908	0.001	0.090
>CCMCCCCCCAAM	16-CCMCCCCCCAAM	7.662556	-41.363972	0	T:383.0(6.68%),B:1700.5(4.17%),P:1e-17	Tpos:47.3,Tstd:19.6,Bpos:49.7,Bstd:26.0,StrandBias:-1.6,Multiplicity:1.07
0.001	0.997	0.001	0.001
0.001	0.997	0.001	0.001
0.423	0.449	0.001	0.128
0.088	0.701	0.048	0.163
0.224	0.671	0.001	0.104
0.021	0.960	0.001	0.018
0.062	0.841	0.001	0.096
0.121	0.877	0.001	0.001
0.104	0.894	0.001	0.001
0.663	0.335	0.001	0.001
0.596	0.328	0.057	0.019
0.543	0.400	0.056	0.001
>GGCGTCACAAGC	17-GGCGTCACAAGC	10.305871	-39.215522	0	T:11.0(0.19%),B:2.0(0.00%),P:1e-17	Tpos:44.3,Tstd:20.6,Bpos:28.9,Bstd:12.9,StrandBias:0.3,Multiplicity:1.00
0.069	0.085	0.771	0.075
0.053	0.080	0.819	0.048
0.117	0.644	0.112	0.127
0.101	0.080	0.708	0.111
0.074	0.101	0.106	0.719
0.032	0.840	0.096	0.032
0.777	0.085	0.058	0.080
0.053	0.761	0.149	0.037
0.644	0.191	0.101	0.064
0.713	0.085	0.122	0.080
0.106	0.069	0.809	0.016
0.064	0.798	0.101	0.037
>GTCACGTGACCC	18-GTCACGTGACCC	9.086066	-38.037859	0	T:60.0(1.05%),B:114.8(0.28%),P:1e-16	Tpos:38.8,Tstd:22.3,Bpos:51.7,Bstd:25.8,StrandBias:0.2,Multiplicity:1.10
0.132	0.166	0.669	0.033
0.050	0.166	0.049	0.735
0.001	0.867	0.131	0.001
0.983	0.015	0.001	0.001
0.001	0.796	0.083	0.120
0.033	0.181	0.785	0.001
0.001	0.001	0.015	0.983
0.001	0.114	0.884	0.001
0.652	0.050	0.281	0.017
0.033	0.652	0.199	0.116
0.166	0.514	0.199	0.121
0.099	0.498	0.337	0.066
>ATTGGCGGCGAC	19-ATTGGCGGCGAC	12.251206	-34.853468	0	T:10.0(0.17%),B:0.0(0.00%),P:1e-15	Tpos:40.4,Tstd:27.9,Bpos:0.0,Bstd:0.0,StrandBias:0.3,Multiplicity:1.00
0.997	0.001	0.001	0.001
0.001	0.001	0.142	0.856
0.001	0.142	0.001	0.856
0.001	0.001	0.997	0.001
0.001	0.001	0.997	0.001
0.001	0.997	0.001	0.001
0.001	0.143	0.713	0.143
0.001	0.001	0.997	0.001
0.001	0.997	0.001	0.001
0.001	0.142	0.856	0.001
0.856	0.001	0.142	0.001
0.001	0.997	0.001	0.001
>AGGAGGAGGWGG	20-AGGAGGAGGWGG	9.825024	-32.964542	0	T:208.0(3.63%),B:825.1(2.02%),P:1e-14	Tpos:48.0,Tstd:25.8,Bpos:48.3,Bstd:28.1,StrandBias:1.4,Multiplicity:1.04
0.646	0.001	0.001	0.352
0.001	0.001	0.997	0.001
0.097	0.358	0.510	0.035
0.464	0.171	0.197	0.169
0.001	0.001	0.997	0.001
0.199	0.161	0.577	0.063
0.583	0.068	0.001	0.348
0.031	0.001	0.967	0.001
0.001	0.202	0.796	0.001
0.416	0.187	0.115	0.282
0.001	0.001	0.997	0.001
0.105	0.001	0.893	0.001
>GGTCGGCTATGT	21-GGTCGGCTATGT	8.443193	-29.226881	0	T:87.0(1.52%),B:253.8(0.62%),P:1e-12	Tpos:56.0,Tstd:22.9,Bpos:50.7,Bstd:25.1,StrandBias:0.6,Multiplicity:1.00
0.001	0.001	0.975	0.023
0.113	0.068	0.796	0.023
0.001	0.229	0.090	0.680
0.045	0.505	0.312	0.138
0.092	0.091	0.589	0.228
0.022	0.001	0.955	0.022
0.001	0.953	0.001	0.045
0.160	0.039	0.068	0.733
0.473	0.274	0.251	0.001
0.001	0.069	0.106	0.824
0.091	0.023	0.840	0.046
0.022	0.001	0.272	0.705
>GCGGCAAGTTTG	22-GCGGCAAGTTTG	9.791457	-28.049450	0	T:10.0(0.17%),B:2.7(0.01%),P:1e-12	Tpos:46.8,Tstd:21.7,Bpos:32.4,Bstd:27.6,StrandBias:1.0,Multiplicity:1.00
0.084	0.067	0.778	0.071
0.123	0.676	0.104	0.097
0.138	0.045	0.752	0.065
0.058	0.058	0.832	0.052
0.084	0.722	0.110	0.084
0.696	0.129	0.097	0.078
0.741	0.065	0.136	0.058
0.123	0.071	0.741	0.065
0.039	0.065	0.125	0.771
0.065	0.103	0.071	0.761
0.045	0.071	0.104	0.780
0.065	0.110	0.754	0.071
>TTTTTTTTTAAA	23-TTTTTTTTTAAA	8.923105	-27.296345	0	T:288.0(5.02%),B:1326.5(3.25%),P:1e-11	Tpos:54.1,Tstd:29.5,Bpos:50.6,Bstd:29.3,StrandBias:1.4,Multiplicity:1.07
0.025	0.034	0.099	0.842
0.039	0.077	0.065	0.819
0.041	0.079	0.041	0.839
0.075	0.070	0.093	0.762
0.077	0.038	0.115	0.770
0.046	0.032	0.050	0.872
0.084	0.009	0.001	0.906
0.088	0.001	0.037	0.874
0.100	0.049	0.007	0.844
0.803	0.087	0.026	0.084
0.865	0.025	0.031	0.079
0.806	0.047	0.060	0.087
>CCTTATGATTGG	24-CCTTATGATTGG	9.027757	-24.474519	0	T:9.0(0.16%),B:2.9(0.01%),P:1e-10	Tpos:56.2,Tstd:27.7,Bpos:38.7,Bstd:15.3,StrandBias:-0.3,Multiplicity:1.00
0.106	0.658	0.107	0.129
0.113	0.677	0.070	0.140
0.099	0.112	0.055	0.734
0.089	0.128	0.141	0.642
0.551	0.168	0.138	0.143
0.122	0.053	0.126	0.699
0.121	0.105	0.649	0.125
0.636	0.111	0.114	0.139
0.112	0.103	0.099	0.686
0.105	0.056	0.120	0.719
0.112	0.064	0.703	0.121
0.117	0.112	0.644	0.127
>GCCCTACTCAAC	25-GCCCTACTCAAC	10.409522	-17.885187	0	T:8.0(0.14%),B:3.2(0.01%),P:1e-7	Tpos:48.1,Tstd:25.1,Bpos:31.8,Bstd:10.3,StrandBias:-0.7,Multiplicity:1.00
0.100	0.100	0.700	0.100
0.100	0.700	0.100	0.100
0.100	0.700	0.100	0.100
0.100	0.700	0.100	0.100
0.100	0.100	0.100	0.700
0.700	0.100	0.100	0.100
0.100	0.700	0.100	0.100
0.100	0.100	0.100	0.700
0.100	0.700	0.100	0.100
0.700	0.100	0.100	0.100
0.700	0.100	0.100	0.100
0.100	0.700	0.100	0.100
>CTTCCG	1-CTTCCG	6.936251	-149.671624	0	T:583.0(10.17%),B:1912.7(4.69%),P:1e-65	Tpos:46.7,Tstd:24.8,Bpos:50.4,Bstd:38.7,StrandBias:-0.4,Multiplicity:1.22
0.001	0.743	0.001	0.255
0.001	0.001	0.001	0.997
0.001	0.001	0.001	0.997
0.001	0.997	0.001	0.001
0.001	0.997	0.001	0.001
0.001	0.001	0.997	0.001
>GCGGTA	2-GCGGTA	3.466284	-82.176361	0	T:2351.0(41.00%),B:13477.5(33.06%),P:1e-35	Tpos:52.1,Tstd:27.7,Bpos:50.0,Bstd:33.8,StrandBias:0.5,Multiplicity:1.36
0.066	0.157	0.699	0.078
0.047	0.734	0.146	0.073
0.158	0.128	0.550	0.164
0.073	0.098	0.715	0.114
0.141	0.076	0.049	0.734
0.571	0.103	0.091	0.235
>AAGAGG	3-AAGAGG	4.996925	-76.264624	0	T:3102.0(54.10%),B:18803.7(46.13%),P:1e-33	Tpos:51.3,Tstd:26.9,Bpos:50.0,Bstd:32.1,StrandBias:0.8,Multiplicity:1.60
0.904	0.001	0.094	0.001
0.822	0.001	0.124	0.053
0.090	0.088	0.821	0.001
0.887	0.028	0.084	0.001
0.096	0.019	0.707	0.178
0.001	0.001	0.997	0.001
>CGCMAA	4-CGCMAA	4.649762	-73.932262	0	T:1008.0(17.58%),B:4956.0(12.16%),P:1e-32	Tpos:48.4,Tstd:26.1,Bpos:50.1,Bstd:34.7,StrandBias:-0.8,Multiplicity:1.05
0.001	0.959	0.001	0.039
0.045	0.094	0.860	0.001
0.001	0.809	0.186	0.004
0.498	0.500	0.001	0.001
0.730	0.001	0.001	0.268
0.959	0.001	0.039	0.001
>TGCTGA	5-TGCTGA	2.120872	-70.066960	0	T:1961.0(34.20%),B:11104.4(27.24%),P:1e-30	Tpos:51.9,Tstd:28.1,Bpos:49.9,Bstd:29.4,StrandBias:0.2,Multiplicity:1.20
0.001	0.039	0.001	0.959
0.001	0.001	0.997	0.001
0.051	0.947	0.001	0.001
0.001	0.001	0.001	0.997
0.001	0.001	0.997	0.001
0.904	0.042	0.001	0.053
>CGACGA	6-CGACGA	3.587385	-67.275189	0	T:1626.0(28.36%),B:8957.5(21.97%),P:1e-29	Tpos:52.4,Tstd:28.4,Bpos:50.2,Bstd:36.9,StrandBias:0.1,Multiplicity:1.27
0.001	0.847	0.031	0.121
0.001	0.045	0.861	0.093
0.878	0.061	0.001	0.060
0.074	0.671	0.001	0.254
0.001	0.001	0.894	0.104
0.888	0.031	0.034	0.047
>TGACGT	7-TGACGT	6.475899	-64.701327	0	T:307.0(5.35%),B:1090.8(2.68%),P:1e-28	Tpos:39.8,Tstd:25.3,Bpos:49.9,Bstd:37.3,StrandBias:0.1,Multiplicity:1.05
0.001	0.001	0.001	0.997
0.001	0.171	0.827	0.001
0.997	0.001	0.001	0.001
0.001	0.997	0.001	0.001
0.001	0.001	0.997	0.001
0.001	0.194	0.001	0.804
>DGGGGG	8-DGGGGG	4.317318	-63.741846	0	T:2627.0(45.81%),B:15763.3(38.67%),P:1e-27	Tpos:48.3,Tstd:24.3,Bpos:50.2,Bstd:30.5,StrandBias:1.0,Multiplicity:1.39
0.397	0.001	0.352	0.250
0.282	0.019	0.562	0.137
0.056	0.044	0.811	0.089
0.001	0.129	0.869	0.001
0.184	0.001	0.703	0.112
0.263	0.001	0.672	0.064
>GCGCAG	9-GCGCAG	5.096450	-44.750030	0	T:786.0(13.71%),B:4042.8(9.92%),P:1e-19	Tpos:50.9,Tstd:27.0,Bpos:50.1,Bstd:38.6,StrandBias:-0.0,Multiplicity:1.19
0.001	0.001	0.793	0.205
0.001	0.997	0.001	0.001
0.001	0.001	0.997	0.001
0.197	0.801	0.001	0.001
0.997	0.001	0.001	0.001
0.001	0.001	0.997	0.001
>CCAGTG	10-CCAGTG	5.851127	-44.283289	0	T:1094.0(19.08%),B:5981.5(14.67%),P:1e-19	Tpos:48.0,Tstd:28.2,Bpos:50.4,Bstd:28.4,StrandBias:0.3,Multiplicity:1.10
0.001	0.866	0.001	0.132
0.001	0.798	0.001	0.200
0.997	0.001	0.001	0.001
0.185	0.001	0.813	0.001
0.001	0.001	0.001	0.997
0.001	0.001	0.997	0.001
>GTCACG	11-GTCACG	6.285336	-43.009459	0	T:323.0(5.63%),B:1350.3(3.31%),P:1e-18	Tpos:44.3,Tstd:26.7,Bpos:49.1,Bstd:35.4,StrandBias:0.2,Multiplicity:1.07
0.001	0.001	0.997	0.001
0.001	0.001	0.001	0.997
0.001	0.594	0.272	0.133
0.997	0.001	0.001	0.001
0.001	0.997	0.001	0.001
0.001	0.001	0.997	0.001
>CAATCG	12-CAATCG	6.450843	-24.693619	0	T:219.0(3.82%),B:966.7(2.37%),P:1e-10	Tpos:49.7,Tstd:27.4,Bpos:49.9,Bstd:34.7,StrandBias:0.2,Multiplicity:1.02
0.001	0.997	0.001	0.001
0.777	0.001	0.001	0.221
0.708	0.001	0.290	0.001
0.001	0.001	0.001	0.997
0.001	0.997	0.001	0.001
0.001	0.001	0.997	0.001
>CTTACC	13-CTTACC	6.177716	-17.703992	0	T:229.0(3.99%),B:1112.7(2.73%),P:1e-7	Tpos:59.1,Tstd:28.4,Bpos:50.5,Bstd:29.3,StrandBias:-0.7,Multiplicity:1.00
0.100	0.700	0.100	0.100
0.100	0.100	0.100	0.700
0.100	0.100	0.100	0.700
0.700	0.100	0.100	0.100
0.100	0.700	0.100	0.100
0.100	0.700	0.100	0.100
>RCGTAC	14-RCGTAC	6.225039	-16.243579	0	T:103.0(1.80%),B:417.6(1.02%),P:1e-7	Tpos:52.4,Tstd:27.0,Bpos:48.6,Bstd:37.4,StrandBias:-0.7,Multiplicity:1.04
0.352	0.198	0.280	0.170
0.001	0.929	0.069	0.001
0.001	0.169	0.803	0.027
0.001	0.033	0.170	0.796
0.966	0.001	0.027	0.006
0.070	0.768	0.128	0.034
>CGCATG	15-CGCATG	6.177716	-9.721791	0	T:116.0(2.02%),B:564.7(1.39%),P:1e-4	Tpos:44.4,Tstd:25.4,Bpos:48.9,Bstd:33.0,StrandBias:-0.1,Multiplicity:1.03
0.100	0.700	0.100	0.100
0.100	0.100	0.700	0.100
0.100	0.700	0.100	0.100
0.700	0.100	0.100	0.100
0.100	0.100	0.100	0.700
0.100	0.100	0.700	0.100
>GCGGAAAW	1-GCGGAAAW	6.763120	-202.583571	0	T:418.0(7.29%),B:952.5(2.34%),P:1e-87	Tpos:46.9,Tstd:23.3,Bpos:51.3,Bstd:37.8,StrandBias:0.5,Multiplicity:1.18
0.001	0.395	0.603	0.001
0.001	0.997	0.001	0.001
0.001	0.001	0.997	0.001
0.139	0.152	0.635	0.074
0.780	0.218	0.001	0.001
0.924	0.074	0.001	0.001
0.583	0.001	0.415	0.001
0.339	0.245	0.001	0.415
>CYCCCCCH	2-CYCCCCCH	4.830113	-104.097486	0	T:2637.0(45.99%),B:15010.5(36.82%),P:1e-45	Tpos:44.1,Tstd:23.7,Bpos:49.7,Bstd:31.6,StrandBias:-1.0,Multiplicity:1.56
0.117	0.517	0.001	0.365
0.044	0.464	0.001	0.491
0.137	0.585	0.136	0.142
0.001	0.579	0.217	0.203
0.107	0.707	0.185	0.001
0.001	0.751	0.100	0.148
0.001	0.851	0.001	0.147
0.333	0.379	0.001	0.287
>AGCTGTTG	3-AGCTGTTG	4.407930	-89.545765	0	T:2446.0(42.66%),B:13979.0(34.29%),P:1e-38	Tpos:51.7,Tstd:27.5,Bpos:50.1,Bstd:29.8,StrandBias:0.4,Multiplicity:1.30
0.721	0.051	0.098	0.130
0.105	0.093	0.727	0.075
0.061	0.726	0.089	0.124
0.085	0.074	0.042	0.799
0.050	0.038	0.851	0.061
0.101	0.156	0.102	0.641
0.067	0.091	0.076	0.766
0.044	0.083	0.774	0.099
>TTACGGCG	4-TTACGGCG	4.553434	-88.717648	0	T:935.0(16.31%),B:4330.6(10.62%),P:1e-38	Tpos:52.8,Tstd:27.1,Bpos:49.3,Bstd:38.0,StrandBias:0.3,Multiplicity:1.22
0.042	0.109	0.076	0.773
0.122	0.065	0.118	0.695
0.565	0.150	0.163	0.122
0.058	0.776	0.053	0.113
0.078	0.091	0.743	0.088
0.049	0.034	0.811	0.106
0.048	0.881	0.029	0.042
0.113	0.068	0.758	0.061
>GATGACGA	5-GATGACGA	5.884810	-86.443391	0	T:695.0(12.12%),B:2977.1(7.30%),P:1e-37	Tpos:53.8,Tstd:26.6,Bpos:49.4,Bstd:34.3,StrandBias:1.8,Multiplicity:1.14
0.056	0.037	0.880	0.027
0.791	0.074	0.099	0.036
0.164	0.050	0.207	0.579
0.032	0.019	0.911	0.038
0.797	0.064	0.108	0.031
0.150	0.497	0.209	0.145
0.053	0.061	0.842	0.044
0.704	0.086	0.109	0.101
>TATGGCGG	6-TATGGCGG	5.145716	-76.572933	0	T:504.0(8.79%),B:2021.1(4.96%),P:1e-33	Tpos:58.7,Tstd:25.9,Bpos:48.8,Bstd:29.3,StrandBias:1.0,Multiplicity:1.03
0.134	0.120	0.075	0.671
0.803	0.049	0.064	0.084
0.053	0.062	0.063	0.822
0.107	0.151	0.648	0.094
0.093	0.043	0.772	0.092
0.159	0.717	0.027	0.097
0.098	0.098	0.751	0.053
0.032	0.091	0.822	0.055
>CATCATCG	7-CATCATCG	4.816146	-74.777727	0	T:1060.0(18.49%),B:5259.0(12.90%),P:1e-32	Tpos:51.9,Tstd:27.6,Bpos:50.3,Bstd:31.1,StrandBias:-0.2,Multiplicity:1.06
0.070	0.728	0.116	0.086
0.700	0.137	0.145	0.018
0.020	0.067	0.140	0.773
0.112	0.741	0.035	0.112
0.807	0.012	0.061	0.120
0.077	0.072	0.106	0.745
0.057	0.743	0.048	0.152
0.103	0.112	0.772	0.013
>WGGCGGTW	8-WGGCGGTW	5.098932	-69.570228	0	T:753.0(13.13%),B:3494.6(8.57%),P:1e-30	Tpos:50.5,Tstd:27.5,Bpos:49.4,Bstd:33.3,StrandBias:0.5,Multiplicity:1.06
0.333	0.149	0.174	0.344
0.086	0.234	0.580	0.100
0.022	0.334	0.643	0.001
0.001	0.814	0.001	0.184
0.189	0.001	0.809	0.001
0.188	0.228	0.583	0.001
0.001	0.001	0.001	0.997
0.520	0.001	0.059	0.420
>MGHATGCG	9-MGHATGCG	6.974296	-68.684816	0	T:198.0(3.45%),B:555.8(1.36%),P:1e-29	Tpos:43.1,Tstd:23.6,Bpos:51.5,Bstd:36.9,StrandBias:-0.1,Multiplicity:1.07
0.375	0.486	0.001	0.138
0.001	0.086	0.912	0.001
0.417	0.308	0.001	0.274
0.747	0.217	0.001	0.035
0.029	0.071	0.001	0.899
0.001	0.001	0.754	0.244
0.001	0.997	0.001	0.001
0.176	0.001	0.822	0.001
>GTSACGTS	10-GTSACGTS	7.159590	-59.867748	0	T:120.0(2.09%),B:269.4(0.66%),P:1e-26	Tpos:35.4,Tstd:22.9,Bpos:51.1,Bstd:32.6,StrandBias:0.4,Multiplicity:1.11
0.001	0.081	0.851	0.067
0.066	0.001	0.001	0.932
0.018	0.446	0.410	0.125
0.904	0.001	0.045	0.050
0.048	0.950	0.001	0.001
0.001	0.001	0.792	0.206
0.077	0.117	0.044	0.762
0.188	0.382	0.384	0.046
>GATTGACG	11-GATTGACG	5.298647	-59.748913	0	T:372.0(6.49%),B:1462.9(3.59%),P:1e-25	Tpos:53.2,Tstd:28.8,Bpos:49.2,Bstd:34.9,StrandBias:0.5,Multiplicity:1.02
0.025	0.001	0.844	0.130
0.807	0.099	0.073	0.021
0.025	0.113	0.221	0.641
0.115	0.276	0.001	0.608
0.137	0.090	0.626	0.147
0.642	0.212	0.071	0.075
0.001	0.883	0.090	0.026
0.016	0.143	0.840	0.001
>TCCTACAG	12-TCCTACAG	4.346749	-52.261048	0	T:1913.0(33.36%),B:11170.8(27.40%),P:1e-22	Tpos:50.6,Tstd:26.5,Bpos:50.2,Bstd:29.8,StrandBias:-0.2,Multiplicity:1.13
0.081	0.097	0.038	0.784
0.087	0.728	0.059	0.126
0.084	0.776	0.070	0.070
0.064	0.071	0.079	0.786
0.707	0.067	0.106	0.120
0.058	0.684	0.069	0.189
0.793	0.079	0.076	0.052
0.160	0.040	0.749	0.051
>GCCAATCG	13-GCCAATCG	6.644740	-50.155719	0	T:155.0(2.70%),B:453.7(1.11%),P:1e-21	Tpos:38.2,Tstd:25.7,Bpos:48.2,Bstd:30.1,StrandBias:-0.2,Multiplicity:1.02
0.035	0.001	0.963	0.001
0.001	0.858	0.118	0.023
0.001	0.959	0.023	0.017
0.974	0.001	0.024	0.001
0.962	0.001	0.023	0.014
0.062	0.064	0.001	0.873
0.016	0.846	0.097	0.041
0.109	0.052	0.798	0.041
>GCCAGTGA	14-GCCAGTGA	3.877411	-47.783142	0	T:1189.0(20.74%),B:6518.8(15.99%),P:1e-20	Tpos:50.2,Tstd:27.5,Bpos:50.4,Bstd:29.1,StrandBias:0.4,Multiplicity:1.12
0.252	0.054	0.542	0.152
0.115	0.462	0.230	0.193
0.044	0.508	0.209	0.239
0.487	0.072	0.208	0.233
0.072	0.254	0.499	0.175
0.225	0.180	0.026	0.569
0.119	0.215	0.488	0.178
0.492	0.157	0.189	0.162
>TYTCGCGA	15-TYTCGCGA	6.304664	-38.004549	0	T:128.0(2.23%),B:393.2(0.96%),P:1e-16	Tpos:52.5,Tstd:24.2,Bpos:50.4,Bstd:39.4,StrandBias:-0.1,Multiplicity:1.01
0.308	0.001	0.001	0.690
0.116	0.495	0.036	0.352
0.001	0.070	0.085	0.844
0.001	0.726	0.160	0.113
0.001	0.048	0.847	0.104
0.001	0.997	0.001	0.001
0.229	0.001	0.733	0.037
0.691	0.275	0.001	0.033
>CTTCCGTT	16-CTTCCGTT	8.686360	-36.264843	0	T:67.0(1.17%),B:144.8(0.36%),P:1e-15	Tpos:53.0,Tstd:22.9,Bpos:46.3,Bstd:32.1,StrandBias:-0.3,Multiplicity:1.00
0.001	0.997	0.001	0.001
0.001	0.001	0.001	0.997
0.001	0.001	0.001	0.997
0.001	0.997	0.001	0.001
0.001	0.997	0.001	0.001
0.001	0.001	0.997	0.001
0.001	0.198	0.001	0.800
0.115	0.001	0.001	0.883
>WCGCDTCG	17-WCGCDTCG	4.345941	-32.940196	0	T:318.0(5.55%),B:1429.9(3.51%),P:1e-14	Tpos:52.2,Tstd:25.7,Bpos:49.1,Bstd:35.7,StrandBias:-0.1,Multiplicity:1.03
0.336	0.115	0.096	0.453
0.085	0.544	0.220	0.151
0.040	0.058	0.680	0.222
0.219	0.440	0.226	0.115
0.236	0.180	0.221	0.363
0.132	0.187	0.065	0.616
0.099	0.691	0.082	0.128
0.136	0.134	0.459	0.271
>TCGACCAC	18-TCGACCAC	7.803660	-24.872820	0	T:92.0(1.60%),B:299.1(0.73%),P:1e-10	Tpos:49.8,Tstd:27.8,Bpos:50.0,Bstd:30.1,StrandBias:-1.0,Multiplicity:1.00
0.001	0.049	0.001	0.949
0.020	0.834	0.126	0.020
0.044	0.205	0.716	0.035
0.715	0.001	0.283	0.001
0.001	0.968	0.021	0.010
0.103	0.886	0.001	0.010
0.997	0.001	0.001	0.001
0.070	0.928	0.001	0.001
>TTCGGAAA	19-TTCGGAAA	8.512980	-21.052366	0	T:42.0(0.73%),B:98.5(0.24%),P:1e-9	Tpos:52.0,Tstd:28.3,Bpos:42.5,Bstd:30.5,StrandBias:0.5,Multiplicity:1.00
0.001	0.001	0.001	0.997
0.001	0.241	0.001	0.757
0.001	0.997	0.001	0.001
0.001	0.149	0.849	0.001
0.120	0.001	0.878	0.001
0.997	0.001	0.001	0.001
0.997	0.001	0.001	0.001
0.997	0.001	0.001	0.001
>TAAAAAAA	20-TAAAAAAA	7.835013	-19.451366	0	T:408.0(7.12%),B:2165.2(5.31%),P:1e-8	Tpos:53.2,Tstd:30.0,Bpos:50.8,Bstd:30.6,StrandBias:-1.1,Multiplicity:1.08
0.001	0.001	0.001	0.997
0.800	0.001	0.001	0.198
0.895	0.001	0.001	0.103
0.997	0.001	0.001	0.001
0.997	0.001	0.001	0.001
0.885	0.113	0.001	0.001
0.926	0.001	0.072	0.001
0.853	0.001	0.145	0.001
>CGTACGTG	21-CGTACGTG	7.260737	-18.330415	0	T:12.0(0.21%),B:9.4(0.02%),P:1e-7	Tpos:55.1,Tstd:32.1,Bpos:65.5,Bstd:6.1,StrandBias:0.0,Multiplicity:1.20
0.001	0.997	0.001	0.001
0.001	0.001	0.997	0.001
0.001	0.001	0.001	0.997
0.997	0.001	0.001	0.001
0.001	0.997	0.001	0.001
0.001	0.001	0.997	0.001
0.063	0.001	0.001	0.935
0.001	0.351	0.647	0.001
