>RCCGGAAGYG	1-RCCGGAAGYG	7.744864	-1781.670210	0	T:2779.0(5.39%),B:653.3(1.37%),P:1e-773	Tpos:44.0,Tstd:22.0,Bpos:50.3,Bstd:35.9,StrandBias:0.2,Multiplicity:1.21
0.310	0.177	0.362	0.152
0.101	0.569	0.329	0.001
0.084	0.914	0.001	0.001
0.001	0.001	0.997	0.001
0.001	0.001	0.997	0.001
0.997	0.001	0.001	0.001
0.997	0.001	0.001	0.001
0.285	0.202	0.512	0.001
0.217	0.369	0.072	0.343
0.256	0.149	0.456	0.140
>HYCCCCCCCC	2-HYCCCCCCCC	5.415110	-1132.400439	0	T:12452.0(24.13%),B:7639.6(16.01%),P:1e-491	Tpos:44.5,Tstd:22.1,Bpos:50.0,Bstd:30.6,StrandBias:-1.3,Multiplicity:1.29
0.214	0.333	0.112	0.341
0.156	0.419	0.034	0.390
0.129	0.577	0.041	0.253
0.144	0.623	0.036	0.197
0.103	0.603	0.091	0.203
0.078	0.718	0.107	0.097
0.057	0.805	0.015	0.123
0.091	0.678	0.039	0.192
0.138	0.683	0.019	0.160
0.207	0.549	0.020	0.224
>AARATGGCGG	3-AARATGGCGG	9.141905	-905.444713	0	T:715.0(1.39%),B:78.3(0.16%),P:1e-393	Tpos:68.9,Tstd:20.2,Bpos:48.3,Bstd:36.7,StrandBias:1.3,Multiplicity:1.01
0.772	0.047	0.151	0.030
0.871	0.037	0.034	0.058
0.477	0.128	0.348	0.047
0.782	0.088	0.102	0.028
0.078	0.059	0.101	0.762
0.031	0.013	0.930	0.026
0.030	0.027	0.919	0.024
0.052	0.922	0.003	0.023
0.049	0.097	0.785	0.069
0.081	0.089	0.779	0.051
>CWTCATCATC	4-CWTCATCATC	5.441685	-712.966073	0	T:13157.0(25.50%),B:8952.5(18.76%),P:1e-309	Tpos:52.8,Tstd:26.4,Bpos:50.4,Bstd:30.3,StrandBias:-1.2,Multiplicity:1.18
0.022	0.746	0.126	0.106
0.443	0.147	0.079	0.331
0.178	0.145	0.159	0.518
0.001	0.996	0.001	0.002
0.543	0.089	0.039	0.329
0.170	0.173	0.143	0.514
0.001	0.997	0.001	0.001
0.553	0.069	0.039	0.339
0.152	0.175	0.245	0.428
0.027	0.697	0.125	0.151
>GGGGGAAAGT	5-GGGGGAAAGT	4.664717	-608.973960	0	T:13113.0(25.41%),B:9143.2(19.16%),P:1e-264	Tpos:52.9,Tstd:24.2,Bpos:50.4,Bstd:30.1,StrandBias:1.1,Multiplicity:1.09
0.116	0.082	0.708	0.094
0.116	0.079	0.705	0.100
0.087	0.107	0.707	0.099
0.096	0.066	0.732	0.106
0.119	0.111	0.674	0.096
0.673	0.107	0.110	0.110
0.717	0.110	0.086	0.087
0.713	0.083	0.102	0.102
0.114	0.110	0.661	0.115
0.087	0.096	0.106	0.711
>TGGAGGAGAT	6-TGGAGGAGAT	5.078680	-600.464048	0	T:10247.0(19.86%),B:6814.3(14.28%),P:1e-260	Tpos:53.0,Tstd:25.7,Bpos:50.1,Bstd:29.6,StrandBias:1.1,Multiplicity:1.08
0.118	0.085	0.105	0.692
0.111	0.057	0.742	0.090
0.089	0.104	0.710	0.097
0.713	0.082	0.093	0.112
0.102	0.073	0.735	0.090
0.096	0.122	0.709	0.073
0.707	0.077	0.095	0.121
0.123	0.090	0.706	0.081
0.657	0.126	0.122	0.095
0.141	0.110	0.118	0.631
>AATGGCGGCG	7-AATGGCGGCG	4.917919	-530.533961	0	T:8274.0(16.03%),B:5377.7(11.27%),P:1e-230	Tpos:52.7,Tstd:27.0,Bpos:49.6,Bstd:34.4,StrandBias:0.6,Multiplicity:1.16
0.779	0.083	0.094	0.044
0.735	0.059	0.074	0.132
0.145	0.071	0.071	0.713
0.038	0.059	0.878	0.025
0.040	0.036	0.893	0.031
0.061	0.823	0.063	0.053
0.058	0.078	0.721	0.143
0.051	0.071	0.833	0.045
0.100	0.802	0.035	0.063
0.031	0.069	0.822	0.078
>CGCATGCGCR	8-CGCATGCGCR	9.353783	-501.838443	0	T:986.0(1.91%),B:275.6(0.58%),P:1e-217	Tpos:37.2,Tstd:19.3,Bpos:51.2,Bstd:40.7,StrandBias:0.0,Multiplicity:1.08
0.039	0.880	0.063	0.018
0.053	0.009	0.909	0.029
0.043	0.912	0.006	0.039
0.623	0.200	0.086	0.091
0.049	0.124	0.160	0.667
0.007	0.049	0.922	0.022
0.039	0.930	0.006	0.025
0.012	0.031	0.905	0.052
0.011	0.856	0.034	0.099
0.396	0.170	0.357	0.077
>AATGGGCGGG	9-AATGGGCGGG	8.034050	-486.945055	0	T:2228.0(4.32%),B:996.0(2.09%),P:1e-211	Tpos:36.6,Tstd:23.6,Bpos:51.1,Bstd:33.4,StrandBias:0.5,Multiplicity:1.03
0.687	0.071	0.212	0.030
0.453	0.212	0.275	0.059
0.048	0.006	0.166	0.780
0.116	0.001	0.843	0.040
0.027	0.001	0.971	0.001
0.023	0.118	0.847	0.012
0.043	0.899	0.001	0.057
0.042	0.014	0.874	0.070
0.101	0.001	0.767	0.131
0.082	0.029	0.881	0.008
>GCCTTTTCCG	10-GCCTTTTCCG	5.005785	-425.564002	0	T:11115.0(21.54%),B:7926.6(16.61%),P:1e-184	Tpos:50.9,Tstd:26.9,Bpos:49.6,Bstd:30.5,StrandBias:-0.2,Multiplicity:1.08
0.080	0.091	0.712	0.117
0.062	0.737	0.102	0.099
0.099	0.727	0.068	0.106
0.111	0.109	0.093	0.687
0.057	0.134	0.082	0.727
0.057	0.116	0.079	0.748
0.090	0.104	0.120	0.686
0.084	0.727	0.086	0.103
0.148	0.604	0.084	0.164
0.128	0.089	0.648	0.135
>GCGGCTGTTT	11-GCGGCTGTTT	4.837455	-412.960237	0	T:10958.0(21.24%),B:7828.3(16.41%),P:1e-179	Tpos:52.0,Tstd:26.8,Bpos:49.7,Bstd:30.2,StrandBias:0.4,Multiplicity:1.10
0.067	0.091	0.746	0.096
0.097	0.626	0.152	0.125
0.144	0.093	0.631	0.132
0.084	0.083	0.737	0.096
0.063	0.738	0.105	0.094
0.118	0.077	0.086	0.719
0.070	0.123	0.722	0.085
0.103	0.125	0.106	0.666
0.076	0.118	0.109	0.697
0.081	0.108	0.096	0.715
>GGTGACGTCR	12-GGTGACGTCR	7.106732	-411.461097	0	T:1221.0(2.37%),B:442.4(0.93%),P:1e-178	Tpos:38.5,Tstd:24.2,Bpos:49.3,Bstd:36.4,StrandBias:0.2,Multiplicity:1.04
0.216	0.220	0.398	0.166
0.236	0.128	0.460	0.176
0.127	0.163	0.001	0.709
0.001	0.001	0.997	0.001
0.796	0.001	0.202	0.001
0.001	0.821	0.014	0.164
0.092	0.001	0.906	0.001
0.001	0.335	0.001	0.663
0.294	0.520	0.182	0.004
0.445	0.001	0.452	0.102
>CCGATCGGAA	13-CCGATCGGAA	4.723489	-329.804357	0	T:6552.0(12.70%),B:4425.9(9.28%),P:1e-143	Tpos:50.0,Tstd:26.7,Bpos:50.5,Bstd:34.0,StrandBias:-0.0,Multiplicity:1.05
0.121	0.657	0.120	0.102
0.076	0.687	0.129	0.108
0.116	0.101	0.680	0.103
0.671	0.127	0.110	0.092
0.122	0.125	0.090	0.663
0.104	0.684	0.110	0.102
0.142	0.099	0.643	0.116
0.095	0.124	0.714	0.067
0.750	0.087	0.099	0.064
0.736	0.062	0.122	0.080
>TATCAGCAGT	14-TATCAGCAGT	9.588329	-295.954486	0	T:194.0(0.38%),B:17.0(0.04%),P:1e-128	Tpos:67.8,Tstd:11.4,Bpos:53.4,Bstd:20.4,StrandBias:4.1,Multiplicity:1.00
0.001	0.001	0.001	0.997
0.997	0.001	0.001	0.001
0.001	0.001	0.001	0.997
0.001	0.980	0.001	0.018
0.997	0.001	0.001	0.001
0.001	0.001	0.997	0.001
0.001	0.997	0.001	0.001
0.997	0.001	0.001	0.001
0.001	0.001	0.997	0.001
0.001	0.001	0.206	0.792
>ACTTCATCGG	15-ACTTCATCGG	5.910128	-215.582580	0	T:2623.0(5.08%),B:1591.5(3.34%),P:1e-93	Tpos:51.2,Tstd:26.6,Bpos:47.7,Bstd:31.1,StrandBias:-0.1,Multiplicity:1.01
0.694	0.099	0.103	0.104
0.079	0.753	0.093	0.075
0.078	0.108	0.068	0.746
0.066	0.111	0.097	0.726
0.065	0.789	0.077	0.069
0.698	0.153	0.053	0.096
0.078	0.097	0.153	0.672
0.115	0.587	0.142	0.156
0.129	0.087	0.631	0.153
0.107	0.110	0.705	0.078
>CGTCACGTGA	16-CGTCACGTGA	7.456143	-203.619086	0	T:435.0(0.84%),B:129.0(0.27%),P:1e-88	Tpos:37.3,Tstd:22.3,Bpos:47.8,Bstd:34.7,StrandBias:-0.0,Multiplicity:1.05
0.146	0.498	0.269	0.088
0.205	0.188	0.523	0.084
0.056	0.222	0.070	0.652
0.025	0.809	0.151	0.015
0.574	0.106	0.062	0.258
0.067	0.732	0.174	0.027
0.057	0.154	0.765	0.024
0.034	0.243	0.105	0.618
0.020	0.076	0.891	0.013
0.617	0.147	0.151	0.085
>CTGCGCATGC	17-CTGCGCATGC	9.428452	-194.491898	0	T:206.0(0.40%),B:33.5(0.07%),P:1e-84	Tpos:38.7,Tstd:23.4,Bpos:53.5,Bstd:17.5,StrandBias:0.0,Multiplicity:1.00
0.001	0.827	0.171	0.001
0.001	0.001	0.001	0.997
0.027	0.001	0.971	0.001
0.001	0.997	0.001	0.001
0.001	0.001	0.997	0.001
0.001	0.981	0.001	0.017
0.997	0.001	0.001	0.001
0.017	0.001	0.001	0.981
0.002	0.001	0.996	0.001
0.098	0.900	0.001	0.001
>TCGCGAGADY	18-TCGCGAGADY	7.075590	-189.157811	0	T:188.0(0.36%),B:28.4(0.06%),P:1e-82	Tpos:34.2,Tstd:21.7,Bpos:64.3,Bstd:39.2,StrandBias:0.3,Multiplicity:1.35
0.073	0.139	0.192	0.596
0.032	0.768	0.092	0.108
0.100	0.145	0.616	0.139
0.124	0.613	0.174	0.089
0.106	0.129	0.713	0.052
0.687	0.108	0.189	0.016
0.117	0.121	0.656	0.106
0.535	0.196	0.177	0.092
0.203	0.122	0.344	0.332
0.157	0.271	0.187	0.385
>KTAAAAAAAA	19-KTAAAAAAAA	8.570756	-162.627659	0	T:2581.0(5.00%),B:1657.7(3.47%),P:1e-70	Tpos:55.2,Tstd:29.5,Bpos:48.8,Bstd:30.7,StrandBias:-1.5,Multiplicity:1.06
0.134	0.001	0.380	0.485
0.104	0.001	0.163	0.732
0.738	0.001	0.001	0.260
0.825	0.001	0.012	0.162
0.952	0.023	0.024	0.001
0.727	0.200	0.017	0.056
0.813	0.185	0.001	0.001
0.774	0.101	0.026	0.099
0.914	0.021	0.064	0.001
0.835	0.001	0.034	0.130
>CGGCGCTWTA	20-CGGCGCTWTA	9.126810	-145.434482	0	T:104.0(0.20%),B:10.8(0.02%),P:1e-63	Tpos:46.7,Tstd:24.4,Bpos:79.2,Bstd:28.8,StrandBias:-0.6,Multiplicity:1.00
0.037	0.878	0.065	0.020
0.026	0.090	0.883	0.001
0.006	0.183	0.810	0.001
0.001	0.979	0.001	0.019
0.001	0.080	0.811	0.108
0.001	0.992	0.006	0.001
0.006	0.064	0.001	0.929
0.443	0.097	0.020	0.440
0.084	0.156	0.101	0.659
0.646	0.019	0.188	0.147
>TTGCSGAAVH	21-TTGCSGAAVH	4.119391	-132.569800	0	T:510.0(0.99%),B:211.7(0.44%),P:1e-57	Tpos:49.9,Tstd:26.9,Bpos:46.7,Bstd:31.6,StrandBias:0.2,Multiplicity:1.01
0.001	0.001	0.001	0.997
0.001	0.001	0.001	0.997
0.001	0.410	0.588	0.001
0.001	0.997	0.001	0.001
0.001	0.553	0.445	0.001
0.001	0.001	0.997	0.001
0.997	0.001	0.001	0.001
0.997	0.001	0.001	0.001
0.283	0.392	0.324	0.001
0.227	0.329	0.085	0.359
>GCTGAGTCAC	22-GCTGAGTCAC	10.140562	-128.267030	0	T:181.0(0.35%),B:39.3(0.08%),P:1e-55	Tpos:38.5,Tstd:25.5,Bpos:46.9,Bstd:22.9,StrandBias:-0.1,Multiplicity:1.01
0.001	0.001	0.997	0.001
0.001	0.764	0.234	0.001
0.191	0.001	0.001	0.807
0.001	0.001	0.857	0.141
0.993	0.005	0.001	0.001
0.166	0.178	0.655	0.001
0.001	0.001	0.001	0.997
0.001	0.997	0.001	0.001
0.923	0.001	0.075	0.001
0.001	0.715	0.001	0.283
>TACGCTCGTC	23-TACGCTCGTC	7.657314	-102.401508	0	T:59.0(0.11%),B:4.3(0.01%),P:1e-44	Tpos:57.8,Tstd:23.9,Bpos:53.3,Bstd:28.6,StrandBias:-0.3,Multiplicity:1.00
0.123	0.135	0.120	0.622
0.579	0.139	0.162	0.120
0.089	0.763	0.074	0.074
0.105	0.097	0.732	0.066
0.054	0.785	0.087	0.074
0.141	0.079	0.084	0.696
0.048	0.758	0.110	0.084
0.080	0.138	0.616	0.166
0.105	0.133	0.095	0.667
0.043	0.782	0.083	0.092
>AGTTCCGCCC	24-AGTTCCGCCC	8.840290	-99.978150	0	T:154.0(0.30%),B:36.1(0.08%),P:1e-43	Tpos:40.0,Tstd:26.0,Bpos:43.1,Bstd:8.7,StrandBias:-1.1,Multiplicity:1.00
0.735	0.046	0.104	0.115
0.167	0.005	0.582	0.246
0.106	0.205	0.125	0.564
0.272	0.001	0.132	0.595
0.299	0.599	0.005	0.097
0.001	0.963	0.032	0.004
0.001	0.001	0.994	0.004
0.005	0.769	0.216	0.010
0.212	0.401	0.238	0.149
0.015	0.714	0.234	0.037
>CCATAGCGAC	25-CCATAGCGAC	6.805042	-79.826001	0	T:201.0(0.39%),B:67.3(0.14%),P:1e-34	Tpos:47.4,Tstd:27.3,Bpos:50.8,Bstd:27.1,StrandBias:-0.4,Multiplicity:1.01
0.115	0.600	0.151	0.134
0.043	0.763	0.038	0.156
0.578	0.140	0.144	0.138
0.150	0.131	0.174	0.545
0.604	0.050	0.197	0.149
0.140	0.136	0.698	0.026
0.195	0.483	0.117	0.205
0.191	0.195	0.467	0.147
0.572	0.144	0.141	0.143
0.114	0.632	0.130	0.124
>GYCACTTCCGGS	1-GYCACTTCCGGS	7.385312	-1535.912782	0	T:1985.0(3.85%),B:391.7(0.82%),P:1e-667	Tpos:43.2,Tstd:20.9,Bpos:52.3,Bstd:38.3,StrandBias:-0.4,Multiplicity:1.16
0.156	0.176	0.556	0.112
0.033	0.467	0.173	0.326
0.203	0.614	0.024	0.159
0.772	0.001	0.226	0.001
0.010	0.873	0.006	0.111
0.005	0.001	0.070	0.924
0.008	0.001	0.001	0.990
0.007	0.985	0.001	0.007
0.001	0.997	0.001	0.001
0.001	0.001	0.997	0.001
0.016	0.190	0.753	0.041
0.041	0.435	0.304	0.219
>AAGATGGCGGCS	2-AAGATGGCGGCS	9.648594	-1076.190466	0	T:937.0(1.82%),B:117.6(0.25%),P:1e-467	Tpos:70.7,Tstd:19.1,Bpos:46.7,Bstd:32.3,StrandBias:1.4,Multiplicity:1.01
0.843	0.001	0.155	0.001
0.801	0.075	0.103	0.021
0.260	0.195	0.480	0.065
0.987	0.001	0.011	0.001
0.001	0.001	0.005	0.993
0.001	0.001	0.997	0.001
0.001	0.001	0.997	0.001
0.023	0.875	0.001	0.101
0.057	0.131	0.692	0.120
0.110	0.143	0.616	0.131
0.163	0.595	0.067	0.175
0.147	0.300	0.440	0.113
>NKRCCGGAANNN	3-NKRCCGGAANNN	4.077232	-921.534638	0	T:7946.0(15.40%),B:4504.0(9.44%),P:1e-400	Tpos:50.8,Tstd:25.6,Bpos:50.1,Bstd:34.1,StrandBias:0.1,Multiplicity:1.08
0.271	0.331	0.201	0.196
0.168	0.132	0.421	0.280
0.366	0.210	0.314	0.110
0.113	0.776	0.020	0.091
0.001	0.969	0.029	0.001
0.001	0.003	0.995	0.001
0.021	0.003	0.898	0.078
0.794	0.001	0.001	0.204
0.826	0.001	0.003	0.170
0.188	0.224	0.329	0.258
0.273	0.262	0.187	0.278
0.271	0.268	0.158	0.302
>GCCCCGCCCCKB	4-GCCCCGCCCCKB	8.836549	-824.673608	0	T:3310.0(6.41%),B:1404.7(2.94%),P:1e-358	Tpos:31.7,Tstd:20.7,Bpos:50.9,Bstd:35.6,StrandBias:-0.4,Multiplicity:1.04
0.051	0.001	0.947	0.001
0.078	0.776	0.086	0.060
0.078	0.795	0.014	0.113
0.223	0.723	0.026	0.028
0.025	0.917	0.001	0.057
0.048	0.001	0.914	0.037
0.016	0.980	0.002	0.002
0.001	0.969	0.016	0.014
0.018	0.772	0.001	0.209
0.230	0.597	0.002	0.171
0.046	0.178	0.354	0.421
0.075	0.291	0.249	0.384
>GGGGGGGGRRRR	5-GGGGGGGGRRRR	-6.634243	-732.627886	0	T:19750.0(38.27%),B:14497.3(30.38%),P:1e-318	Tpos:45.7,Tstd:22.7,Bpos:49.9,Bstd:30.4,StrandBias:1.2,Multiplicity:1.34
0.001	0.001	0.669	0.329
0.001	0.001	0.588	0.410
0.001	0.001	0.997	0.001
0.001	0.001	0.997	0.001
0.001	0.001	0.997	0.001
0.001	0.001	0.997	0.001
0.001	0.001	0.997	0.001
0.001	0.001	0.997	0.001
0.500	0.001	0.498	0.001
0.568	0.001	0.430	0.001
0.574	0.001	0.424	0.001
0.445	0.001	0.553	0.001
>CTATCAGCAGTT	6-CTATCAGCAGTT	11.782424	-619.336127	0	T:155.0(0.30%),B:1.7(0.00%),P:1e-268	Tpos:67.5,Tstd:12.1,Bpos:33.4,Bstd:13.9,StrandBias:3.8,Multiplicity:1.00
0.012	0.852	0.038	0.098
0.001	0.001	0.001	0.997
0.589	0.409	0.001	0.001
0.001	0.001	0.001	0.997
0.095	0.872	0.032	0.001
0.967	0.001	0.001	0.031
0.032	0.001	0.935	0.032
0.001	0.967	0.031	0.001
0.904	0.032	0.032	0.032
0.031	0.001	0.967	0.001
0.032	0.035	0.088	0.845
0.032	0.001	0.070	0.897
>TGGAGGAGKTGD	7-TGGAGGAGKTGD	5.631674	-605.851235	0	T:13870.0(26.88%),B:9782.7(20.50%),P:1e-263	Tpos:53.0,Tstd:25.5,Bpos:50.3,Bstd:29.8,StrandBias:1.2,Multiplicity:1.10
0.246	0.085	0.116	0.553
0.100	0.016	0.820	0.064
0.159	0.050	0.761	0.030
0.840	0.048	0.055	0.057
0.160	0.014	0.778	0.048
0.144	0.025	0.803	0.028
0.786	0.058	0.075	0.081
0.191	0.075	0.658	0.076
0.167	0.171	0.302	0.360
0.149	0.070	0.149	0.632
0.076	0.066	0.773	0.085
0.313	0.132	0.345	0.211
>SBGCGCATGCGC	8-SBGCGCATGCGC	11.054218	-588.934921	0	T:870.0(1.69%),B:193.5(0.41%),P:1e-255	Tpos:37.6,Tstd:18.7,Bpos:51.2,Bstd:40.2,StrandBias:-0.1,Multiplicity:1.08
0.179	0.376	0.336	0.109
0.108	0.254	0.261	0.377
0.001	0.001	0.997	0.001
0.012	0.978	0.009	0.001
0.001	0.001	0.997	0.001
0.001	0.997	0.001	0.001
0.519	0.206	0.216	0.059
0.076	0.178	0.137	0.609
0.001	0.001	0.997	0.001
0.001	0.992	0.001	0.006
0.001	0.007	0.918	0.074
0.001	0.992	0.001	0.006
>CGCATGCGCAGT	9-CGCATGCGCAGT	9.238265	-473.980868	0	T:751.0(1.46%),B:177.4(0.37%),P:1e-205	Tpos:41.4,Tstd:22.1,Bpos:51.1,Bstd:30.3,StrandBias:0.2,Multiplicity:1.02
0.187	0.694	0.100	0.019
0.108	0.022	0.845	0.025
0.008	0.919	0.068	0.005
0.823	0.117	0.038	0.022
0.024	0.054	0.141	0.781
0.011	0.065	0.913	0.011
0.022	0.921	0.022	0.035
0.016	0.097	0.742	0.145
0.011	0.931	0.016	0.042
0.869	0.035	0.061	0.035
0.037	0.086	0.866	0.011
0.116	0.100	0.082	0.702
>TCTTCATCATCA	10-TCTTCATCATCA	6.268962	-453.518135	0	T:6316.0(12.24%),B:3988.5(8.36%),P:1e-196	Tpos:53.2,Tstd:26.2,Bpos:50.2,Bstd:30.8,StrandBias:-1.5,Multiplicity:1.13
0.071	0.079	0.051	0.799
0.036	0.823	0.045	0.096
0.214	0.117	0.035	0.634
0.045	0.086	0.072	0.797
0.029	0.871	0.034	0.066
0.591	0.140	0.039	0.230
0.057	0.078	0.087	0.778
0.045	0.854	0.038	0.063
0.632	0.096	0.032	0.240
0.059	0.075	0.113	0.753
0.063	0.809	0.057	0.071
0.658	0.105	0.038	0.199
>GCAGCAGCAGCT	11-GCAGCAGCAGCT	-2.741050	-314.775523	0	T:16819.0(32.59%),B:13171.8(27.61%),P:1e-136	Tpos:53.6,Tstd:26.5,Bpos:49.6,Bstd:32.5,StrandBias:0.2,Multiplicity:1.28
0.001	0.001	0.984	0.014
0.001	0.931	0.063	0.005
0.820	0.001	0.089	0.090
0.004	0.001	0.994	0.001
0.001	0.997	0.001	0.001
0.910	0.001	0.028	0.061
0.005	0.005	0.975	0.015
0.001	0.997	0.001	0.001
0.876	0.001	0.089	0.034
0.032	0.044	0.923	0.001
0.005	0.966	0.001	0.028
0.182	0.020	0.133	0.665
>TTTTTTTTYAGG	12-TTTTTTTTYAGG	7.764393	-308.743267	0	T:3977.0(7.71%),B:2452.6(5.14%),P:1e-134	Tpos:46.9,Tstd:25.5,Bpos:50.4,Bstd:30.1,StrandBias:1.1,Multiplicity:1.03
0.085	0.001	0.001	0.913
0.001	0.023	0.001	0.975
0.129	0.180	0.132	0.559
0.150	0.287	0.077	0.486
0.128	0.165	0.087	0.620
0.001	0.182	0.001	0.816
0.001	0.107	0.001	0.891
0.145	0.239	0.152	0.464
0.125	0.510	0.001	0.364
0.969	0.029	0.001	0.001
0.059	0.001	0.939	0.001
0.239	0.096	0.432	0.233
>SGGTSACGTSAC	13-SGGTSACGTSAC	7.951515	-288.484067	0	T:795.0(1.54%),B:276.7(0.58%),P:1e-125	Tpos:36.6,Tstd:21.5,Bpos:45.8,Bstd:32.9,StrandBias:-0.0,Multiplicity:1.05
0.090	0.472	0.355	0.083
0.179	0.269	0.493	0.059
0.111	0.283	0.602	0.004
0.001	0.213	0.035	0.751
0.001	0.550	0.448	0.001
0.986	0.001	0.012	0.001
0.001	0.916	0.027	0.056
0.040	0.075	0.884	0.001
0.001	0.009	0.002	0.988
0.001	0.441	0.557	0.001
0.823	0.015	0.161	0.001
0.008	0.670	0.214	0.108
>TTCCGGTTCCGT	14-TTCCGGTTCCGT	10.559924	-266.607767	0	T:129.0(0.25%),B:6.6(0.01%),P:1e-115	Tpos:46.0,Tstd:22.8,Bpos:50.3,Bstd:13.9,StrandBias:0.5,Multiplicity:1.02
0.065	0.026	0.026	0.883
0.001	0.026	0.032	0.941
0.006	0.929	0.020	0.045
0.045	0.864	0.039	0.052
0.103	0.019	0.809	0.069
0.019	0.026	0.896	0.059
0.129	0.166	0.046	0.659
0.026	0.026	0.032	0.916
0.013	0.897	0.058	0.032
0.052	0.896	0.032	0.020
0.045	0.158	0.687	0.110
0.032	0.086	0.243	0.639
>CGCCGATTGGCC	15-CGCCGATTGGCC	6.980696	-219.102342	0	T:1348.0(2.61%),B:672.5(1.41%),P:1e-95	Tpos:38.3,Tstd:26.4,Bpos:49.4,Bstd:30.4,StrandBias:-0.2,Multiplicity:1.03
0.210	0.579	0.034	0.177
0.099	0.164	0.507	0.230
0.025	0.828	0.107	0.040
0.034	0.590	0.034	0.342
0.012	0.163	0.770	0.055
0.948	0.037	0.006	0.009
0.012	0.071	0.074	0.843
0.006	0.009	0.028	0.957
0.009	0.040	0.911	0.040
0.006	0.018	0.967	0.009
0.154	0.435	0.213	0.198
0.161	0.512	0.127	0.200
>AAATCTCGCGAG	16-AAATCTCGCGAG	9.833631	-210.537655	0	T:79.0(0.15%),B:2.6(0.01%),P:1e-91	Tpos:35.0,Tstd:22.3,Bpos:62.0,Bstd:0.0,StrandBias:-0.5,Multiplicity:1.04
0.732	0.081	0.101	0.086
0.698	0.111	0.129	0.062
0.675	0.131	0.099	0.095
0.073	0.098	0.085	0.744
0.069	0.795	0.068	0.068
0.046	0.096	0.068	0.790
0.061	0.772	0.095	0.072
0.087	0.100	0.710	0.103
0.094	0.722	0.094	0.090
0.085	0.108	0.738	0.069
0.807	0.061	0.093	0.039
0.070	0.052	0.816	0.062
>NNCAGCCAATCG	17-NNCAGCCAATCG	6.673297	-166.760488	0	T:239.0(0.46%),B:52.9(0.11%),P:1e-72	Tpos:30.4,Tstd:24.6,Bpos:54.2,Bstd:34.7,StrandBias:-0.6,Multiplicity:1.01
0.263	0.316	0.212	0.209
0.229	0.272	0.245	0.254
0.133	0.562	0.124	0.181
0.504	0.186	0.210	0.100
0.151	0.158	0.547	0.144
0.148	0.563	0.129	0.160
0.109	0.551	0.213	0.127
0.585	0.092	0.174	0.149
0.662	0.097	0.118	0.123
0.122	0.118	0.081	0.679
0.181	0.404	0.211	0.205
0.201	0.162	0.437	0.200
>AAGAAGCCGAAG	18-AAGAAGCCGAAG	12.169291	-165.109778	0	T:55.0(0.11%),B:1.9(0.00%),P:1e-71	Tpos:52.7,Tstd:28.6,Bpos:43.0,Bstd:0.0,StrandBias:0.1,Multiplicity:1.00
0.997	0.001	0.001	0.001
0.966	0.001	0.032	0.001
0.032	0.001	0.966	0.001
0.901	0.033	0.033	0.033
0.966	0.001	0.001	0.032
0.187	0.001	0.779	0.033
0.001	0.966	0.032	0.001
0.001	0.933	0.033	0.033
0.187	0.001	0.779	0.033
0.933	0.001	0.033	0.033
0.869	0.001	0.097	0.033
0.001	0.032	0.966	0.001
>TTTTTTTTTWAA	19-TTTTTTTTTWAA	10.945156	-129.577544	0	T:1006.0(1.95%),B:541.1(1.13%),P:1e-56	Tpos:60.0,Tstd:28.7,Bpos:47.3,Bstd:29.0,StrandBias:1.9,Multiplicity:1.02
0.015	0.083	0.001	0.901
0.018	0.039	0.097	0.846
0.144	0.001	0.047	0.808
0.087	0.079	0.105	0.729
0.036	0.001	0.080	0.883
0.082	0.047	0.001	0.870
0.083	0.005	0.008	0.904
0.097	0.052	0.046	0.805
0.298	0.010	0.006	0.686
0.545	0.004	0.001	0.450
0.753	0.080	0.001	0.166
0.545	0.118	0.140	0.197
>GCGCAGGCTCGC	20-GCGCAGGCTCGC	10.576111	-104.059995	0	T:140.0(0.27%),B:29.4(0.06%),P:1e-45	Tpos:43.0,Tstd:25.8,Bpos:52.4,Bstd:16.8,StrandBias:0.2,Multiplicity:1.00
0.034	0.072	0.850	0.044
0.056	0.894	0.011	0.039
0.039	0.017	0.905	0.039
0.045	0.855	0.083	0.017
0.780	0.114	0.072	0.034
0.033	0.168	0.749	0.050
0.100	0.050	0.828	0.022
0.043	0.859	0.087	0.011
0.111	0.069	0.083	0.737
0.028	0.883	0.028	0.061
0.055	0.056	0.850	0.039
0.061	0.823	0.094	0.022
>AGCCGGCAGTTG	21-AGCCGGCAGTTG	8.162091	-72.649085	0	T:423.0(0.82%),B:208.3(0.44%),P:1e-31	Tpos:54.9,Tstd:23.8,Bpos:47.4,Bstd:26.7,StrandBias:1.1,Multiplicity:1.00
0.828	0.043	0.064	0.065
0.001	0.058	0.905	0.036
0.030	0.898	0.036	0.036
0.117	0.743	0.073	0.067
0.082	0.029	0.765	0.124
0.029	0.080	0.869	0.022
0.001	0.863	0.108	0.028
0.767	0.051	0.102	0.080
0.036	0.080	0.826	0.058
0.052	0.072	0.007	0.869
0.044	0.044	0.094	0.818
0.001	0.072	0.857	0.070
>AAAGGCGGCGGC	22-AAAGGCGGCGGC	8.779063	-62.631335	0	T:158.0(0.31%),B:53.8(0.11%),P:1e-27	Tpos:59.0,Tstd:28.2,Bpos:39.3,Bstd:11.1,StrandBias:0.6,Multiplicity:1.00
0.605	0.181	0.144	0.070
0.650	0.163	0.131	0.056
0.640	0.081	0.101	0.178
0.128	0.081	0.723	0.068
0.141	0.163	0.632	0.064
0.196	0.573	0.125	0.106
0.250	0.115	0.526	0.109
0.116	0.197	0.596	0.091
0.263	0.526	0.091	0.120
0.094	0.175	0.581	0.150
0.074	0.294	0.546	0.086
0.081	0.691	0.113	0.115
>TCCTCCCCCTGG	23-TCCTCCCCCTGG	8.137070	-62.129684	0	T:1135.0(2.20%),B:749.5(1.57%),P:1e-26	Tpos:52.7,Tstd:22.7,Bpos:52.1,Bstd:27.0,StrandBias:-1.0,Multiplicity:1.02
0.055	0.070	0.123	0.752
0.140	0.470	0.108	0.281
0.059	0.814	0.087	0.040
0.015	0.001	0.011	0.973
0.072	0.826	0.012	0.090
0.129	0.699	0.141	0.031
0.043	0.930	0.023	0.004
0.035	0.867	0.059	0.039
0.051	0.865	0.060	0.024
0.001	0.001	0.001	0.997
0.135	0.157	0.430	0.278
0.063	0.089	0.626	0.222
>CGCCTTTAAAGG	24-CGCCTTTAAAGG	9.344897	-40.095866	0	T:115.0(0.22%),B:42.4(0.09%),P:1e-17	Tpos:48.7,Tstd:25.8,Bpos:49.5,Bstd:31.2,StrandBias:-0.5,Multiplicity:1.00
0.106	0.794	0.042	0.058
0.096	0.086	0.657	0.161
0.038	0.851	0.053	0.058
0.028	0.897	0.021	0.054
0.037	0.058	0.033	0.872
0.063	0.049	0.027	0.861
0.027	0.048	0.058	0.867
0.814	0.069	0.064	0.053
0.872	0.037	0.028	0.063
0.867	0.027	0.074	0.032
0.090	0.026	0.817	0.067
0.042	0.059	0.845	0.054
>GGGCGGTGGCGG	25-GGGCGGTGGCGG	11.625977	-29.188107	0	T:138.0(0.27%),B:64.8(0.14%),P:1e-12	Tpos:52.3,Tstd:26.6,Bpos:20.4,Bstd:23.9,StrandBias:0.6,Multiplicity:1.00
0.001	0.001	0.997	0.001
0.001	0.001	0.997	0.001
0.198	0.001	0.800	0.001
0.304	0.603	0.056	0.037
0.001	0.077	0.740	0.182
0.001	0.057	0.868	0.074
0.174	0.037	0.001	0.788
0.096	0.111	0.718	0.075
0.193	0.156	0.650	0.001
0.001	0.997	0.001	0.001
0.001	0.001	0.864	0.134
0.285	0.001	0.576	0.138
>CCGGAA	1-CCGGAA	6.871451	-1210.232372	0	T:4717.0(9.14%),B:1989.2(4.17%),P:1e-525	Tpos:46.2,Tstd:24.5,Bpos:49.0,Bstd:37.3,StrandBias:0.3,Multiplicity:1.26
0.001	0.759	0.239	0.001
0.001	0.997	0.001	0.001
0.001	0.001	0.997	0.001
0.001	0.001	0.997	0.001
0.997	0.001	0.001	0.001
0.997	0.001	0.001	0.001
>THTCCG	2-THTCCG	5.083419	-951.280889	0	T:7709.0(14.94%),B:4292.0(8.99%),P:1e-413	Tpos:52.5,Tstd:27.5,Bpos:49.8,Bstd:37.5,StrandBias:-0.4,Multiplicity:1.04
0.001	0.190	0.182	0.627
0.375	0.251	0.001	0.372
0.134	0.001	0.001	0.864
0.176	0.686	0.137	0.001
0.001	0.943	0.055	0.001
0.001	0.001	0.997	0.001
>CTCCTC	3-CTCCTC	4.047915	-859.265912	0	T:30897.0(59.88%),B:24244.4(50.81%),P:1e-373	Tpos:50.2,Tstd:26.0,Bpos:50.1,Bstd:32.4,StrandBias:-1.0,Multiplicity:1.85
0.001	0.883	0.001	0.115
0.001	0.144	0.001	0.854
0.001	0.997	0.001	0.001
0.068	0.755	0.001	0.176
0.001	0.106	0.001	0.892
0.001	0.997	0.001	0.001
>TAGGGG	4-TAGGGG	3.388124	-699.176192	0	T:21711.0(42.07%),B:16303.7(34.17%),P:1e-303	Tpos:49.2,Tstd:24.9,Bpos:49.9,Bstd:30.1,StrandBias:0.9,Multiplicity:1.22
0.272	0.001	0.001	0.726
0.663	0.001	0.148	0.188
0.015	0.044	0.928	0.013
0.018	0.034	0.933	0.015
0.001	0.063	0.896	0.040
0.001	0.027	0.971	0.001
>GCCGTT	5-GCCGTT	3.337542	-575.285798	0	T:26501.0(51.36%),B:20967.9(43.94%),P:1e-249	Tpos:50.9,Tstd:27.8,Bpos:49.8,Bstd:32.9,StrandBias:-0.0,Multiplicity:1.45
0.107	0.133	0.665	0.095
0.023	0.776	0.124	0.077
0.109	0.628	0.105	0.158
0.124	0.071	0.692	0.113
0.233	0.172	0.091	0.504
0.170	0.093	0.003	0.734
>ATGACG	6-ATGACG	5.384504	-567.158264	0	T:8039.0(15.58%),B:5123.1(10.74%),P:1e-246	Tpos:51.3,Tstd:28.1,Bpos:49.8,Bstd:32.6,StrandBias:0.6,Multiplicity:1.20
0.605	0.091	0.283	0.021
0.015	0.029	0.001	0.955
0.001	0.001	0.984	0.014
0.826	0.018	0.129	0.027
0.054	0.776	0.033	0.137
0.001	0.027	0.971	0.001
>AYTGGA	7-AYTGGA	2.178515	-525.256846	0	T:19151.0(37.11%),B:14531.5(30.45%),P:1e-228	Tpos:51.1,Tstd:28.2,Bpos:50.2,Bstd:31.6,StrandBias:0.1,Multiplicity:1.15
0.997	0.001	0.001	0.001
0.001	0.550	0.001	0.448
0.001	0.354	0.001	0.644
0.007	0.045	0.947	0.001
0.001	0.001	0.997	0.001
0.502	0.193	0.001	0.304
>CCHTCA	8-CCHTCA	4.727481	-485.949521	0	T:25569.0(49.55%),B:20401.2(42.76%),P:1e-211	Tpos:51.4,Tstd:27.5,Bpos:50.3,Bstd:30.4,StrandBias:-0.7,Multiplicity:1.13
0.001	0.712	0.011	0.276
0.001	0.701	0.297	0.001
0.295	0.388	0.039	0.278
0.256	0.001	0.001	0.742
0.075	0.923	0.001	0.001
0.749	0.001	0.001	0.249
>GTCGGT	9-GTCGGT	4.413033	-402.407555	0	T:9502.0(18.41%),B:6649.8(13.94%),P:1e-174	Tpos:52.1,Tstd:27.7,Bpos:50.4,Bstd:34.4,StrandBias:0.5,Multiplicity:1.13
0.049	0.001	0.861	0.089
0.017	0.001	0.186	0.796
0.051	0.905	0.043	0.001
0.125	0.001	0.873	0.001
0.034	0.074	0.891	0.001
0.159	0.099	0.001	0.741
>ATCWTC	10-ATCWTC	4.399289	-399.015215	0	T:21885.0(42.41%),B:17367.0(36.40%),P:1e-173	Tpos:52.5,Tstd:28.4,Bpos:49.8,Bstd:31.5,StrandBias:-0.6,Multiplicity:1.26
0.501	0.104	0.228	0.167
0.068	0.166	0.202	0.564
0.069	0.929	0.001	0.001
0.363	0.070	0.174	0.393
0.083	0.027	0.087	0.803
0.019	0.815	0.001	0.165
>AGCGGT	11-AGCGGT	5.251456	-355.719001	0	T:7492.0(14.52%),B:5122.1(10.73%),P:1e-154	Tpos:53.3,Tstd:28.0,Bpos:50.4,Bstd:34.9,StrandBias:0.4,Multiplicity:1.05
0.997	0.001	0.001	0.001
0.001	0.001	0.997	0.001
0.001	0.997	0.001	0.001
0.167	0.001	0.831	0.001
0.001	0.099	0.644	0.256
0.221	0.001	0.001	0.777
>TAACGG	12-TAACGG	3.652604	-331.348059	0	T:8169.0(15.83%),B:5733.9(12.02%),P:1e-143	Tpos:49.7,Tstd:28.3,Bpos:50.8,Bstd:36.3,StrandBias:-0.1,Multiplicity:1.06
0.167	0.008	0.049	0.776
0.809	0.001	0.001	0.189
0.680	0.001	0.084	0.235
0.001	0.997	0.001	0.001
0.001	0.001	0.997	0.001
0.095	0.237	0.657	0.011
>CCGTTG	13-CCGTTG	5.943194	-314.276586	0	T:4457.0(8.64%),B:2809.6(5.89%),P:1e-136	Tpos:49.6,Tstd:29.2,Bpos:49.5,Bstd:30.4,StrandBias:0.4,Multiplicity:1.01
0.001	0.997	0.001	0.001
0.325	0.673	0.001	0.001
0.001	0.001	0.997	0.001
0.358	0.001	0.001	0.640
0.218	0.001	0.001	0.780
0.001	0.001	0.997	0.001
>TACARC	14-TACARC	0.549683	-301.293657	0	T:14184.0(27.49%),B:10917.2(22.88%),P:1e-130	Tpos:50.5,Tstd:28.5,Bpos:49.5,Bstd:30.9,StrandBias:-0.2,Multiplicity:1.10
0.001	0.001	0.047	0.951
0.997	0.001	0.001	0.001
0.001	0.997	0.001	0.001
0.960	0.001	0.038	0.001
0.360	0.001	0.399	0.239
0.001	0.997	0.001	0.001
>GCMGCA	15-GCMGCA	5.632720	-261.359356	0	T:12473.0(24.17%),B:9579.6(20.08%),P:1e-113	Tpos:52.5,Tstd:28.2,Bpos:50.4,Bstd:33.4,StrandBias:0.1,Multiplicity:1.16
0.001	0.001	0.997	0.001
0.001	0.997	0.001	0.001
0.446	0.335	0.217	0.001
0.001	0.001	0.987	0.011
0.001	0.795	0.001	0.203
0.768	0.001	0.001	0.230
>GGGAAA	16-GGGAAA	5.715371	-241.030313	0	T:15838.0(30.69%),B:12596.7(26.40%),P:1e-104	Tpos:51.2,Tstd:27.4,Bpos:50.3,Bstd:32.6,StrandBias:0.5,Multiplicity:1.12
0.001	0.001	0.997	0.001
0.001	0.001	0.997	0.001
0.171	0.114	0.607	0.108
0.742	0.001	0.256	0.001
0.933	0.001	0.001	0.065
0.997	0.001	0.001	0.001
>TGCGCA	17-TGCGCA	6.177716	-220.919797	0	T:1039.0(2.01%),B:468.9(0.98%),P:1e-95	Tpos:42.0,Tstd:23.9,Bpos:54.3,Bstd:33.9,StrandBias:0.0,Multiplicity:1.06
0.100	0.100	0.100	0.700
0.100	0.100	0.700	0.100
0.100	0.700	0.100	0.100
0.100	0.100	0.700	0.100
0.100	0.700	0.100	0.100
0.700	0.100	0.100	0.100
>YTCKCG	18-YTCKCG	2.219859	-201.913921	0	T:7189.0(13.93%),B:5289.6(11.09%),P:1e-87	Tpos:47.8,Tstd:26.9,Bpos:50.2,Bstd:39.3,StrandBias:-0.1,Multiplicity:1.18
0.001	0.449	0.001	0.549
0.001	0.001	0.009	0.989
0.001	0.997	0.001	0.001
0.001	0.001	0.459	0.539
0.001	0.997	0.001	0.001
0.001	0.001	0.997	0.001
>AAAGCG	19-AAAGCG	4.904818	-192.738991	0	T:7336.0(14.22%),B:5442.5(11.41%),P:1e-83	Tpos:50.2,Tstd:28.1,Bpos:50.2,Bstd:32.8,StrandBias:-0.1,Multiplicity:1.04
0.761	0.001	0.001	0.237
0.873	0.085	0.001	0.041
0.903	0.001	0.001	0.095
0.001	0.068	0.930	0.001
0.001	0.997	0.001	0.001
0.001	0.188	0.810	0.001
>CKTCGA	20-CKTCGA	5.252031	-175.747248	0	T:3474.0(6.73%),B:2327.9(4.88%),P:1e-76	Tpos:53.2,Tstd:28.6,Bpos:51.2,Bstd:36.7,StrandBias:0.0,Multiplicity:1.04
0.188	0.593	0.001	0.218
0.001	0.002	0.458	0.539
0.374	0.022	0.002	0.602
0.027	0.950	0.001	0.022
0.026	0.001	0.972	0.001
0.974	0.001	0.001	0.024
>CGGTTG	21-CGGTTG	6.879784	-162.498175	0	T:1424.0(2.76%),B:793.8(1.66%),P:1e-70	Tpos:51.8,Tstd:28.2,Bpos:47.7,Bstd:32.4,StrandBias:0.2,Multiplicity:1.01
0.001	0.997	0.001	0.001
0.001	0.001	0.997	0.001
0.241	0.001	0.757	0.001
0.001	0.001	0.001	0.997
0.001	0.001	0.001	0.997
0.001	0.001	0.997	0.001
>GGTAAG	22-GGTAAG	6.177716	-153.137810	0	T:2010.0(3.90%),B:1239.3(2.60%),P:1e-66	Tpos:59.5,Tstd:28.4,Bpos:50.2,Bstd:31.5,StrandBias:0.8,Multiplicity:1.02
0.100	0.100	0.700	0.100
0.100	0.100	0.700	0.100
0.100	0.100	0.100	0.700
0.700	0.100	0.100	0.100
0.700	0.100	0.100	0.100
0.100	0.100	0.700	0.100
>AWCAGT	23-AWCAGT	4.870757	-117.404181	0	T:9007.0(17.45%),B:7172.2(15.03%),P:1e-50	Tpos:49.4,Tstd:28.4,Bpos:50.3,Bstd:29.4,StrandBias:0.1,Multiplicity:1.08
0.612	0.001	0.250	0.137
0.319	0.147	0.066	0.469
0.052	0.860	0.087	0.001
0.636	0.201	0.034	0.129
0.033	0.001	0.965	0.001
0.188	0.037	0.309	0.466
>TCYRCT	24-TCYRCT	6.232640	-76.405214	0	T:3073.0(5.96%),B:2280.7(4.78%),P:1e-33	Tpos:50.3,Tstd:27.9,Bpos:48.9,Bstd:28.9,StrandBias:-1.1,Multiplicity:1.02
0.001	0.001	0.001	0.997
0.001	0.997	0.001	0.001
0.119	0.479	0.036	0.366
0.478	0.001	0.355	0.166
0.001	0.820	0.178	0.001
0.213	0.050	0.071	0.666
>ACCTTT	25-ACCTTT	7.477744	-62.581068	0	T:2831.0(5.49%),B:2129.2(4.46%),P:1e-27	Tpos:51.8,Tstd:28.5,Bpos:50.9,Bstd:31.3,StrandBias:-0.2,Multiplicity:1.03
0.661	0.001	0.001	0.337
0.001	0.997	0.001	0.001
0.001	0.997	0.001	0.001
0.001	0.001	0.001	0.997
0.001	0.001	0.337	0.661
0.001	0.001	0.001	0.997
>CCGGAAGT	1-CCGGAAGT	6.039065	-1546.451030	0	T:2342.0(4.54%),B:535.7(1.12%),P:1e-671	Tpos:43.1,Tstd:21.8,Bpos:51.2,Bstd:38.1,StrandBias:0.3,Multiplicity:1.19
0.001	0.815	0.183	0.001
0.001	0.997	0.001	0.001
0.001	0.001	0.997	0.001
0.001	0.001	0.997	0.001
0.997	0.001	0.001	0.001
0.997	0.001	0.001	0.001
0.044	0.001	0.954	0.001
0.001	0.191	0.001	0.807
>AGCSGMAA	2-AGCSGMAA	3.400574	-1038.115585	0	T:27037.0(52.40%),B:20248.8(42.44%),P:1e-450	Tpos:52.4,Tstd:26.7,Bpos:49.7,Bstd:31.9,StrandBias:0.4,Multiplicity:1.38
0.465	0.088	0.176	0.270
0.133	0.194	0.545	0.128
0.079	0.634	0.232	0.055
0.204	0.269	0.407	0.121
0.104	0.174	0.655	0.067
0.287	0.405	0.187	0.120
0.548	0.114	0.097	0.241
0.545	0.084	0.285	0.086
>CCCCCCCC	3-CCCCCCCC	4.892535	-972.720702	0	T:16563.0(32.10%),B:11249.2(23.58%),P:1e-422	Tpos:43.1,Tstd:23.1,Bpos:49.6,Bstd:31.9,StrandBias:-1.1,Multiplicity:1.42
0.104	0.619	0.095	0.182
0.098	0.759	0.014	0.129
0.096	0.746	0.049	0.109
0.065	0.810	0.066	0.059
0.044	0.820	0.060	0.076
0.049	0.745	0.091	0.115
0.070	0.848	0.001	0.081
0.155	0.653	0.003	0.189
>CSGGWAGT	4-CSGGWAGT	2.360632	-832.140045	0	T:7122.0(13.80%),B:4015.4(8.42%),P:1e-361	Tpos:51.8,Tstd:26.7,Bpos:49.6,Bstd:31.8,StrandBias:0.6,Multiplicity:1.04
0.001	0.987	0.011	0.001
0.001	0.508	0.490	0.001
0.001	0.001	0.997	0.001
0.001	0.333	0.665	0.001
0.490	0.001	0.001	0.508
0.824	0.001	0.001	0.174
0.001	0.001	0.991	0.007
0.153	0.001	0.001	0.845
>GATGACGA	5-GATGACGA	4.375727	-725.195866	0	T:13701.0(26.55%),B:9375.7(19.65%),P:1e-314	Tpos:53.6,Tstd:27.0,Bpos:49.9,Bstd:33.1,StrandBias:1.1,Multiplicity:1.19
0.143	0.136	0.631	0.090
0.491	0.166	0.245	0.099
0.214	0.189	0.129	0.468
0.031	0.044	0.870	0.055
0.577	0.058	0.283	0.082
0.151	0.468	0.136	0.245
0.097	0.060	0.788	0.055
0.527	0.074	0.173	0.226
>TTTAGVGG	6-TTTAGVGG	4.206372	-724.589992	0	T:16263.0(31.52%),B:11521.7(24.15%),P:1e-314	Tpos:50.1,Tstd:26.4,Bpos:49.6,Bstd:30.5,StrandBias:0.8,Multiplicity:1.11
0.015	0.009	0.177	0.799
0.119	0.024	0.128	0.729
0.238	0.100	0.065	0.597
0.487	0.150	0.173	0.191
0.142	0.202	0.519	0.137
0.279	0.326	0.350	0.045
0.001	0.173	0.759	0.067
0.007	0.181	0.799	0.013
>TGGAGGAG	7-TGGAGGAG	4.699060	-704.114846	0	T:11028.0(21.37%),B:7238.3(15.17%),P:1e-305	Tpos:53.5,Tstd:26.4,Bpos:50.1,Bstd:31.6,StrandBias:1.1,Multiplicity:1.08
0.128	0.131	0.083	0.658
0.127	0.131	0.640	0.102
0.145	0.084	0.620	0.151
0.569	0.179	0.104	0.148
0.109	0.130	0.660	0.101
0.117	0.148	0.597	0.138
0.593	0.144	0.101	0.162
0.144	0.097	0.664	0.095
>CGAAWGCG	8-CGAAWGCG	4.542738	-695.840324	0	T:7690.0(14.90%),B:4636.8(9.72%),P:1e-302	Tpos:47.7,Tstd:26.4,Bpos:50.2,Bstd:38.0,StrandBias:0.2,Multiplicity:1.16
0.043	0.775	0.112	0.070
0.008	0.090	0.861	0.041
0.385	0.224	0.224	0.168
0.415	0.145	0.178	0.262
0.486	0.071	0.036	0.407
0.186	0.282	0.448	0.084
0.195	0.537	0.001	0.267
0.007	0.001	0.695	0.297
>SGCCGKTT	9-SGCCGKTT	3.920779	-571.353392	0	T:16198.0(31.39%),B:11841.7(24.82%),P:1e-248	Tpos:51.1,Tstd:26.9,Bpos:49.9,Bstd:31.1,StrandBias:0.1,Multiplicity:1.17
0.078	0.363	0.435	0.124
0.198	0.099	0.647	0.056
0.001	0.673	0.207	0.119
0.083	0.760	0.096	0.061
0.206	0.073	0.489	0.232
0.134	0.118	0.308	0.440
0.139	0.078	0.080	0.703
0.110	0.001	0.124	0.765
>TATGGCGG	10-TATGGCGG	5.193521	-532.517913	0	T:3965.0(7.68%),B:2120.8(4.44%),P:1e-231	Tpos:55.0,Tstd:27.1,Bpos:49.1,Bstd:34.4,StrandBias:0.5,Multiplicity:1.03
0.108	0.107	0.077	0.708
0.836	0.056	0.036	0.072
0.063	0.180	0.103	0.654
0.079	0.137	0.736	0.048
0.144	0.051	0.730	0.075
0.025	0.849	0.047	0.079
0.065	0.172	0.677	0.086
0.020	0.086	0.813	0.081
>GACGTCAB	11-GACGTCAB	6.328477	-446.457442	0	T:2037.0(3.95%),B:908.9(1.90%),P:1e-193	Tpos:45.1,Tstd:26.3,Bpos:50.8,Bstd:33.9,StrandBias:-0.2,Multiplicity:1.03
0.001	0.121	0.557	0.321
0.670	0.001	0.328	0.001
0.001	0.997	0.001	0.001
0.001	0.001	0.997	0.001
0.001	0.110	0.001	0.888
0.001	0.813	0.085	0.101
0.865	0.083	0.051	0.001
0.133	0.353	0.216	0.299
>CCGATTGG	12-CCGATTGG	4.441670	-414.921540	0	T:8868.0(17.19%),B:6100.7(12.79%),P:1e-180	Tpos:48.6,Tstd:28.0,Bpos:49.7,Bstd:31.4,StrandBias:0.3,Multiplicity:1.05
0.126	0.655	0.133	0.086
0.020	0.745	0.132	0.103
0.065	0.073	0.771	0.091
0.758	0.008	0.136	0.098
0.070	0.047	0.100	0.783
0.118	0.071	0.037	0.774
0.034	0.040	0.817	0.109
0.104	0.140	0.701	0.055
>CCAGWGGA	13-CCAGWGGA	4.848222	-374.744044	0	T:12182.0(23.61%),B:8963.3(18.78%),P:1e-162	Tpos:51.7,Tstd:27.3,Bpos:49.8,Bstd:29.5,StrandBias:0.3,Multiplicity:1.10
0.065	0.687	0.105	0.143
0.130	0.461	0.211	0.198
0.680	0.013	0.105	0.202
0.001	0.339	0.602	0.058
0.454	0.144	0.018	0.383
0.257	0.014	0.526	0.203
0.089	0.065	0.815	0.031
0.815	0.011	0.097	0.077
>TAGGCGGT	14-TAGGCGGT	5.461872	-351.587254	0	T:4041.0(7.83%),B:2428.2(5.09%),P:1e-152	Tpos:50.8,Tstd:27.6,Bpos:51.9,Bstd:31.7,StrandBias:0.9,Multiplicity:1.03
0.206	0.001	0.239	0.554
0.517	0.237	0.072	0.174
0.025	0.028	0.946	0.001
0.029	0.041	0.676	0.254
0.063	0.756	0.001	0.180
0.058	0.001	0.905	0.036
0.100	0.019	0.680	0.201
0.097	0.047	0.050	0.806
>CGATTGGC	15-CGATTGGC	6.679948	-336.224805	0	T:1566.0(3.03%),B:703.8(1.48%),P:1e-146	Tpos:37.1,Tstd:27.2,Bpos:52.2,Bstd:29.8,StrandBias:0.2,Multiplicity:1.02
0.036	0.724	0.052	0.188
0.001	0.102	0.818	0.079
0.948	0.001	0.026	0.025
0.001	0.010	0.001	0.988
0.001	0.006	0.001	0.992
0.032	0.006	0.914	0.048
0.014	0.036	0.928	0.022
0.092	0.804	0.001	0.103
>ACTGATCG	16-ACTGATCG	4.768579	-313.279833	0	T:6738.0(13.06%),B:4613.9(9.67%),P:1e-136	Tpos:52.0,Tstd:27.1,Bpos:50.5,Bstd:31.0,StrandBias:-0.2,Multiplicity:1.06
0.708	0.099	0.088	0.105
0.085	0.788	0.042	0.085
0.066	0.094	0.080	0.760
0.031	0.051	0.865	0.053
0.728	0.067	0.129	0.076
0.040	0.160	0.114	0.686
0.064	0.778	0.091	0.067
0.116	0.137	0.690	0.057
>CGTCACGT	17-CGTCACGT	7.792110	-246.935003	0	T:482.0(0.93%),B:134.1(0.28%),P:1e-107	Tpos:33.4,Tstd:22.1,Bpos:53.1,Bstd:41.0,StrandBias:-0.0,Multiplicity:1.02
0.048	0.729	0.198	0.025
0.013	0.015	0.971	0.001
0.001	0.001	0.001	0.997
0.047	0.674	0.210	0.069
0.974	0.001	0.012	0.013
0.001	0.971	0.011	0.017
0.011	0.001	0.976	0.012
0.061	0.050	0.067	0.822
>AGTTCGTC	18-AGTTCGTC	5.274688	-236.504762	0	T:4007.0(7.77%),B:2613.1(5.48%),P:1e-102	Tpos:51.5,Tstd:27.7,Bpos:50.0,Bstd:30.4,StrandBias:-0.1,Multiplicity:1.02
0.997	0.001	0.001	0.001
0.016	0.001	0.896	0.087
0.100	0.017	0.001	0.882
0.081	0.057	0.117	0.745
0.001	0.917	0.001	0.081
0.126	0.001	0.825	0.048
0.091	0.082	0.059	0.768
0.001	0.964	0.034	0.001
>TCTCGCGA	19-TCTCGCGA	8.009728	-184.162646	0	T:225.0(0.44%),B:42.8(0.09%),P:1e-79	Tpos:34.9,Tstd:22.3,Bpos:66.8,Bstd:29.0,StrandBias:0.2,Multiplicity:1.03
0.001	0.001	0.001	0.997
0.300	0.698	0.001	0.001
0.001	0.001	0.001	0.997
0.001	0.997	0.001	0.001
0.001	0.001	0.997	0.001
0.001	0.997	0.001	0.001
0.067	0.001	0.931	0.001
0.997	0.001	0.001	0.001
>TGGCTACG	20-TGGCTACG	7.099178	-159.551604	0	T:851.0(1.65%),B:403.7(0.85%),P:1e-69	Tpos:52.1,Tstd:28.5,Bpos:52.3,Bstd:29.2,StrandBias:0.3,Multiplicity:1.00
0.201	0.001	0.001	0.797
0.001	0.043	0.798	0.158
0.084	0.026	0.889	0.001
0.001	0.971	0.001	0.027
0.080	0.001	0.001	0.918
0.766	0.001	0.163	0.070
0.063	0.935	0.001	0.001
0.022	0.027	0.950	0.001
>GGGTGAGT	21-GGGTGAGT	7.349322	-145.838733	0	T:1832.0(3.55%),B:1118.9(2.35%),P:1e-63	Tpos:54.9,Tstd:27.0,Bpos:49.2,Bstd:29.5,StrandBias:1.3,Multiplicity:1.04
0.136	0.013	0.709	0.142
0.001	0.001	0.997	0.001
0.001	0.074	0.901	0.024
0.040	0.022	0.001	0.937
0.078	0.001	0.860	0.061
0.716	0.001	0.154	0.129
0.026	0.025	0.929	0.020
0.018	0.001	0.001	0.980
>AAAGCGCG	22-AAAGCGCG	6.438528	-134.552169	0	T:1405.0(2.72%),B:820.1(1.72%),P:1e-58	Tpos:51.8,Tstd:26.8,Bpos:51.7,Bstd:35.7,StrandBias:-0.0,Multiplicity:1.02
0.846	0.041	0.001	0.112
0.799	0.071	0.129	0.001
0.896	0.102	0.001	0.001
0.001	0.001	0.997	0.001
0.081	0.917	0.001	0.001
0.030	0.001	0.797	0.172
0.001	0.842	0.102	0.055
0.046	0.027	0.899	0.028
>TTWGAGCG	23-TTWGAGCG	6.801885	-134.301716	0	T:964.0(1.87%),B:506.1(1.06%),P:1e-58	Tpos:50.7,Tstd:26.9,Bpos:51.0,Bstd:35.5,StrandBias:0.2,Multiplicity:1.01
0.001	0.146	0.267	0.586
0.022	0.001	0.001	0.976
0.469	0.001	0.001	0.529
0.022	0.001	0.861	0.116
0.638	0.360	0.001	0.001
0.001	0.407	0.591	0.001
0.001	0.997	0.001	0.001
0.001	0.001	0.997	0.001
>ATCAGCAG	24-ATCAGCAG	8.236954	-131.943294	0	T:421.0(0.82%),B:159.3(0.33%),P:1e-57	Tpos:56.6,Tstd:23.2,Bpos:51.6,Bstd:28.7,StrandBias:2.1,Multiplicity:1.00
0.700	0.100	0.100	0.100
0.100	0.100	0.100	0.700
0.100	0.700	0.100	0.100
0.700	0.100	0.100	0.100
0.100	0.100	0.700	0.100
0.100	0.700	0.100	0.100
0.700	0.100	0.100	0.100
0.100	0.100	0.700	0.100
>TCGGCGAA	25-TCGGCGAA	9.092869	-37.792768	0	T:46.0(0.09%),B:9.8(0.02%),P:1e-16	Tpos:51.8,Tstd:26.9,Bpos:80.5,Bstd:8.8,StrandBias:-0.3,Multiplicity:1.00
0.094	0.001	0.292	0.613
0.386	0.612	0.001	0.001
0.001	0.001	0.997	0.001
0.001	0.001	0.997	0.001
0.001	0.997	0.001	0.001
0.001	0.001	0.997	0.001
0.605	0.001	0.001	0.393
0.605	0.001	0.001	0.393
