>RSCGGAAGYR	1-RSCGGAAGYR	7.298554	-1653.397330	0	T:3031.0(5.87%),B:809.9(1.70%),P:1e-718	Tpos:44.5,Tstd:22.5,Bpos:49.6,Bstd:37.7,StrandBias:0.2,Multiplicity:1.21
0.397	0.189	0.289	0.125
0.040	0.508	0.451	0.001
0.001	0.997	0.001	0.001
0.001	0.001	0.997	0.001
0.001	0.001	0.997	0.001
0.997	0.001	0.001	0.001
0.997	0.001	0.001	0.001
0.211	0.129	0.659	0.001
0.177	0.386	0.017	0.420
0.261	0.193	0.363	0.183
>DDGGGGGGGD	2-DDGGGGGGGD	4.968421	-1311.515037	0	T:15650.0(30.33%),B:9869.5(20.76%),P:1e-569	Tpos:43.8,Tstd:22.6,Bpos:49.0,Bstd:30.9,StrandBias:1.2,Multiplicity:1.34
0.343	0.071	0.319	0.267
0.299	0.019	0.387	0.295
0.139	0.038	0.700	0.123
0.220	0.034	0.648	0.098
0.151	0.116	0.638	0.095
0.079	0.068	0.793	0.060
0.145	0.081	0.682	0.092
0.179	0.096	0.621	0.104
0.181	0.059	0.663	0.097
0.350	0.167	0.277	0.206
>ATTGGCGGMG	3-ATTGGCGGMG	-2.270943	-960.513190	0	T:13401.0(25.97%),B:8646.1(18.18%),P:1e-417	Tpos:52.0,Tstd:26.5,Bpos:49.6,Bstd:32.5,StrandBias:0.8,Multiplicity:1.14
0.997	0.001	0.001	0.001
0.348	0.060	0.039	0.553
0.001	0.001	0.001	0.997
0.001	0.001	0.997	0.001
0.001	0.001	0.997	0.001
0.288	0.710	0.001	0.001
0.001	0.001	0.997	0.001
0.001	0.001	0.997	0.001
0.570	0.428	0.001	0.001
0.001	0.001	0.997	0.001
>CCGCCATBTT	4-CCGCCATBTT	8.102426	-955.160582	0	T:897.0(1.74%),B:123.6(0.26%),P:1e-414	Tpos:69.2,Tstd:19.0,Bpos:45.6,Bstd:32.0,StrandBias:-1.3,Multiplicity:1.01
0.082	0.482	0.278	0.158
0.056	0.605	0.236	0.103
0.099	0.055	0.811	0.035
0.029	0.859	0.027	0.085
0.069	0.862	0.054	0.015
0.772	0.075	0.028	0.125
0.059	0.187	0.062	0.692
0.176	0.328	0.210	0.287
0.086	0.076	0.165	0.673
0.053	0.254	0.048	0.645
>CGCATGCGCR	5-CGCATGCGCR	5.912338	-754.038278	0	T:1132.0(2.19%),B:254.9(0.54%),P:1e-327	Tpos:37.8,Tstd:19.7,Bpos:49.7,Bstd:38.1,StrandBias:0.0,Multiplicity:1.09
0.001	0.997	0.001	0.001
0.001	0.001	0.997	0.001
0.001	0.997	0.001	0.001
0.997	0.001	0.001	0.001
0.001	0.001	0.141	0.857
0.001	0.001	0.997	0.001
0.001	0.997	0.001	0.001
0.001	0.001	0.997	0.001
0.001	0.997	0.001	0.001
0.420	0.232	0.347	0.001
>GATGATGATG	6-GATGATGATG	5.006302	-752.874413	0	T:13581.0(26.32%),B:9186.2(19.32%),P:1e-326	Tpos:53.5,Tstd:26.6,Bpos:50.8,Bstd:30.0,StrandBias:1.2,Multiplicity:1.17
0.107	0.071	0.789	0.033
0.400	0.204	0.220	0.175
0.307	0.067	0.162	0.464
0.093	0.050	0.810	0.047
0.535	0.161	0.174	0.130
0.259	0.075	0.114	0.552
0.077	0.035	0.809	0.079
0.496	0.188	0.162	0.153
0.290	0.100	0.120	0.491
0.118	0.115	0.706	0.061
>ATCGGTAGCG	7-ATCGGTAGCG	4.008410	-499.177571	0	T:13027.0(25.25%),B:9304.1(19.57%),P:1e-216	Tpos:52.1,Tstd:26.9,Bpos:50.2,Bstd:32.6,StrandBias:0.4,Multiplicity:1.13
0.605	0.137	0.138	0.120
0.127	0.135	0.174	0.564
0.126	0.590	0.141	0.143
0.153	0.106	0.576	0.165
0.109	0.125	0.665	0.101
0.140	0.146	0.155	0.559
0.624	0.100	0.151	0.125
0.113	0.131	0.660	0.096
0.131	0.586	0.144	0.139
0.140	0.135	0.572	0.153
>GGGGGTAGTT	8-GGGGGTAGTT	6.937610	-488.107711	0	T:3292.0(6.38%),B:1696.7(3.57%),P:1e-211	Tpos:53.2,Tstd:24.0,Bpos:51.4,Bstd:28.1,StrandBias:1.4,Multiplicity:1.02
0.039	0.001	0.958	0.002
0.043	0.001	0.927	0.029
0.091	0.001	0.797	0.111
0.220	0.001	0.775	0.004
0.018	0.223	0.586	0.173
0.195	0.193	0.001	0.611
0.630	0.001	0.158	0.211
0.024	0.056	0.919	0.001
0.233	0.025	0.102	0.640
0.218	0.001	0.264	0.517
>CTGCCGGAAA	9-CTGCCGGAAA	4.643405	-431.034270	0	T:16533.0(32.04%),B:12485.2(26.26%),P:1e-187	Tpos:50.6,Tstd:26.2,Bpos:49.7,Bstd:30.6,StrandBias:-0.0,Multiplicity:1.17
0.070	0.761	0.096	0.073
0.098	0.099	0.096	0.707
0.064	0.139	0.717	0.080
0.100	0.699	0.095	0.106
0.163	0.600	0.109	0.128
0.136	0.073	0.684	0.107
0.101	0.109	0.730	0.060
0.698	0.086	0.127	0.089
0.695	0.088	0.142	0.075
0.709	0.097	0.103	0.091
>CTATCVGCAG	10-CTATCVGCAG	10.004104	-392.871331	0	T:151.0(0.29%),B:4.9(0.01%),P:1e-170	Tpos:64.1,Tstd:14.8,Bpos:42.7,Bstd:18.3,StrandBias:3.0,Multiplicity:1.00
0.043	0.942	0.014	0.001
0.043	0.001	0.112	0.844
0.997	0.001	0.001	0.001
0.001	0.131	0.001	0.867
0.014	0.984	0.001	0.001
0.342	0.346	0.297	0.015
0.029	0.029	0.898	0.044
0.043	0.840	0.073	0.044
0.411	0.247	0.215	0.127
0.029	0.029	0.941	0.001
>TTTAGGGGGA	11-TTTAGGGGGA	5.651609	-349.188099	0	T:4472.0(8.67%),B:2749.0(5.78%),P:1e-151	Tpos:50.4,Tstd:24.5,Bpos:49.5,Bstd:27.4,StrandBias:1.1,Multiplicity:1.02
0.114	0.067	0.122	0.697
0.109	0.081	0.089	0.721
0.141	0.160	0.062	0.637
0.720	0.073	0.098	0.109
0.152	0.045	0.691	0.112
0.128	0.001	0.734	0.137
0.098	0.006	0.752	0.144
0.097	0.008	0.770	0.125
0.146	0.103	0.658	0.093
0.625	0.138	0.106	0.131
>GGTGACGTSA	12-GGTGACGTSA	7.343891	-333.273625	0	T:1097.0(2.13%),B:418.2(0.88%),P:1e-144	Tpos:37.1,Tstd:22.6,Bpos:47.6,Bstd:32.0,StrandBias:0.1,Multiplicity:1.05
0.172	0.215	0.487	0.126
0.224	0.166	0.535	0.075
0.001	0.120	0.001	0.878
0.002	0.403	0.594	0.001
0.900	0.001	0.098	0.001
0.001	0.816	0.131	0.052
0.136	0.001	0.862	0.001
0.001	0.035	0.067	0.897
0.097	0.475	0.427	0.001
0.667	0.111	0.221	0.001
>GAGCGATTGG	13-GAGCGATTGG	5.394756	-272.974499	0	T:4912.0(9.52%),B:3235.8(6.81%),P:1e-118	Tpos:53.0,Tstd:26.8,Bpos:49.7,Bstd:29.6,StrandBias:1.0,Multiplicity:1.03
0.093	0.088	0.752	0.067
0.727	0.077	0.103	0.093
0.080	0.086	0.785	0.049
0.141	0.575	0.147	0.137
0.134	0.144	0.616	0.106
0.699	0.098	0.096	0.107
0.107	0.121	0.156	0.616
0.074	0.056	0.114	0.756
0.059	0.057	0.771	0.113
0.099	0.092	0.704	0.105
>TTGTTCGGCG	14-TTGTTCGGCG	4.641585	-244.845000	0	T:5761.0(11.16%),B:3977.4(8.37%),P:1e-106	Tpos:51.8,Tstd:26.8,Bpos:48.6,Bstd:35.2,StrandBias:0.4,Multiplicity:1.04
0.094	0.100	0.103	0.703
0.073	0.132	0.105	0.690
0.067	0.123	0.703	0.107
0.080	0.105	0.109	0.706
0.110	0.085	0.140	0.665
0.126	0.673	0.094	0.107
0.075	0.099	0.731	0.095
0.128	0.151	0.631	0.090
0.107	0.714	0.080	0.099
0.063	0.122	0.725	0.090
>TCGGCGGTTA	15-TCGGCGGTTA	5.453111	-176.409838	0	T:1630.0(3.16%),B:918.5(1.93%),P:1e-76	Tpos:53.0,Tstd:26.8,Bpos:50.2,Bstd:33.6,StrandBias:0.6,Multiplicity:1.03
0.070	0.128	0.133	0.669
0.099	0.658	0.140	0.103
0.134	0.074	0.673	0.119
0.056	0.078	0.812	0.054
0.100	0.704	0.085	0.111
0.108	0.067	0.700	0.125
0.061	0.102	0.749	0.088
0.066	0.097	0.096	0.741
0.074	0.132	0.135	0.659
0.637	0.120	0.109	0.134
>CTCGCGAGAC	16-CTCGCGAGAC	9.305025	-173.029154	0	T:221.0(0.43%),B:43.6(0.09%),P:1e-75	Tpos:35.8,Tstd:22.4,Bpos:45.1,Bstd:37.3,StrandBias:-0.1,Multiplicity:1.05
0.249	0.586	0.162	0.003
0.001	0.114	0.132	0.753
0.001	0.996	0.001	0.002
0.001	0.001	0.997	0.001
0.039	0.959	0.001	0.001
0.001	0.027	0.971	0.001
0.990	0.008	0.001	0.001
0.001	0.066	0.828	0.105
0.904	0.082	0.013	0.001
0.177	0.435	0.218	0.171
>GTGACGTCAT	17-GTGACGTCAT	7.786647	-167.709539	0	T:705.0(1.37%),B:302.4(0.64%),P:1e-72	Tpos:47.2,Tstd:26.3,Bpos:54.0,Bstd:29.3,StrandBias:0.5,Multiplicity:1.01
0.033	0.076	0.844	0.047
0.047	0.036	0.053	0.864
0.048	0.018	0.862	0.072
0.809	0.043	0.087	0.061
0.142	0.593	0.104	0.161
0.086	0.032	0.795	0.087
0.058	0.064	0.075	0.803
0.033	0.917	0.007	0.043
0.879	0.036	0.032	0.053
0.068	0.055	0.154	0.723
>TGATCCGGAT	18-TGATCCGGAT	6.662456	-149.428401	0	T:1338.0(2.59%),B:747.5(1.57%),P:1e-64	Tpos:50.4,Tstd:27.1,Bpos:48.6,Bstd:30.1,StrandBias:0.4,Multiplicity:1.03
0.089	0.029	0.124	0.758
0.029	0.069	0.873	0.029
0.785	0.073	0.066	0.076
0.062	0.083	0.049	0.806
0.056	0.873	0.019	0.052
0.126	0.732	0.031	0.111
0.121	0.031	0.670	0.178
0.058	0.021	0.888	0.033
0.861	0.066	0.032	0.041
0.115	0.041	0.090	0.754
>TTWAAAAAAV	19-TTWAAAAAAV	6.523546	-133.462368	0	T:3517.0(6.82%),B:2459.1(5.17%),P:1e-57	Tpos:54.7,Tstd:29.4,Bpos:50.0,Bstd:30.7,StrandBias:-1.3,Multiplicity:1.09
0.216	0.016	0.302	0.466
0.221	0.007	0.311	0.461
0.534	0.015	0.021	0.430
0.761	0.015	0.005	0.219
0.650	0.116	0.090	0.144
0.591	0.124	0.155	0.130
0.560	0.170	0.027	0.243
0.497	0.142	0.233	0.127
0.648	0.037	0.302	0.013
0.419	0.269	0.305	0.007
>CGATTGGCCC	20-CGATTGGCCC	7.949794	-102.558803	0	T:458.0(0.89%),B:202.9(0.43%),P:1e-44	Tpos:45.6,Tstd:28.3,Bpos:52.7,Bstd:24.3,StrandBias:0.0,Multiplicity:1.00
0.128	0.514	0.172	0.186
0.094	0.054	0.767	0.085
0.768	0.043	0.083	0.106
0.091	0.031	0.068	0.810
0.046	0.028	0.032	0.894
0.052	0.025	0.852	0.071
0.021	0.039	0.909	0.031
0.046	0.875	0.029	0.050
0.039	0.811	0.007	0.143
0.102	0.802	0.078	0.018
>GGGGCGTGGC	21-GGGGCGTGGC	11.628627	-96.707495	0	T:189.0(0.37%),B:54.0(0.11%),P:1e-41	Tpos:31.3,Tstd:20.3,Bpos:46.8,Bstd:39.7,StrandBias:0.9,Multiplicity:1.01
0.001	0.001	0.997	0.001
0.001	0.001	0.997	0.001
0.001	0.001	0.997	0.001
0.001	0.001	0.997	0.001
0.001	0.997	0.001	0.001
0.001	0.001	0.997	0.001
0.001	0.001	0.001	0.997
0.001	0.001	0.997	0.001
0.110	0.001	0.708	0.181
0.001	0.997	0.001	0.001
>CGCGTCGTTW	22-CGCGTCGTTW	8.570038	-72.258332	0	T:75.0(0.15%),B:12.3(0.03%),P:1e-31	Tpos:47.5,Tstd:24.0,Bpos:72.4,Bstd:13.9,StrandBias:0.1,Multiplicity:1.00
0.038	0.857	0.047	0.058
0.001	0.060	0.862	0.077
0.125	0.873	0.001	0.001
0.127	0.001	0.664	0.208
0.027	0.071	0.139	0.763
0.001	0.884	0.049	0.066
0.001	0.001	0.701	0.297
0.001	0.084	0.081	0.834
0.128	0.055	0.037	0.780
0.471	0.112	0.082	0.335
>TATGGCGKCC	23-TATGGCGKCC	10.659417	-69.649767	0	T:131.0(0.25%),B:36.7(0.08%),P:1e-30	Tpos:42.2,Tstd:25.7,Bpos:42.5,Bstd:18.2,StrandBias:-0.7,Multiplicity:1.00
0.001	0.065	0.274	0.660
0.934	0.040	0.001	0.025
0.001	0.318	0.001	0.680
0.004	0.001	0.994	0.001
0.001	0.001	0.997	0.001
0.001	0.941	0.001	0.057
0.001	0.007	0.742	0.250
0.184	0.066	0.445	0.304
0.004	0.991	0.001	0.004
0.004	0.994	0.001	0.001
>CGCGTCATCG	24-CGCGTCATCG	7.600869	-65.320503	0	T:71.0(0.14%),B:12.7(0.03%),P:1e-28	Tpos:46.0,Tstd:24.6,Bpos:18.0,Bstd:0.0,StrandBias:0.7,Multiplicity:1.00
0.001	0.700	0.015	0.284
0.001	0.001	0.997	0.001
0.001	0.997	0.001	0.001
0.001	0.001	0.997	0.001
0.001	0.001	0.001	0.997
0.001	0.997	0.001	0.001
0.997	0.001	0.001	0.001
0.165	0.001	0.001	0.833
0.001	0.997	0.001	0.001
0.211	0.001	0.787	0.001
>GATCGACCTT	25-GATCGACCTT	11.088393	-55.837516	0	T:40.0(0.08%),B:4.5(0.01%),P:1e-24	Tpos:55.7,Tstd:18.5,Bpos:49.1,Bstd:38.7,StrandBias:-1.6,Multiplicity:1.00
0.001	0.001	0.997	0.001
0.927	0.001	0.001	0.071
0.001	0.071	0.071	0.857
0.170	0.828	0.001	0.001
0.001	0.001	0.997	0.001
0.997	0.001	0.001	0.001
0.001	0.788	0.001	0.210
0.403	0.595	0.001	0.001
0.001	0.001	0.001	0.997
0.001	0.001	0.001	0.997
>CCGGAAGTGMCG	1-CCGGAAGTGMCG	8.521613	-1115.434088	0	T:1306.0(2.53%),B:231.7(0.49%),P:1e-484	Tpos:41.6,Tstd:20.6,Bpos:47.1,Bstd:35.5,StrandBias:0.3,Multiplicity:1.09
0.049	0.820	0.130	0.001
0.075	0.923	0.001	0.001
0.001	0.001	0.997	0.001
0.001	0.001	0.997	0.001
0.990	0.008	0.001	0.001
0.950	0.048	0.001	0.001
0.064	0.001	0.934	0.001
0.030	0.171	0.001	0.798
0.001	0.163	0.801	0.035
0.399	0.329	0.204	0.068
0.033	0.672	0.267	0.028
0.025	0.184	0.656	0.135
>AAGATGGCGGCG	2-AAGATGGCGGCG	8.727859	-1029.508492	0	T:1025.0(1.99%),B:151.1(0.32%),P:1e-447	Tpos:69.9,Tstd:20.4,Bpos:45.3,Bstd:33.2,StrandBias:1.3,Multiplicity:1.02
0.922	0.023	0.048	0.007
0.907	0.040	0.041	0.012
0.236	0.133	0.618	0.013
0.978	0.005	0.014	0.003
0.011	0.007	0.010	0.972
0.001	0.004	0.994	0.001
0.005	0.004	0.987	0.004
0.023	0.953	0.013	0.011
0.026	0.019	0.892	0.063
0.047	0.061	0.870	0.022
0.085	0.835	0.020	0.060
0.089	0.305	0.455	0.151
>GGGGCGGGGCCK	3-GGGGCGGGGCCK	8.308909	-914.294471	0	T:2529.0(4.90%),B:882.2(1.86%),P:1e-397	Tpos:30.6,Tstd:19.4,Bpos:49.9,Bstd:33.0,StrandBias:0.7,Multiplicity:1.07
0.140	0.001	0.731	0.128
0.113	0.001	0.885	0.001
0.001	0.001	0.997	0.001
0.001	0.001	0.997	0.001
0.001	0.997	0.001	0.001
0.001	0.001	0.997	0.001
0.001	0.001	0.832	0.166
0.107	0.001	0.891	0.001
0.086	0.077	0.827	0.010
0.001	0.997	0.001	0.001
0.001	0.865	0.036	0.098
0.226	0.033	0.429	0.312
>STGCGCWTGCGC	4-STGCGCWTGCGC	10.508846	-756.028875	0	T:949.0(1.84%),B:180.9(0.38%),P:1e-328	Tpos:38.4,Tstd:18.9,Bpos:48.1,Bstd:39.3,StrandBias:0.0,Multiplicity:1.09
0.164	0.411	0.309	0.116
0.197	0.231	0.154	0.418
0.001	0.001	0.997	0.001
0.013	0.985	0.001	0.001
0.001	0.001	0.997	0.001
0.001	0.997	0.001	0.001
0.377	0.154	0.161	0.308
0.087	0.038	0.196	0.679
0.001	0.002	0.996	0.001
0.001	0.997	0.001	0.001
0.001	0.001	0.898	0.100
0.001	0.837	0.001	0.161
>GTGRTGRTGRTG	5-GTGRTGRTGRTG	4.055486	-632.237478	0	T:16798.0(32.55%),B:12156.7(25.57%),P:1e-274	Tpos:52.8,Tstd:25.9,Bpos:50.1,Bstd:27.9,StrandBias:1.1,Multiplicity:1.16
0.304	0.105	0.466	0.125
0.204	0.010	0.060	0.726
0.020	0.004	0.973	0.003
0.322	0.165	0.439	0.074
0.199	0.016	0.017	0.768
0.037	0.004	0.944	0.015
0.379	0.161	0.443	0.018
0.225	0.006	0.009	0.760
0.021	0.009	0.965	0.005
0.392	0.140	0.381	0.086
0.257	0.037	0.024	0.682
0.015	0.033	0.925	0.027
>CCGGAAGTAGTT	6-CCGGAAGTAGTT	4.742305	-626.376882	0	T:11367.0(22.03%),B:7641.4(16.07%),P:1e-272	Tpos:51.2,Tstd:25.6,Bpos:50.4,Bstd:29.9,StrandBias:0.5,Multiplicity:1.11
0.072	0.773	0.099	0.056
0.126	0.673	0.085	0.116
0.106	0.030	0.733	0.131
0.038	0.045	0.885	0.032
0.823	0.063	0.081	0.033
0.874	0.027	0.058	0.041
0.060	0.044	0.857	0.039
0.135	0.159	0.173	0.533
0.730	0.062	0.105	0.103
0.072	0.099	0.750	0.079
0.080	0.145	0.103	0.672
0.071	0.113	0.116	0.700
>GAAGAGGAGGAG	7-GAAGAGGAGGAG	1.845256	-550.777855	0	T:11058.0(21.43%),B:7552.5(15.88%),P:1e-239	Tpos:51.7,Tstd:24.6,Bpos:49.5,Bstd:31.1,StrandBias:1.5,Multiplicity:1.20
0.036	0.011	0.934	0.019
0.948	0.008	0.016	0.028
0.648	0.012	0.250	0.090
0.001	0.033	0.964	0.002
0.965	0.001	0.015	0.019
0.045	0.001	0.921	0.033
0.006	0.005	0.988	0.001
0.984	0.007	0.001	0.008
0.025	0.001	0.965	0.009
0.001	0.032	0.966	0.001
0.945	0.001	0.001	0.053
0.143	0.014	0.832	0.011
>TTAAAGGGGCGG	8-TTAAAGGGGCGG	6.049499	-546.251307	0	T:4639.0(8.99%),B:2575.7(5.42%),P:1e-237	Tpos:47.2,Tstd:23.9,Bpos:49.2,Bstd:30.7,StrandBias:1.0,Multiplicity:1.04
0.092	0.107	0.132	0.669
0.089	0.121	0.177	0.613
0.706	0.093	0.105	0.096
0.759	0.088	0.107	0.046
0.783	0.051	0.102	0.064
0.083	0.025	0.838	0.054
0.079	0.055	0.804	0.062
0.080	0.051	0.827	0.042
0.066	0.076	0.806	0.052
0.120	0.687	0.092	0.101
0.128	0.059	0.691	0.122
0.073	0.058	0.820	0.049
>GTCTATCAGCAG	9-GTCTATCAGCAG	11.754868	-425.750543	0	T:115.0(0.22%),B:2.0(0.00%),P:1e-184	Tpos:66.7,Tstd:8.9,Bpos:36.9,Bstd:5.6,StrandBias:5.2,Multiplicity:1.00
0.191	0.043	0.595	0.171
0.047	0.051	0.190	0.712
0.030	0.858	0.043	0.069
0.038	0.047	0.055	0.860
0.767	0.043	0.034	0.156
0.021	0.047	0.038	0.894
0.042	0.868	0.047	0.043
0.927	0.009	0.017	0.047
0.026	0.051	0.880	0.043
0.051	0.872	0.051	0.026
0.902	0.009	0.042	0.047
0.051	0.047	0.880	0.022
>TGACGTCACCGC	10-TGACGTCACCGC	6.086820	-332.019142	0	T:703.0(1.36%),B:206.5(0.43%),P:1e-144	Tpos:36.5,Tstd:21.4,Bpos:48.1,Bstd:33.2,StrandBias:0.1,Multiplicity:1.05
0.001	0.008	0.001	0.990
0.001	0.290	0.708	0.001
0.987	0.003	0.009	0.001
0.001	0.993	0.003	0.003
0.003	0.003	0.993	0.001
0.001	0.002	0.001	0.996
0.001	0.711	0.287	0.001
0.985	0.003	0.009	0.003
0.003	0.802	0.192	0.003
0.168	0.567	0.225	0.040
0.126	0.018	0.837	0.019
0.222	0.477	0.300	0.001
>CCGGAAGCGGAA	11-CCGGAAGCGGAA	9.634363	-329.989323	0	T:133.0(0.26%),B:4.2(0.01%),P:1e-143	Tpos:43.2,Tstd:19.3,Bpos:91.0,Bstd:0.0,StrandBias:-0.2,Multiplicity:1.00
0.110	0.528	0.315	0.047
0.205	0.557	0.130	0.108
0.122	0.056	0.711	0.111
0.144	0.064	0.787	0.005
0.709	0.100	0.148	0.043
0.754	0.072	0.130	0.044
0.240	0.097	0.625	0.038
0.143	0.496	0.136	0.226
0.230	0.090	0.553	0.127
0.333	0.137	0.488	0.042
0.659	0.096	0.190	0.055
0.604	0.120	0.161	0.115
>TTGTTTGGGGGG	12-TTGTTTGGGGGG	6.517702	-307.512221	0	T:4767.0(9.24%),B:3051.1(6.42%),P:1e-133	Tpos:52.1,Tstd:23.6,Bpos:49.9,Bstd:28.1,StrandBias:1.4,Multiplicity:1.04
0.100	0.100	0.100	0.700
0.100	0.100	0.100	0.700
0.100	0.100	0.700	0.100
0.100	0.100	0.100	0.700
0.100	0.100	0.100	0.700
0.100	0.100	0.100	0.700
0.100	0.100	0.700	0.100
0.100	0.100	0.700	0.100
0.100	0.100	0.700	0.100
0.100	0.100	0.700	0.100
0.100	0.100	0.700	0.100
0.100	0.100	0.700	0.100
>TGGGGGGGGGGG	13-TGGGGGGGGGGG	7.370110	-300.835036	0	T:5303.0(10.28%),B:3483.1(7.33%),P:1e-130	Tpos:40.8,Tstd:21.1,Bpos:48.5,Bstd:30.9,StrandBias:1.2,Multiplicity:1.12
0.143	0.105	0.254	0.497
0.060	0.059	0.785	0.096
0.066	0.058	0.783	0.093
0.076	0.052	0.798	0.074
0.087	0.064	0.776	0.073
0.068	0.066	0.798	0.068
0.076	0.095	0.730	0.099
0.079	0.093	0.747	0.081
0.071	0.067	0.780	0.082
0.069	0.087	0.772	0.072
0.079	0.057	0.789	0.075
0.100	0.094	0.745	0.061
>VNTCTCGCGABV	14-VNTCTCGCGABV	7.217223	-281.238543	0	T:83.0(0.16%),B:0.0(0.00%),P:1e-122	Tpos:33.1,Tstd:21.2,Bpos:0.0,Bstd:0.0,StrandBias:0.1,Multiplicity:1.00
0.348	0.253	0.229	0.169
0.224	0.230	0.216	0.330
0.188	0.146	0.147	0.519
0.195	0.456	0.176	0.173
0.149	0.128	0.167	0.556
0.136	0.629	0.102	0.133
0.122	0.108	0.650	0.120
0.103	0.699	0.092	0.106
0.118	0.107	0.660	0.115
0.488	0.195	0.146	0.171
0.170	0.261	0.328	0.241
0.340	0.212	0.290	0.158
>ATTGGCTGCTCG	15-ATTGGCTGCTCG	9.747239	-159.771210	0	T:186.0(0.36%),B:33.4(0.07%),P:1e-69	Tpos:38.3,Tstd:26.6,Bpos:53.9,Bstd:19.5,StrandBias:0.3,Multiplicity:1.00
0.791	0.100	0.067	0.042
0.108	0.027	0.090	0.775
0.017	0.003	0.037	0.943
0.013	0.007	0.888	0.092
0.024	0.013	0.946	0.017
0.013	0.920	0.013	0.054
0.057	0.046	0.037	0.860
0.020	0.219	0.586	0.175
0.042	0.699	0.109	0.150
0.017	0.057	0.274	0.652
0.153	0.630	0.108	0.109
0.020	0.267	0.468	0.244
>CGCACATGCGCR	16-CGCACATGCGCR	10.461872	-132.860137	0	T:64.0(0.12%),B:3.9(0.01%),P:1e-57	Tpos:43.4,Tstd:20.8,Bpos:85.7,Bstd:6.3,StrandBias:-0.1,Multiplicity:1.02
0.001	0.987	0.001	0.011
0.011	0.001	0.987	0.001
0.001	0.987	0.001	0.011
0.987	0.001	0.001	0.011
0.001	0.987	0.011	0.001
0.919	0.068	0.012	0.001
0.012	0.012	0.001	0.975
0.011	0.001	0.987	0.001
0.011	0.987	0.001	0.001
0.001	0.001	0.987	0.011
0.001	0.997	0.001	0.001
0.445	0.035	0.519	0.001
>TTTTTTTTCCCC	17-TTTTTTTTCCCC	7.759695	-118.908121	0	T:2946.0(5.71%),B:2039.3(4.29%),P:1e-51	Tpos:53.4,Tstd:27.0,Bpos:50.0,Bstd:31.4,StrandBias:0.6,Multiplicity:1.04
0.077	0.091	0.033	0.799
0.038	0.099	0.035	0.828
0.051	0.032	0.037	0.880
0.031	0.086	0.022	0.861
0.017	0.078	0.014	0.891
0.011	0.071	0.015	0.903
0.005	0.080	0.014	0.901
0.010	0.136	0.011	0.843
0.036	0.708	0.040	0.216
0.037	0.809	0.057	0.097
0.049	0.840	0.008	0.103
0.077	0.736	0.024	0.163
>TTTAAAAAAAAA	18-TTTAAAAAAAAA	9.366854	-103.621189	0	T:1286.0(2.49%),B:780.5(1.64%),P:1e-45	Tpos:58.3,Tstd:28.9,Bpos:50.1,Bstd:28.9,StrandBias:-1.7,Multiplicity:1.05
0.134	0.023	0.082	0.761
0.027	0.001	0.001	0.971
0.275	0.001	0.001	0.723
0.977	0.001	0.001	0.021
0.929	0.001	0.055	0.015
0.997	0.001	0.001	0.001
0.952	0.046	0.001	0.001
0.865	0.020	0.037	0.078
0.963	0.011	0.001	0.025
0.986	0.001	0.012	0.001
0.965	0.011	0.013	0.011
0.952	0.001	0.046	0.001
>CGTCATGGCGGC	19-CGTCATGGCGGC	11.039426	-100.508548	0	T:72.0(0.14%),B:7.5(0.02%),P:1e-43	Tpos:73.3,Tstd:20.5,Bpos:24.0,Bstd:8.0,StrandBias:1.2,Multiplicity:1.00
0.090	0.567	0.001	0.342
0.047	0.016	0.921	0.016
0.001	0.047	0.047	0.905
0.016	0.967	0.016	0.001
0.983	0.001	0.001	0.015
0.001	0.001	0.001	0.997
0.001	0.001	0.997	0.001
0.001	0.001	0.983	0.015
0.001	0.997	0.001	0.001
0.001	0.015	0.983	0.001
0.142	0.016	0.826	0.016
0.001	0.997	0.001	0.001
>CGCCAATGATGT	20-CGCCAATGATGT	7.446611	-100.155435	0	T:257.0(0.50%),B:86.1(0.18%),P:1e-43	Tpos:49.6,Tstd:25.9,Bpos:56.1,Bstd:24.8,StrandBias:-0.5,Multiplicity:1.00
0.152	0.560	0.137	0.151
0.136	0.124	0.594	0.146
0.108	0.674	0.107	0.111
0.099	0.752	0.067	0.082
0.721	0.114	0.080	0.085
0.631	0.131	0.128	0.110
0.128	0.074	0.134	0.664
0.089	0.097	0.728	0.086
0.656	0.146	0.092	0.106
0.113	0.088	0.124	0.675
0.086	0.105	0.699	0.110
0.122	0.118	0.113	0.647
>NRSTVGTCGNNN	21-NRSTVGTCGNNN	4.590387	-99.827911	0	T:4676.0(9.06%),B:3523.9(7.41%),P:1e-43	Tpos:51.8,Tstd:26.0,Bpos:48.4,Bstd:30.9,StrandBias:0.4,Multiplicity:1.04
0.231	0.280	0.175	0.313
0.280	0.195	0.346	0.179
0.174	0.341	0.311	0.174
0.036	0.158	0.038	0.768
0.258	0.361	0.274	0.106
0.125	0.037	0.749	0.089
0.089	0.124	0.002	0.785
0.276	0.429	0.256	0.039
0.208	0.037	0.646	0.109
0.190	0.273	0.324	0.213
0.211	0.331	0.246	0.211
0.193	0.275	0.257	0.276
>GTCCCGCCCACT	22-GTCCCGCCCACT	11.914350	-95.578007	0	T:94.0(0.18%),B:14.1(0.03%),P:1e-41	Tpos:44.6,Tstd:25.5,Bpos:45.8,Bstd:8.8,StrandBias:-0.6,Multiplicity:1.00
0.067	0.288	0.597	0.048
0.001	0.019	0.001	0.979
0.047	0.951	0.001	0.001
0.001	0.979	0.001	0.019
0.048	0.856	0.048	0.048
0.047	0.001	0.951	0.001
0.001	0.997	0.001	0.001
0.047	0.951	0.001	0.001
0.001	0.951	0.047	0.001
0.751	0.059	0.095	0.095
0.001	0.997	0.001	0.001
0.379	0.007	0.007	0.607
>TTTACGGCGACG	23-TTTACGGCGACG	8.463612	-93.147471	0	T:147.0(0.28%),B:35.4(0.07%),P:1e-40	Tpos:44.9,Tstd:24.0,Bpos:59.7,Bstd:36.4,StrandBias:0.3,Multiplicity:1.01
0.100	0.100	0.100	0.700
0.100	0.100	0.100	0.700
0.100	0.100	0.100	0.700
0.700	0.100	0.100	0.100
0.100	0.700	0.100	0.100
0.100	0.100	0.700	0.100
0.100	0.100	0.700	0.100
0.100	0.700	0.100	0.100
0.100	0.100	0.700	0.100
0.700	0.100	0.100	0.100
0.100	0.700	0.100	0.100
0.100	0.100	0.700	0.100
>CGCTCATTGGCT	24-CGCTCATTGGCT	12.165762	-82.896594	0	T:64.0(0.12%),B:7.3(0.02%),P:1e-36	Tpos:30.8,Tstd:21.5,Bpos:31.1,Bstd:7.3,StrandBias:-0.2,Multiplicity:1.00
0.021	0.608	0.021	0.350
0.124	0.041	0.607	0.228
0.001	0.937	0.061	0.001
0.001	0.145	0.001	0.853
0.021	0.738	0.220	0.021
0.729	0.207	0.001	0.063
0.001	0.020	0.041	0.938
0.001	0.001	0.001	0.997
0.001	0.001	0.997	0.001
0.001	0.001	0.997	0.001
0.001	0.997	0.001	0.001
0.083	0.254	0.001	0.662
>CCGCCTCTGACG	25-CCGCCTCTGACG	9.167880	-36.214455	0	T:57.0(0.11%),B:14.1(0.03%),P:1e-15	Tpos:52.5,Tstd:21.7,Bpos:31.4,Bstd:11.4,StrandBias:-0.8,Multiplicity:1.00
0.085	0.705	0.111	0.099
0.131	0.626	0.113	0.130
0.106	0.120	0.656	0.118
0.089	0.698	0.122	0.091
0.071	0.745	0.091	0.093
0.109	0.119	0.137	0.635
0.055	0.750	0.110	0.085
0.114	0.116	0.104	0.666
0.060	0.133	0.742	0.065
0.576	0.171	0.145	0.108
0.122	0.608	0.159	0.111
0.126	0.142	0.593	0.139
>CGGAAG	1-CGGAAG	6.657678	-1213.639200	0	T:4883.0(9.46%),B:2083.7(4.38%),P:1e-527	Tpos:46.1,Tstd:24.5,Bpos:49.6,Bstd:37.7,StrandBias:0.3,Multiplicity:1.23
0.001	0.997	0.001	0.001
0.001	0.001	0.997	0.001
0.001	0.001	0.997	0.001
0.997	0.001	0.001	0.001
0.997	0.001	0.001	0.001
0.193	0.001	0.805	0.001
>AAGGGG	2-AAGGGG	2.737118	-904.281076	0	T:20572.0(39.87%),B:14756.3(31.03%),P:1e-392	Tpos:47.0,Tstd:26.0,Bpos:49.9,Bstd:34.6,StrandBias:0.7,Multiplicity:1.28
0.947	0.001	0.001	0.051
0.662	0.001	0.336	0.001
0.001	0.080	0.918	0.001
0.001	0.001	0.997	0.001
0.001	0.149	0.849	0.001
0.001	0.001	0.997	0.001
>TCCTCC	3-TCCTCC	4.217641	-862.405620	0	T:24721.0(47.91%),B:18505.7(38.92%),P:1e-374	Tpos:50.5,Tstd:25.3,Bpos:49.7,Bstd:31.8,StrandBias:-1.1,Multiplicity:1.51
0.001	0.001	0.001	0.997
0.001	0.915	0.083	0.001
0.051	0.947	0.001	0.001
0.001	0.254	0.001	0.744
0.001	0.997	0.001	0.001
0.001	0.835	0.001	0.163
>TCGTCG	4-TCGTCG	3.480862	-639.621503	0	T:18057.0(34.99%),B:13217.3(27.80%),P:1e-277	Tpos:51.9,Tstd:28.0,Bpos:50.4,Bstd:36.7,StrandBias:-0.2,Multiplicity:1.22
0.105	0.088	0.173	0.634
0.088	0.694	0.088	0.130
0.157	0.060	0.579	0.204
0.146	0.052	0.086	0.716
0.103	0.737	0.022	0.138
0.245	0.059	0.640	0.056
>GCGGTA	5-GCGGTA	3.259063	-624.798972	0	T:22224.0(43.07%),B:16901.6(35.55%),P:1e-271	Tpos:52.0,Tstd:27.6,Bpos:49.9,Bstd:33.6,StrandBias:0.5,Multiplicity:1.34
0.078	0.161	0.657	0.104
0.071	0.770	0.099	0.060
0.127	0.153	0.559	0.161
0.037	0.141	0.664	0.158
0.136	0.125	0.016	0.723
0.628	0.075	0.091	0.206
>ATCTTC	6-ATCTTC	4.626486	-569.626564	0	T:20143.0(39.04%),B:15221.2(32.01%),P:1e-247	Tpos:52.2,Tstd:28.9,Bpos:50.6,Bstd:32.2,StrandBias:-0.7,Multiplicity:1.07
0.787	0.211	0.001	0.001
0.001	0.118	0.171	0.710
0.001	0.997	0.001	0.001
0.187	0.001	0.001	0.811
0.001	0.001	0.001	0.997
0.001	0.997	0.001	0.001
>ATGACG	7-ATGACG	4.012240	-529.045265	0	T:17034.0(33.01%),B:12631.3(26.57%),P:1e-229	Tpos:50.9,Tstd:28.0,Bpos:50.1,Bstd:32.7,StrandBias:0.7,Multiplicity:1.33
0.576	0.102	0.182	0.140
0.263	0.122	0.106	0.509
0.095	0.077	0.757	0.071
0.707	0.103	0.121	0.069
0.103	0.525	0.158	0.214
0.010	0.048	0.925	0.017
>ACCGCT	8-ACCGCT	1.187816	-525.871919	0	T:6361.0(12.33%),B:3883.5(8.17%),P:1e-228	Tpos:53.8,Tstd:28.2,Bpos:48.6,Bstd:36.6,StrandBias:-0.3,Multiplicity:1.04
0.970	0.001	0.001	0.028
0.165	0.833	0.001	0.001
0.001	0.997	0.001	0.001
0.001	0.001	0.997	0.001
0.001	0.807	0.191	0.001
0.001	0.001	0.001	0.997
>CWWCGR	9-CWWCGR	4.138316	-493.153159	0	T:14081.0(27.29%),B:10207.4(21.47%),P:1e-214	Tpos:51.6,Tstd:28.1,Bpos:50.1,Bstd:32.0,StrandBias:-0.4,Multiplicity:1.10
0.039	0.510	0.093	0.358
0.550	0.001	0.001	0.448
0.362	0.130	0.142	0.367
0.001	0.997	0.001	0.001
0.001	0.360	0.638	0.001
0.420	0.062	0.424	0.094
>TTCCAG	10-TTCCAG	4.845692	-453.084207	0	T:19896.0(38.56%),B:15356.4(32.30%),P:1e-196	Tpos:50.2,Tstd:27.8,Bpos:49.9,Bstd:31.3,StrandBias:0.1,Multiplicity:1.15
0.007	0.001	0.001	0.991
0.410	0.001	0.001	0.588
0.169	0.495	0.056	0.280
0.002	0.878	0.119	0.001
0.425	0.166	0.252	0.156
0.136	0.077	0.786	0.001
>CCHTCA	11-CCHTCA	2.734372	-427.654948	0	T:25876.0(50.15%),B:20809.6(43.77%),P:1e-185	Tpos:51.3,Tstd:27.1,Bpos:49.7,Bstd:30.6,StrandBias:-0.7,Multiplicity:1.24
0.001	0.997	0.001	0.001
0.001	0.914	0.084	0.001
0.282	0.395	0.001	0.322
0.284	0.001	0.001	0.714
0.001	0.997	0.001	0.001
0.980	0.001	0.001	0.018
>GCAGCT	12-GCAGCT	5.239561	-354.240404	0	T:13315.0(25.80%),B:9956.3(20.94%),P:1e-153	Tpos:52.1,Tstd:28.3,Bpos:49.7,Bstd:32.3,StrandBias:-0.1,Multiplicity:1.21
0.050	0.001	0.948	0.001
0.001	0.997	0.001	0.001
0.710	0.074	0.001	0.215
0.087	0.001	0.911	0.001
0.001	0.997	0.001	0.001
0.207	0.001	0.001	0.791
>CCTTTT	13-CCTTTT	3.754956	-301.942801	0	T:28841.0(55.89%),B:24024.2(50.53%),P:1e-131	Tpos:50.6,Tstd:28.7,Bpos:49.9,Bstd:32.2,StrandBias:0.1,Multiplicity:1.48
0.001	0.845	0.153	0.001
0.001	0.805	0.001	0.193
0.001	0.001	0.054	0.944
0.001	0.098	0.001	0.900
0.001	0.001	0.001	0.997
0.100	0.001	0.121	0.778
>CGACTT	14-CGACTT	4.767727	-287.925218	0	T:8551.0(16.57%),B:6144.6(12.92%),P:1e-125	Tpos:51.9,Tstd:27.8,Bpos:50.7,Bstd:34.2,StrandBias:-0.5,Multiplicity:1.06
0.001	0.997	0.001	0.001
0.001	0.201	0.797	0.001
0.915	0.001	0.083	0.001
0.061	0.822	0.001	0.116
0.158	0.001	0.001	0.840
0.001	0.059	0.169	0.771
>CGTYGC	15-CGTYGC	6.394122	-285.125603	0	T:3854.0(7.47%),B:2392.3(5.03%),P:1e-123	Tpos:50.9,Tstd:29.9,Bpos:52.2,Bstd:39.2,StrandBias:0.0,Multiplicity:1.02
0.001	0.997	0.001	0.001
0.001	0.001	0.997	0.001
0.001	0.001	0.001	0.997
0.001	0.406	0.209	0.384
0.385	0.001	0.613	0.001
0.001	0.997	0.001	0.001
>ATTGGC	16-ATTGGC	4.109137	-284.769241	0	T:6510.0(12.62%),B:4482.1(9.43%),P:1e-123	Tpos:47.3,Tstd:28.5,Bpos:50.6,Bstd:31.6,StrandBias:0.1,Multiplicity:1.07
0.823	0.001	0.001	0.175
0.001	0.001	0.001	0.997
0.001	0.091	0.001	0.907
0.001	0.056	0.942	0.001
0.001	0.001	0.997	0.001
0.001	0.997	0.001	0.001
>ACTGGT	17-ACTGGT	4.868149	-277.530923	0	T:16429.0(31.84%),B:12924.8(27.18%),P:1e-120	Tpos:50.4,Tstd:28.3,Bpos:49.9,Bstd:29.2,StrandBias:-0.0,Multiplicity:1.17
0.927	0.001	0.001	0.071
0.001	0.925	0.001	0.073
0.001	0.001	0.001	0.997
0.001	0.001	0.997	0.001
0.151	0.085	0.671	0.093
0.166	0.108	0.001	0.725
>TAACSG	18-TAACSG	4.593380	-269.978422	0	T:3973.0(7.70%),B:2511.3(5.28%),P:1e-117	Tpos:52.0,Tstd:28.0,Bpos:50.5,Bstd:35.2,StrandBias:0.3,Multiplicity:1.02
0.086	0.137	0.142	0.635
0.581	0.001	0.417	0.001
0.617	0.002	0.181	0.200
0.074	0.924	0.001	0.001
0.001	0.430	0.568	0.001
0.001	0.175	0.823	0.001
>TGCGCA	19-TGCGCA	6.177716	-243.388806	0	T:1046.0(2.03%),B:452.2(0.95%),P:1e-105	Tpos:41.8,Tstd:24.0,Bpos:48.8,Bstd:36.0,StrandBias:0.0,Multiplicity:1.06
0.100	0.100	0.100	0.700
0.100	0.100	0.700	0.100
0.100	0.700	0.100	0.100
0.100	0.100	0.700	0.100
0.100	0.700	0.100	0.100
0.700	0.100	0.100	0.100
>CTCGCG	20-CTCGCG	4.136106	-241.845902	0	T:7499.0(14.53%),B:5406.1(11.37%),P:1e-105	Tpos:49.6,Tstd:27.7,Bpos:49.5,Bstd:37.1,StrandBias:-0.1,Multiplicity:1.10
0.001	0.576	0.001	0.422
0.001	0.001	0.001	0.997
0.001	0.910	0.001	0.088
0.001	0.001	0.583	0.415
0.001	0.997	0.001	0.001
0.001	0.001	0.997	0.001
>TCTGCG	21-TCTGCG	5.680694	-235.151871	0	T:12434.0(24.10%),B:9609.6(20.21%),P:1e-102	Tpos:52.0,Tstd:27.9,Bpos:49.9,Bstd:31.9,StrandBias:-0.6,Multiplicity:1.09
0.001	0.001	0.001	0.997
0.001	0.997	0.001	0.001
0.179	0.001	0.001	0.819
0.001	0.357	0.641	0.001
0.001	0.997	0.001	0.001
0.247	0.001	0.751	0.001
>CATCAG	22-CATCAG	5.373046	-205.265088	0	T:10919.0(21.16%),B:8419.4(17.71%),P:1e-89	Tpos:51.0,Tstd:28.5,Bpos:50.2,Bstd:29.2,StrandBias:-0.4,Multiplicity:1.05
0.001	0.997	0.001	0.001
0.997	0.001	0.001	0.001
0.001	0.183	0.001	0.815
0.001	0.997	0.001	0.001
0.997	0.001	0.001	0.001
0.291	0.001	0.707	0.001
>TCCGAT	23-TCCGAT	4.641378	-149.977882	0	T:3380.0(6.55%),B:2306.3(4.85%),P:1e-65	Tpos:52.1,Tstd:28.3,Bpos:50.6,Bstd:36.5,StrandBias:-0.1,Multiplicity:1.03
0.001	0.296	0.079	0.624
0.199	0.604	0.033	0.164
0.001	0.612	0.386	0.001
0.201	0.001	0.797	0.001
0.765	0.201	0.033	0.001
0.180	0.084	0.114	0.622
>GGTAAG	24-GGTAAG	6.177716	-144.827466	0	T:2001.0(3.88%),B:1243.9(2.62%),P:1e-62	Tpos:58.6,Tstd:29.0,Bpos:49.7,Bstd:30.5,StrandBias:0.7,Multiplicity:1.01
0.100	0.100	0.700	0.100
0.100	0.100	0.700	0.100
0.100	0.100	0.100	0.700
0.700	0.100	0.100	0.100
0.700	0.100	0.100	0.100
0.100	0.100	0.700	0.100
>CCGCAA	25-CCGCAA	6.879784	-44.607025	0	T:1431.0(2.77%),B:1029.9(2.17%),P:1e-19	Tpos:50.8,Tstd:28.6,Bpos:46.3,Bstd:37.6,StrandBias:-1.0,Multiplicity:1.00
0.001	0.757	0.001	0.241
0.001	0.997	0.001	0.001
0.001	0.001	0.997	0.001
0.001	0.997	0.001	0.001
0.997	0.001	0.001	0.001
0.997	0.001	0.001	0.001
>CCGGAAGT	1-CCGGAAGT	6.534661	-1557.705929	0	T:2821.0(5.47%),B:746.0(1.57%),P:1e-676	Tpos:44.1,Tstd:22.6,Bpos:50.2,Bstd:38.2,StrandBias:0.2,Multiplicity:1.20
0.001	0.742	0.256	0.001
0.001	0.997	0.001	0.001
0.001	0.001	0.997	0.001
0.001	0.001	0.997	0.001
0.997	0.001	0.001	0.001
0.997	0.001	0.001	0.001
0.125	0.001	0.873	0.001
0.115	0.286	0.001	0.598
>YCCCCCCC	2-YCCCCCCC	5.706695	-1214.378594	0	T:12971.0(25.14%),B:7894.1(16.60%),P:1e-527	Tpos:42.1,Tstd:23.0,Bpos:48.6,Bstd:32.5,StrandBias:-1.1,Multiplicity:1.39
0.001	0.562	0.001	0.436
0.165	0.636	0.001	0.198
0.072	0.828	0.001	0.099
0.134	0.743	0.122	0.001
0.036	0.882	0.081	0.001
0.001	0.897	0.001	0.101
0.001	0.929	0.001	0.069
0.156	0.670	0.001	0.173
>AGCGGHAA	3-AGCGGHAA	4.339274	-1026.832535	0	T:12510.0(24.24%),B:7824.5(16.46%),P:1e-445	Tpos:52.1,Tstd:27.0,Bpos:49.1,Bstd:32.0,StrandBias:0.4,Multiplicity:1.09
0.498	0.093	0.205	0.204
0.221	0.182	0.502	0.095
0.001	0.819	0.179	0.001
0.138	0.179	0.623	0.060
0.017	0.212	0.758	0.013
0.276	0.339	0.001	0.385
0.533	0.086	0.005	0.376
0.795	0.001	0.203	0.001
>CCGMWRDA	4-CCGMWRDA	3.382072	-898.884273	0	T:16092.0(31.18%),B:10964.4(23.06%),P:1e-390	Tpos:52.9,Tstd:26.6,Bpos:49.9,Bstd:34.2,StrandBias:-0.1,Multiplicity:1.32
0.008	0.586	0.207	0.199
0.003	0.530	0.379	0.088
0.001	0.058	0.940	0.001
0.296	0.390	0.179	0.135
0.337	0.187	0.149	0.327
0.441	0.059	0.304	0.196
0.324	0.160	0.189	0.327
0.417	0.165	0.179	0.239
>WTCGAMWK	5-WTCGAMWK	1.096554	-841.260468	0	T:11616.0(22.51%),B:7430.2(15.63%),P:1e-365	Tpos:53.7,Tstd:27.7,Bpos:50.7,Bstd:36.6,StrandBias:0.1,Multiplicity:1.08
0.534	0.001	0.021	0.444
0.001	0.213	0.001	0.785
0.001	0.997	0.001	0.001
0.001	0.001	0.997	0.001
0.616	0.001	0.382	0.001
0.395	0.413	0.001	0.191
0.541	0.001	0.062	0.396
0.198	0.068	0.436	0.298
>TGGAGGAG	6-TGGAGGAG	5.438988	-786.501828	0	T:14722.0(28.53%),B:10057.4(21.15%),P:1e-341	Tpos:52.7,Tstd:26.0,Bpos:50.2,Bstd:30.2,StrandBias:1.1,Multiplicity:1.12
0.125	0.038	0.105	0.732
0.048	0.001	0.950	0.001
0.127	0.001	0.695	0.177
0.682	0.092	0.109	0.117
0.047	0.129	0.735	0.089
0.198	0.153	0.572	0.077
0.739	0.056	0.165	0.040
0.033	0.028	0.894	0.045
>GAKGAYGA	7-GAKGAYGA	5.246587	-748.851490	0	T:13644.0(26.44%),B:9246.4(19.45%),P:1e-325	Tpos:53.0,Tstd:26.3,Bpos:50.1,Bstd:32.5,StrandBias:1.3,Multiplicity:1.19
0.007	0.001	0.926	0.066
0.655	0.097	0.154	0.094
0.179	0.092	0.311	0.417
0.038	0.001	0.950	0.011
0.846	0.064	0.072	0.018
0.182	0.262	0.198	0.358
0.020	0.018	0.950	0.012
0.673	0.036	0.110	0.181
>TTGCGRCG	8-TTGCGRCG	5.212782	-656.764920	0	T:5318.0(10.31%),B:2920.7(6.14%),P:1e-285	Tpos:52.0,Tstd:28.1,Bpos:50.8,Bstd:37.0,StrandBias:0.3,Multiplicity:1.05
0.001	0.001	0.069	0.929
0.005	0.001	0.170	0.824
0.206	0.177	0.590	0.027
0.001	0.869	0.001	0.129
0.001	0.001	0.739	0.259
0.397	0.136	0.277	0.190
0.011	0.980	0.001	0.008
0.053	0.147	0.799	0.001
>CGTCATCA	9-CGTCATCA	4.417293	-613.892775	0	T:11475.0(22.24%),B:7755.5(16.31%),P:1e-266	Tpos:50.3,Tstd:28.0,Bpos:50.7,Bstd:30.7,StrandBias:-0.1,Multiplicity:1.09
0.001	0.705	0.120	0.174
0.361	0.043	0.530	0.066
0.136	0.093	0.036	0.735
0.001	0.774	0.001	0.224
0.747	0.008	0.212	0.033
0.110	0.001	0.338	0.551
0.130	0.700	0.142	0.028
0.564	0.082	0.353	0.001
>CGCATGCG	10-CGCATGCG	6.402489	-574.156333	0	T:2433.0(4.71%),B:1049.1(2.21%),P:1e-249	Tpos:40.8,Tstd:23.5,Bpos:50.4,Bstd:39.6,StrandBias:0.0,Multiplicity:1.12
0.140	0.845	0.014	0.001
0.235	0.001	0.688	0.076
0.076	0.868	0.001	0.055
0.622	0.001	0.079	0.298
0.163	0.028	0.126	0.683
0.065	0.172	0.459	0.304
0.014	0.939	0.033	0.014
0.049	0.048	0.902	0.001
>CGMCKTTW	11-CGMCKTTW	4.161720	-552.600733	0	T:6691.0(12.97%),B:4091.0(8.60%),P:1e-239	Tpos:50.0,Tstd:26.7,Bpos:49.3,Bstd:36.5,StrandBias:-0.2,Multiplicity:1.08
0.002	0.907	0.090	0.001
0.025	0.149	0.817	0.009
0.314	0.376	0.184	0.126
0.082	0.587	0.146	0.185
0.146	0.208	0.267	0.379
0.223	0.228	0.098	0.452
0.273	0.144	0.128	0.456
0.327	0.097	0.118	0.458
>CAGTTCCT	12-CAGTTCCT	4.518272	-538.821378	0	T:12293.0(23.82%),B:8595.8(18.08%),P:1e-234	Tpos:51.7,Tstd:27.4,Bpos:50.4,Bstd:30.5,StrandBias:-0.4,Multiplicity:1.10
0.002	0.838	0.014	0.146
0.563	0.135	0.169	0.133
0.025	0.133	0.750	0.092
0.131	0.168	0.098	0.603
0.134	0.139	0.132	0.595
0.140	0.552	0.188	0.120
0.167	0.538	0.228	0.067
0.204	0.151	0.241	0.403
>CGATTGGC	13-CGATTGGC	5.276466	-399.460680	0	T:2980.0(5.77%),B:1583.6(3.33%),P:1e-173	Tpos:43.2,Tstd:27.7,Bpos:50.4,Bstd:31.2,StrandBias:0.2,Multiplicity:1.04
0.008	0.778	0.084	0.130
0.112	0.149	0.677	0.062
0.735	0.009	0.157	0.099
0.108	0.092	0.040	0.760
0.084	0.091	0.063	0.762
0.101	0.056	0.752	0.091
0.094	0.043	0.858	0.005
0.097	0.680	0.075	0.148
>WTYGGTSG	14-WTYGGTSG	4.816807	-370.035828	0	T:8928.0(17.30%),B:6236.8(13.12%),P:1e-160	Tpos:50.7,Tstd:27.0,Bpos:50.0,Bstd:29.2,StrandBias:0.8,Multiplicity:1.08
0.476	0.001	0.151	0.371
0.001	0.057	0.017	0.925
0.106	0.326	0.109	0.459
0.069	0.001	0.929	0.001
0.017	0.058	0.658	0.267
0.160	0.001	0.097	0.742
0.001	0.499	0.499	0.001
0.095	0.099	0.805	0.001
>GTGACGTC	15-GTGACGTC	7.228642	-331.932311	0	T:1280.0(2.48%),B:527.8(1.11%),P:1e-144	Tpos:37.0,Tstd:22.9,Bpos:53.1,Bstd:35.2,StrandBias:0.3,Multiplicity:1.10
0.001	0.001	0.963	0.035
0.001	0.001	0.001	0.997
0.072	0.125	0.688	0.115
0.963	0.001	0.035	0.001
0.001	0.997	0.001	0.001
0.085	0.001	0.913	0.001
0.060	0.155	0.001	0.784
0.104	0.640	0.255	0.001
>AAGATGGC	16-AAGATGGC	6.641107	-273.196902	0	T:1853.0(3.59%),B:952.5(2.00%),P:1e-118	Tpos:53.5,Tstd:26.7,Bpos:49.8,Bstd:28.3,StrandBias:0.3,Multiplicity:1.02
0.997	0.001	0.001	0.001
0.897	0.001	0.101	0.001
0.001	0.001	0.997	0.001
0.895	0.001	0.001	0.103
0.001	0.064	0.139	0.796
0.001	0.001	0.997	0.001
0.001	0.106	0.892	0.001
0.001	0.997	0.001	0.001
>CSTACARM	17-CSTACARM	5.099197	-271.691813	0	T:11323.0(21.94%),B:8525.1(17.93%),P:1e-117	Tpos:50.5,Tstd:26.7,Bpos:49.4,Bstd:30.0,StrandBias:-0.6,Multiplicity:1.09
0.001	0.879	0.007	0.113
0.001	0.454	0.544	0.001
0.001	0.249	0.180	0.570
0.541	0.001	0.213	0.245
0.295	0.472	0.001	0.232
0.767	0.001	0.001	0.231
0.561	0.001	0.437	0.001
0.532	0.466	0.001	0.001
>AMCGCTBT	18-AMCGCTBT	6.569004	-263.431816	0	T:2797.0(5.42%),B:1637.4(3.44%),P:1e-114	Tpos:47.4,Tstd:26.8,Bpos:51.2,Bstd:36.1,StrandBias:-0.7,Multiplicity:1.02
0.997	0.001	0.001	0.001
0.501	0.497	0.001	0.001
0.001	0.997	0.001	0.001
0.001	0.001	0.997	0.001
0.001	0.997	0.001	0.001
0.001	0.380	0.001	0.618
0.001	0.315	0.300	0.384
0.197	0.185	0.104	0.514
>AGGGGAGG	19-AGGGGAGG	7.813730	-244.773800	0	T:4886.0(9.47%),B:3277.8(6.89%),P:1e-106	Tpos:51.4,Tstd:26.0,Bpos:50.4,Bstd:30.3,StrandBias:1.0,Multiplicity:1.04
0.997	0.001	0.001	0.001
0.001	0.001	0.997	0.001
0.359	0.001	0.622	0.018
0.399	0.001	0.599	0.001
0.001	0.001	0.997	0.001
0.607	0.069	0.103	0.221
0.185	0.001	0.813	0.001
0.359	0.001	0.639	0.001
>TGCGSAKT	20-TGCGSAKT	7.445860	-237.901018	0	T:839.0(1.63%),B:331.9(0.70%),P:1e-103	Tpos:51.3,Tstd:28.6,Bpos:50.3,Bstd:34.5,StrandBias:0.6,Multiplicity:1.01
0.303	0.001	0.001	0.695
0.001	0.001	0.989	0.009
0.001	0.997	0.001	0.001
0.001	0.001	0.997	0.001
0.101	0.437	0.461	0.001
0.843	0.001	0.102	0.054
0.257	0.001	0.314	0.428
0.001	0.009	0.271	0.719
>TCTCGCGA	21-TCTCGCGA	8.898821	-192.190475	0	T:254.0(0.49%),B:51.5(0.11%),P:1e-83	Tpos:36.3,Tstd:23.6,Bpos:46.5,Bstd:37.8,StrandBias:-0.2,Multiplicity:1.04
0.001	0.001	0.001	0.997
0.081	0.882	0.001	0.036
0.001	0.001	0.001	0.997
0.001	0.997	0.001	0.001
0.001	0.001	0.869	0.129
0.001	0.997	0.001	0.001
0.001	0.001	0.997	0.001
0.997	0.001	0.001	0.001
>TGACGTCA	22-TGACGTCA	8.236954	-190.848429	0	T:248.0(0.48%),B:49.2(0.10%),P:1e-82	Tpos:31.1,Tstd:26.1,Bpos:78.5,Bstd:0.5,StrandBias:0.0,Multiplicity:1.00
0.100	0.100	0.100	0.700
0.100	0.100	0.700	0.100
0.700	0.100	0.100	0.100
0.100	0.700	0.100	0.100
0.100	0.100	0.700	0.100
0.100	0.100	0.100	0.700
0.100	0.700	0.100	0.100
0.700	0.100	0.100	0.100
>AKTCWGCG	23-AKTCWGCG	2.536973	-168.066118	0	T:1485.0(2.88%),B:826.4(1.74%),P:1e-72	Tpos:52.2,Tstd:27.6,Bpos:50.8,Bstd:34.2,StrandBias:0.2,Multiplicity:1.03
0.997	0.001	0.001	0.001
0.001	0.001	0.469	0.529
0.001	0.001	0.001	0.997
0.001	0.768	0.001	0.230
0.542	0.001	0.001	0.456
0.001	0.001	0.633	0.365
0.001	0.997	0.001	0.001
0.001	0.001	0.997	0.001
>CAACCMGT	24-CAACCMGT	6.054699	-161.975640	0	T:3379.0(6.55%),B:2276.2(4.79%),P:1e-70	Tpos:51.8,Tstd:27.1,Bpos:49.6,Bstd:30.6,StrandBias:-0.2,Multiplicity:1.02
0.002	0.734	0.071	0.193
0.995	0.001	0.001	0.003
0.792	0.001	0.002	0.205
0.001	0.899	0.001	0.099
0.001	0.736	0.262	0.001
0.490	0.508	0.001	0.001
0.001	0.083	0.915	0.001
0.270	0.156	0.139	0.435
>AAGCGACG	25-AAGCGACG	6.920933	-122.821117	0	T:136.0(0.26%),B:23.1(0.05%),P:1e-53	Tpos:52.3,Tstd:25.3,Bpos:64.1,Bstd:37.0,StrandBias:-0.4,Multiplicity:1.00
0.633	0.001	0.001	0.365
0.969	0.001	0.001	0.029
0.001	0.143	0.855	0.001
0.001	0.997	0.001	0.001
0.001	0.001	0.997	0.001
0.997	0.001	0.001	0.001
0.001	0.997	0.001	0.001
0.001	0.001	0.997	0.001
