>RSCGGAAGTR	1-RSCGGAAGTR	7.280844	-1776.977513	0	T:2834.0(5.49%),B:676.7(1.42%),P:1e-771	Tpos:43.9,Tstd:22.2,Bpos:49.1,Bstd:36.2,StrandBias:0.3,Multiplicity:1.19
0.344	0.159	0.322	0.176
0.085	0.485	0.376	0.054
0.068	0.864	0.067	0.001
0.056	0.001	0.941	0.002
0.040	0.003	0.951	0.006
0.856	0.041	0.070	0.033
0.972	0.016	0.004	0.008
0.256	0.171	0.566	0.007
0.212	0.252	0.128	0.408
0.254	0.193	0.376	0.177
>CCCCCCCCCC	2-CCCCCCCCCC	5.962798	-1158.709970	0	T:11980.0(23.22%),B:7202.4(15.16%),P:1e-503	Tpos:42.6,Tstd:22.4,Bpos:49.3,Bstd:31.0,StrandBias:-1.1,Multiplicity:1.35
0.122	0.451	0.146	0.281
0.075	0.561	0.014	0.350
0.066	0.652	0.024	0.258
0.060	0.724	0.037	0.179
0.063	0.682	0.110	0.145
0.034	0.806	0.117	0.043
0.018	0.943	0.001	0.038
0.024	0.842	0.001	0.133
0.137	0.740	0.001	0.122
0.208	0.601	0.001	0.190
>CGGAAGAAGT	3-CGGAAGAAGT	4.821535	-895.292453	0	T:16465.0(31.91%),B:11276.6(23.73%),P:1e-388	Tpos:52.3,Tstd:26.3,Bpos:50.4,Bstd:31.8,StrandBias:0.8,Multiplicity:1.12
0.117	0.579	0.160	0.144
0.108	0.084	0.686	0.122
0.081	0.088	0.765	0.066
0.723	0.080	0.118	0.079
0.716	0.060	0.139	0.085
0.111	0.096	0.737	0.056
0.687	0.113	0.120	0.080
0.695	0.082	0.133	0.090
0.085	0.105	0.728	0.082
0.121	0.101	0.094	0.684
>ATTGGCGGTG	4-ATTGGCGGTG	4.450456	-889.091036	0	T:17469.0(33.85%),B:12131.4(25.53%),P:1e-386	Tpos:50.9,Tstd:26.6,Bpos:50.2,Bstd:29.9,StrandBias:0.8,Multiplicity:1.19
0.551	0.151	0.168	0.130
0.138	0.130	0.166	0.566
0.145	0.109	0.153	0.593
0.001	0.001	0.832	0.166
0.141	0.150	0.566	0.143
0.103	0.587	0.161	0.149
0.182	0.021	0.614	0.183
0.145	0.150	0.570	0.135
0.138	0.156	0.140	0.566
0.141	0.140	0.575	0.144
>CATCATCWTC	5-CATCATCWTC	6.067538	-812.351878	0	T:9003.0(17.45%),B:5436.2(11.44%),P:1e-352	Tpos:53.9,Tstd:25.7,Bpos:50.6,Bstd:30.6,StrandBias:-1.6,Multiplicity:1.13
0.015	0.845	0.102	0.038
0.488	0.108	0.129	0.274
0.151	0.215	0.105	0.529
0.004	0.992	0.001	0.003
0.515	0.124	0.027	0.334
0.094	0.199	0.066	0.641
0.006	0.970	0.002	0.022
0.471	0.096	0.034	0.399
0.115	0.203	0.080	0.602
0.009	0.911	0.023	0.057
>CCGCCATCTT	6-CCGCCATCTT	8.157526	-785.354253	0	T:1280.0(2.48%),B:308.4(0.65%),P:1e-341	Tpos:65.9,Tstd:21.3,Bpos:52.0,Bstd:31.5,StrandBias:-1.1,Multiplicity:1.01
0.038	0.747	0.164	0.051
0.065	0.815	0.111	0.009
0.042	0.066	0.873	0.019
0.047	0.900	0.036	0.017
0.033	0.926	0.021	0.020
0.848	0.089	0.036	0.027
0.070	0.047	0.074	0.809
0.050	0.481	0.193	0.275
0.050	0.016	0.081	0.853
0.032	0.183	0.036	0.749
>CGCATGCGCA	7-CGCATGCGCA	5.651017	-630.343449	0	T:1179.0(2.28%),B:316.8(0.67%),P:1e-273	Tpos:38.0,Tstd:20.0,Bpos:51.3,Bstd:37.9,StrandBias:0.0,Multiplicity:1.10
0.001	0.997	0.001	0.001
0.001	0.001	0.997	0.001
0.001	0.997	0.001	0.001
0.997	0.001	0.001	0.001
0.001	0.001	0.244	0.754
0.001	0.001	0.997	0.001
0.001	0.997	0.001	0.001
0.001	0.001	0.997	0.001
0.001	0.997	0.001	0.001
0.556	0.165	0.278	0.001
>GGCGGCATTT	8-GGCGGCATTT	4.432521	-501.558391	0	T:10687.0(20.71%),B:7356.8(15.48%),P:1e-217	Tpos:52.2,Tstd:26.0,Bpos:49.9,Bstd:29.6,StrandBias:0.7,Multiplicity:1.07
0.120	0.113	0.653	0.114
0.114	0.134	0.635	0.117
0.148	0.534	0.176	0.142
0.151	0.125	0.571	0.153
0.123	0.145	0.601	0.131
0.141	0.605	0.137	0.117
0.568	0.143	0.131	0.158
0.133	0.135	0.133	0.599
0.102	0.143	0.135	0.620
0.118	0.131	0.139	0.612
>GGTGACGTCA	9-GGTGACGTCA	7.394718	-448.442237	0	T:923.0(1.79%),B:265.9(0.56%),P:1e-194	Tpos:36.2,Tstd:22.4,Bpos:49.7,Bstd:36.4,StrandBias:0.1,Multiplicity:1.05
0.160	0.237	0.408	0.196
0.148	0.143	0.650	0.059
0.060	0.119	0.008	0.813
0.063	0.293	0.634	0.010
0.860	0.001	0.136	0.003
0.001	0.934	0.017	0.048
0.015	0.001	0.983	0.001
0.016	0.074	0.001	0.909
0.064	0.684	0.251	0.001
0.809	0.018	0.158	0.015
>CWGCWGCWGC	10-CWGCWGCWGC	4.571171	-392.420440	0	T:14014.0(27.16%),B:10430.1(21.95%),P:1e-170	Tpos:51.5,Tstd:27.2,Bpos:50.4,Bstd:29.4,StrandBias:0.0,Multiplicity:1.17
0.142	0.465	0.192	0.202
0.483	0.035	0.083	0.399
0.175	0.001	0.635	0.189
0.135	0.574	0.161	0.130
0.513	0.003	0.038	0.446
0.231	0.001	0.767	0.001
0.200	0.612	0.017	0.171
0.423	0.092	0.026	0.460
0.272	0.112	0.490	0.127
0.196	0.466	0.141	0.197
>CTTTACCAGC	11-CTTTACCAGC	5.021246	-380.509980	0	T:8089.0(15.68%),B:5525.9(11.63%),P:1e-165	Tpos:51.6,Tstd:26.6,Bpos:50.3,Bstd:29.9,StrandBias:-0.4,Multiplicity:1.06
0.105	0.690	0.102	0.103
0.097	0.109	0.062	0.732
0.089	0.114	0.075	0.722
0.091	0.106	0.095	0.708
0.609	0.118	0.115	0.158
0.109	0.703	0.079	0.109
0.106	0.732	0.055	0.107
0.739	0.079	0.079	0.103
0.099	0.107	0.690	0.104
0.110	0.676	0.103	0.111
>CTGCCGGAAA	12-CTGCCGGAAA	5.366976	-369.791525	0	T:5744.0(11.13%),B:3686.4(7.76%),P:1e-160	Tpos:50.5,Tstd:26.4,Bpos:50.2,Bstd:31.6,StrandBias:-0.1,Multiplicity:1.04
0.087	0.725	0.114	0.074
0.121	0.100	0.089	0.690
0.072	0.140	0.699	0.089
0.095	0.704	0.099	0.102
0.137	0.635	0.113	0.115
0.130	0.080	0.639	0.151
0.093	0.088	0.764	0.055
0.737	0.093	0.104	0.066
0.676	0.089	0.164	0.071
0.730	0.084	0.108	0.078
>TCTATCAGCG	13-TCTATCAGCG	9.934022	-259.294542	0	T:103.0(0.20%),B:3.6(0.01%),P:1e-112	Tpos:66.8,Tstd:11.5,Bpos:39.1,Bstd:16.9,StrandBias:3.7,Multiplicity:1.00
0.079	0.073	0.001	0.847
0.006	0.759	0.229	0.006
0.129	0.039	0.245	0.587
0.854	0.123	0.001	0.022
0.169	0.221	0.001	0.609
0.006	0.982	0.006	0.006
0.643	0.092	0.259	0.006
0.011	0.045	0.938	0.006
0.063	0.843	0.077	0.017
0.397	0.027	0.553	0.023
>WTCTCGCGAG	14-WTCTCGCGAG	7.032188	-237.136493	0	T:217.0(0.42%),B:29.2(0.06%),P:1e-102	Tpos:39.3,Tstd:24.4,Bpos:61.1,Bstd:36.4,StrandBias:0.0,Multiplicity:1.03
0.361	0.191	0.183	0.266
0.135	0.151	0.277	0.437
0.214	0.598	0.099	0.089
0.094	0.188	0.118	0.600
0.116	0.653	0.146	0.085
0.025	0.144	0.684	0.147
0.120	0.649	0.129	0.102
0.107	0.138	0.664	0.091
0.625	0.301	0.042	0.032
0.075	0.169	0.687	0.069
>GCGGAGTATA	15-GCGGAGTATA	5.837272	-233.875989	0	T:4282.0(8.30%),B:2823.3(5.94%),P:1e-101	Tpos:53.0,Tstd:26.4,Bpos:49.4,Bstd:31.2,StrandBias:1.1,Multiplicity:1.03
0.073	0.099	0.811	0.017
0.214	0.439	0.152	0.195
0.171	0.004	0.659	0.166
0.063	0.117	0.816	0.004
0.911	0.004	0.022	0.063
0.057	0.070	0.834	0.039
0.127	0.127	0.122	0.624
0.665	0.101	0.159	0.075
0.117	0.095	0.173	0.615
0.636	0.097	0.156	0.111
>CGATTTCCGT	16-CGATTTCCGT	7.312520	-216.517334	0	T:507.0(0.98%),B:159.8(0.34%),P:1e-94	Tpos:49.8,Tstd:24.7,Bpos:48.7,Bstd:34.7,StrandBias:-0.3,Multiplicity:1.01
0.093	0.785	0.062	0.060
0.084	0.044	0.818	0.054
0.444	0.216	0.254	0.087
0.046	0.194	0.055	0.705
0.036	0.068	0.063	0.833
0.016	0.045	0.036	0.903
0.012	0.932	0.033	0.023
0.059	0.849	0.032	0.060
0.012	0.050	0.868	0.070
0.036	0.082	0.014	0.868
>ATGGCGKGGC	17-ATGGCGKGGC	9.419779	-184.127293	0	T:308.0(0.60%),B:76.9(0.16%),P:1e-79	Tpos:44.1,Tstd:26.2,Bpos:57.0,Bstd:30.6,StrandBias:1.0,Multiplicity:1.01
0.903	0.001	0.001	0.095
0.302	0.001	0.001	0.696
0.001	0.001	0.997	0.001
0.090	0.001	0.697	0.212
0.001	0.997	0.001	0.001
0.031	0.001	0.967	0.001
0.096	0.017	0.376	0.511
0.006	0.200	0.704	0.090
0.050	0.050	0.899	0.001
0.015	0.952	0.001	0.032
>CGTCGCTATA	18-CGTCGCTATA	5.399361	-176.060990	0	T:1360.0(2.64%),B:727.1(1.53%),P:1e-76	Tpos:50.7,Tstd:26.6,Bpos:51.7,Bstd:30.6,StrandBias:-0.1,Multiplicity:1.03
0.112	0.644	0.131	0.113
0.103	0.117	0.673	0.107
0.072	0.094	0.090	0.744
0.085	0.674	0.113	0.128
0.090	0.102	0.671	0.137
0.049	0.849	0.050	0.052
0.059	0.136	0.067	0.738
0.653	0.117	0.113	0.117
0.078	0.097	0.104	0.721
0.634	0.110	0.159	0.097
>TCATCCGGAT	19-TCATCCGGAT	6.720034	-158.431928	0	T:1546.0(3.00%),B:883.1(1.86%),P:1e-68	Tpos:49.8,Tstd:27.6,Bpos:48.7,Bstd:28.9,StrandBias:-0.2,Multiplicity:1.02
0.047	0.076	0.056	0.821
0.032	0.855	0.047	0.066
0.844	0.067	0.008	0.081
0.020	0.082	0.113	0.785
0.015	0.943	0.020	0.022
0.149	0.658	0.030	0.163
0.167	0.033	0.631	0.169
0.028	0.022	0.936	0.014
0.712	0.102	0.144	0.042
0.064	0.059	0.064	0.813
>CGTCGCGTAA	20-CGTCGCGTAA	5.243819	-148.537189	0	T:899.0(1.74%),B:444.5(0.94%),P:1e-64	Tpos:48.1,Tstd:26.1,Bpos:49.4,Bstd:38.1,StrandBias:-0.2,Multiplicity:1.02
0.145	0.618	0.131	0.106
0.128	0.152	0.583	0.137
0.069	0.161	0.172	0.598
0.066	0.634	0.180	0.120
0.144	0.168	0.549	0.139
0.151	0.566	0.165	0.118
0.123	0.166	0.623	0.088
0.121	0.159	0.145	0.575
0.584	0.176	0.174	0.066
0.654	0.148	0.144	0.054
>TTAAAAAAAA	21-TTAAAAAAAA	7.898380	-145.698151	0	T:3167.0(6.14%),B:2146.9(4.52%),P:1e-63	Tpos:53.9,Tstd:29.8,Bpos:50.3,Bstd:30.5,StrandBias:-1.4,Multiplicity:1.09
0.100	0.038	0.227	0.635
0.251	0.001	0.162	0.586
0.614	0.025	0.036	0.325
0.755	0.007	0.003	0.235
0.815	0.050	0.026	0.109
0.843	0.062	0.014	0.081
0.678	0.122	0.001	0.199
0.688	0.219	0.001	0.092
0.866	0.043	0.067	0.024
0.696	0.164	0.139	0.001
>TGATTGGYCG	22-TGATTGGYCG	9.693559	-130.226027	0	T:80.0(0.16%),B:6.6(0.01%),P:1e-56	Tpos:30.8,Tstd:23.7,Bpos:70.9,Bstd:24.8,StrandBias:0.4,Multiplicity:1.00
0.001	0.123	0.001	0.875
0.038	0.001	0.885	0.076
0.923	0.038	0.001	0.038
0.076	0.038	0.001	0.885
0.076	0.001	0.001	0.922
0.115	0.076	0.808	0.001
0.293	0.001	0.705	0.001
0.155	0.371	0.002	0.472
0.041	0.957	0.001	0.001
0.077	0.001	0.921	0.001
>CGCCCTATAA	23-CGCCCTATAA	6.876511	-126.379891	0	T:966.0(1.87%),B:515.7(1.09%),P:1e-54	Tpos:47.0,Tstd:24.4,Bpos:48.9,Bstd:26.4,StrandBias:-0.8,Multiplicity:1.01
0.106	0.688	0.099	0.107
0.187	0.060	0.562	0.191
0.059	0.831	0.048	0.062
0.043	0.902	0.018	0.037
0.042	0.906	0.008	0.044
0.028	0.067	0.013	0.892
0.718	0.064	0.109	0.109
0.070	0.059	0.103	0.768
0.831	0.076	0.071	0.022
0.905	0.029	0.047	0.019
>TCGTCATCGC	24-TCGTCATCGC	6.870815	-81.258531	0	T:227.0(0.44%),B:80.7(0.17%),P:1e-35	Tpos:46.1,Tstd:26.2,Bpos:53.1,Bstd:34.9,StrandBias:-0.9,Multiplicity:1.00
0.116	0.076	0.122	0.686
0.086	0.703	0.119	0.092
0.122	0.122	0.673	0.083
0.066	0.076	0.104	0.754
0.071	0.784	0.087	0.058
0.691	0.118	0.090	0.101
0.084	0.118	0.121	0.677
0.090	0.687	0.114	0.109
0.122	0.103	0.660	0.115
0.092	0.687	0.101	0.120
>GTAGTTGGTC	25-GTAGTTGGTC	6.994003	-65.449712	0	T:210.0(0.41%),B:80.4(0.17%),P:1e-28	Tpos:52.6,Tstd:25.0,Bpos:52.1,Bstd:28.6,StrandBias:0.2,Multiplicity:1.00
0.110	0.073	0.705	0.112
0.120	0.117	0.133	0.630
0.671	0.075	0.130	0.124
0.119	0.111	0.676	0.094
0.089	0.103	0.094	0.714
0.086	0.092	0.078	0.744
0.071	0.067	0.753	0.109
0.097	0.077	0.716	0.110
0.091	0.112	0.083	0.714
0.112	0.679	0.120	0.089
>SCCGGAAGTGGC	1-SCCGGAAGTGGC	8.049338	-1314.177018	0	T:2196.0(4.26%),B:542.6(1.14%),P:1e-570	Tpos:43.2,Tstd:21.0,Bpos:46.8,Bstd:34.5,StrandBias:0.4,Multiplicity:1.14
0.245	0.288	0.423	0.044
0.028	0.750	0.215	0.007
0.116	0.834	0.015	0.035
0.014	0.002	0.979	0.005
0.002	0.002	0.994	0.002
0.963	0.020	0.012	0.005
0.949	0.028	0.018	0.005
0.032	0.018	0.946	0.004
0.058	0.215	0.025	0.702
0.078	0.184	0.653	0.085
0.252	0.250	0.441	0.057
0.143	0.493	0.196	0.168
>NNBTTCCGCNNN	2-NNBTTCCGCNNN	2.046150	-1237.675801	0	T:5477.0(10.61%),B:2440.7(5.14%),P:1e-537	Tpos:49.5,Tstd:24.9,Bpos:49.8,Bstd:34.0,StrandBias:-0.1,Multiplicity:1.10
0.208	0.256	0.284	0.252
0.207	0.278	0.295	0.220
0.020	0.379	0.280	0.321
0.001	0.001	0.001	0.997
0.001	0.001	0.001	0.997
0.001	0.997	0.001	0.001
0.001	0.997	0.001	0.001
0.001	0.001	0.997	0.001
0.140	0.560	0.299	0.001
0.183	0.316	0.276	0.225
0.179	0.284	0.284	0.253
0.167	0.286	0.256	0.292
>AARATGGCGGCG	3-AARATGGCGGCG	4.850526	-969.503526	0	T:1046.0(2.03%),B:170.0(0.36%),P:1e-421	Tpos:69.2,Tstd:20.5,Bpos:48.8,Bstd:34.8,StrandBias:1.3,Multiplicity:1.02
0.996	0.001	0.002	0.001
0.997	0.001	0.001	0.001
0.354	0.124	0.498	0.023
0.997	0.001	0.001	0.001
0.001	0.001	0.001	0.997
0.001	0.001	0.997	0.001
0.001	0.001	0.997	0.001
0.001	0.997	0.001	0.001
0.009	0.001	0.976	0.014
0.009	0.040	0.950	0.001
0.018	0.980	0.001	0.001
0.014	0.029	0.934	0.023
>CHGGCCCCGCCC	4-CHGGCCCCGCCC	9.596809	-783.374246	0	T:2636.0(5.11%),B:1021.5(2.15%),P:1e-340	Tpos:32.0,Tstd:20.1,Bpos:49.1,Bstd:34.9,StrandBias:-0.6,Multiplicity:1.13
0.039	0.602	0.267	0.092
0.316	0.342	0.033	0.309
0.101	0.196	0.702	0.001
0.001	0.001	0.899	0.099
0.001	0.833	0.034	0.132
0.076	0.701	0.001	0.222
0.116	0.882	0.001	0.001
0.010	0.988	0.001	0.001
0.132	0.001	0.836	0.031
0.001	0.997	0.001	0.001
0.001	0.997	0.001	0.001
0.001	0.882	0.001	0.116
>SYGCGCATGCGC	5-SYGCGCATGCGC	10.107180	-768.363631	0	T:1037.0(2.01%),B:211.0(0.44%),P:1e-333	Tpos:38.0,Tstd:18.7,Bpos:50.1,Bstd:39.2,StrandBias:-0.1,Multiplicity:1.08
0.075	0.490	0.363	0.072
0.096	0.414	0.072	0.419
0.146	0.004	0.849	0.001
0.054	0.907	0.038	0.001
0.024	0.001	0.974	0.001
0.001	0.951	0.047	0.001
0.664	0.235	0.043	0.058
0.062	0.014	0.283	0.641
0.001	0.088	0.910	0.001
0.003	0.942	0.001	0.054
0.001	0.042	0.866	0.091
0.001	0.819	0.013	0.167
>KGGGGGAAAGTT	6-KGGGGGAAAGTT	-11.019526	-716.236039	0	T:13684.0(26.52%),B:9342.0(19.66%),P:1e-311	Tpos:53.8,Tstd:23.7,Bpos:50.2,Bstd:29.7,StrandBias:1.2,Multiplicity:1.10
0.001	0.001	0.499	0.499
0.001	0.001	0.997	0.001
0.001	0.001	0.997	0.001
0.001	0.001	0.997	0.001
0.001	0.001	0.997	0.001
0.001	0.001	0.997	0.001
0.997	0.001	0.001	0.001
0.997	0.001	0.001	0.001
0.997	0.001	0.001	0.001
0.001	0.001	0.997	0.001
0.001	0.001	0.001	0.997
0.001	0.001	0.001	0.997
>GRGGRGGRGGRG	7-GRGGRGGRGGRG	5.692852	-666.292777	0	T:10811.0(20.95%),B:7109.0(14.96%),P:1e-289	Tpos:48.4,Tstd:23.5,Bpos:49.9,Bstd:30.7,StrandBias:1.4,Multiplicity:1.19
0.001	0.001	0.997	0.001
0.439	0.001	0.445	0.115
0.225	0.001	0.623	0.151
0.001	0.001	0.997	0.001
0.390	0.001	0.514	0.095
0.226	0.001	0.772	0.001
0.001	0.001	0.997	0.001
0.350	0.117	0.357	0.176
0.245	0.001	0.753	0.001
0.090	0.001	0.908	0.001
0.405	0.102	0.351	0.142
0.294	0.001	0.704	0.001
>GATGATGATGAT	8-GATGATGATGAT	3.812649	-545.742823	0	T:11599.0(22.48%),B:8002.8(16.84%),P:1e-237	Tpos:53.5,Tstd:26.1,Bpos:50.3,Bstd:28.7,StrandBias:1.3,Multiplicity:1.16
0.039	0.015	0.922	0.024
0.887	0.025	0.075	0.013
0.182	0.014	0.080	0.724
0.021	0.009	0.952	0.018
0.861	0.023	0.083	0.033
0.201	0.024	0.088	0.687
0.027	0.013	0.947	0.013
0.861	0.023	0.091	0.025
0.218	0.022	0.059	0.701
0.029	0.012	0.941	0.018
0.813	0.038	0.091	0.058
0.134	0.057	0.107	0.702
>AAAGGGGGGGGG	9-AAAGGGGGGGGG	6.517702	-522.745136	0	T:8457.0(16.39%),B:5515.2(11.61%),P:1e-227	Tpos:44.8,Tstd:23.5,Bpos:49.7,Bstd:30.6,StrandBias:0.9,Multiplicity:1.06
0.700	0.100	0.100	0.100
0.700	0.100	0.100	0.100
0.700	0.100	0.100	0.100
0.100	0.100	0.700	0.100
0.100	0.100	0.700	0.100
0.100	0.100	0.700	0.100
0.100	0.100	0.700	0.100
0.100	0.100	0.700	0.100
0.100	0.100	0.700	0.100
0.100	0.100	0.700	0.100
0.100	0.100	0.700	0.100
0.100	0.100	0.700	0.100
>NTGGAGGAGCTN	10-NTGGAGGAGCTN	6.188105	-379.846204	0	T:4463.0(8.65%),B:2688.3(5.66%),P:1e-164	Tpos:52.1,Tstd:25.5,Bpos:50.9,Bstd:29.2,StrandBias:1.0,Multiplicity:1.03
0.177	0.289	0.216	0.318
0.135	0.114	0.157	0.594
0.105	0.094	0.676	0.125
0.128	0.139	0.641	0.092
0.646	0.121	0.126	0.107
0.143	0.077	0.674	0.106
0.139	0.133	0.640	0.088
0.637	0.114	0.131	0.118
0.134	0.108	0.656	0.102
0.137	0.608	0.141	0.114
0.146	0.152	0.119	0.583
0.208	0.235	0.325	0.232
>GTSACGTSACCS	11-GTSACGTSACCS	8.431417	-370.679034	0	T:557.0(1.08%),B:125.4(0.26%),P:1e-160	Tpos:35.1,Tstd:20.3,Bpos:51.9,Bstd:35.3,StrandBias:0.1,Multiplicity:1.05
0.105	0.228	0.657	0.010
0.033	0.105	0.023	0.839
0.002	0.504	0.478	0.016
0.904	0.002	0.086	0.008
0.033	0.856	0.035	0.076
0.077	0.031	0.863	0.029
0.010	0.039	0.032	0.919
0.019	0.440	0.539	0.002
0.763	0.039	0.175	0.023
0.001	0.670	0.221	0.108
0.192	0.430	0.218	0.161
0.148	0.301	0.410	0.141
>GTCTATCAGCAG	12-GTCTATCAGCAG	10.034926	-355.001330	0	T:179.0(0.35%),B:9.9(0.02%),P:1e-154	Tpos:65.5,Tstd:13.5,Bpos:63.4,Bstd:25.8,StrandBias:3.8,Multiplicity:1.00
0.194	0.198	0.465	0.143
0.140	0.202	0.166	0.492
0.055	0.773	0.093	0.079
0.077	0.021	0.095	0.807
0.973	0.007	0.002	0.018
0.043	0.062	0.018	0.877
0.027	0.924	0.029	0.020
0.890	0.048	0.044	0.018
0.024	0.035	0.916	0.025
0.082	0.784	0.074	0.060
0.453	0.198	0.209	0.140
0.098	0.169	0.603	0.130
>TTTTTGGGGGGG	13-TTTTTGGGGGGG	-4.625935	-318.432399	0	T:3710.0(7.19%),B:2225.2(4.68%),P:1e-138	Tpos:50.7,Tstd:22.0,Bpos:50.2,Bstd:28.7,StrandBias:1.8,Multiplicity:1.03
0.001	0.001	0.001	0.997
0.001	0.001	0.001	0.997
0.001	0.001	0.090	0.908
0.001	0.001	0.001	0.997
0.001	0.001	0.090	0.908
0.001	0.001	0.598	0.400
0.001	0.001	0.997	0.001
0.001	0.001	0.997	0.001
0.001	0.001	0.997	0.001
0.001	0.001	0.997	0.001
0.001	0.001	0.997	0.001
0.001	0.001	0.997	0.001
>CTTCCGTTTCCG	14-CTTCCGTTTCCG	10.442995	-316.658909	0	T:198.0(0.38%),B:15.2(0.03%),P:1e-137	Tpos:46.3,Tstd:21.5,Bpos:55.2,Bstd:32.6,StrandBias:0.5,Multiplicity:1.01
0.030	0.723	0.108	0.139
0.026	0.031	0.030	0.913
0.022	0.061	0.043	0.874
0.013	0.857	0.026	0.104
0.077	0.798	0.035	0.090
0.037	0.084	0.738	0.141
0.026	0.078	0.117	0.779
0.030	0.081	0.056	0.833
0.047	0.104	0.060	0.789
0.026	0.935	0.026	0.013
0.047	0.867	0.013	0.073
0.030	0.043	0.905	0.022
>GCTGCTGCTGTT	15-GCTGCTGCTGTT	5.744977	-250.629610	0	T:7174.0(13.90%),B:5110.1(10.75%),P:1e-108	Tpos:52.4,Tstd:26.8,Bpos:50.9,Bstd:30.9,StrandBias:-0.1,Multiplicity:1.10
0.094	0.119	0.669	0.118
0.078	0.713	0.099	0.110
0.140	0.101	0.104	0.655
0.062	0.113	0.717	0.108
0.066	0.729	0.094	0.111
0.143	0.095	0.095	0.667
0.065	0.118	0.699	0.118
0.073	0.725	0.095	0.107
0.145	0.112	0.095	0.648
0.079	0.123	0.666	0.132
0.092	0.237	0.139	0.532
0.116	0.142	0.163	0.579
>TCTCGCGAGABY	16-TCTCGCGAGABY	8.816955	-239.913848	0	T:194.0(0.38%),B:22.4(0.05%),P:1e-104	Tpos:34.3,Tstd:21.2,Bpos:63.2,Bstd:32.4,StrandBias:-0.0,Multiplicity:1.04
0.060	0.242	0.135	0.563
0.159	0.727	0.108	0.006
0.011	0.016	0.033	0.940
0.001	0.997	0.001	0.001
0.001	0.001	0.997	0.001
0.001	0.997	0.001	0.001
0.001	0.001	0.997	0.001
0.961	0.022	0.016	0.001
0.016	0.027	0.763	0.194
0.963	0.005	0.005	0.027
0.167	0.224	0.290	0.318
0.126	0.283	0.198	0.393
>TTTAAAAAAAAA	17-TTTAAAAAAAAA	10.568104	-196.685230	0	T:1589.0(3.08%),B:861.6(1.81%),P:1e-85	Tpos:58.1,Tstd:29.1,Bpos:50.4,Bstd:30.3,StrandBias:-1.8,Multiplicity:1.04
0.199	0.001	0.192	0.608
0.117	0.001	0.244	0.638
0.310	0.001	0.195	0.493
0.761	0.001	0.001	0.237
0.997	0.001	0.001	0.001
0.997	0.001	0.001	0.001
0.997	0.001	0.001	0.001
0.787	0.113	0.001	0.099
0.659	0.123	0.087	0.131
0.863	0.072	0.001	0.064
0.828	0.110	0.061	0.001
0.997	0.001	0.001	0.001
>NCAGCCAATCAG	18-NCAGCCAATCAG	8.869110	-185.137856	0	T:538.0(1.04%),B:192.6(0.41%),P:1e-80	Tpos:34.3,Tstd:25.3,Bpos:50.8,Bstd:30.5,StrandBias:-0.1,Multiplicity:1.01
0.262	0.257	0.307	0.174
0.170	0.603	0.128	0.099
0.761	0.028	0.178	0.033
0.045	0.013	0.924	0.018
0.002	0.975	0.001	0.022
0.002	0.972	0.025	0.001
0.984	0.003	0.008	0.005
0.900	0.001	0.098	0.001
0.057	0.038	0.108	0.797
0.071	0.627	0.239	0.063
0.403	0.239	0.247	0.111
0.173	0.236	0.421	0.169
>GGGARTTGTAGT	19-GGGARTTGTAGT	8.864549	-149.911833	0	T:169.0(0.33%),B:29.3(0.06%),P:1e-65	Tpos:33.2,Tstd:20.3,Bpos:57.6,Bstd:31.1,StrandBias:0.4,Multiplicity:1.02
0.001	0.001	0.995	0.003
0.001	0.001	0.997	0.001
0.001	0.001	0.995	0.003
0.995	0.001	0.003	0.001
0.447	0.079	0.453	0.021
0.172	0.001	0.136	0.691
0.004	0.004	0.004	0.988
0.003	0.001	0.993	0.003
0.011	0.004	0.004	0.981
0.995	0.001	0.003	0.001
0.001	0.001	0.997	0.001
0.001	0.003	0.003	0.993
>CTATGGCGGCGA	20-CTATGGCGGCGA	8.463612	-127.329959	0	T:351.0(0.68%),B:122.8(0.26%),P:1e-55	Tpos:61.1,Tstd:25.1,Bpos:45.7,Bstd:38.9,StrandBias:0.7,Multiplicity:1.01
0.100	0.700	0.100	0.100
0.100	0.100	0.100	0.700
0.700	0.100	0.100	0.100
0.100	0.100	0.100	0.700
0.100	0.100	0.700	0.100
0.100	0.100	0.700	0.100
0.100	0.700	0.100	0.100
0.100	0.100	0.700	0.100
0.100	0.100	0.700	0.100
0.100	0.700	0.100	0.100
0.100	0.100	0.700	0.100
0.700	0.100	0.100	0.100
>CCTGAAAATAAA	21-CCTGAAAATAAA	9.498212	-97.250701	0	T:98.0(0.19%),B:15.1(0.03%),P:1e-42	Tpos:48.7,Tstd:23.5,Bpos:37.0,Bstd:21.2,StrandBias:-1.4,Multiplicity:1.00
0.001	0.997	0.001	0.001
0.001	0.997	0.001	0.001
0.001	0.001	0.001	0.997
0.034	0.001	0.964	0.001
0.550	0.001	0.397	0.052
0.997	0.001	0.001	0.001
0.997	0.001	0.001	0.001
0.997	0.001	0.001	0.001
0.001	0.001	0.368	0.630
0.997	0.001	0.001	0.001
0.731	0.267	0.001	0.001
0.997	0.001	0.001	0.001
>GCGCCATGACGT	22-GCGCCATGACGT	10.184526	-84.514070	0	T:72.0(0.14%),B:9.8(0.02%),P:1e-36	Tpos:52.6,Tstd:30.3,Bpos:91.0,Bstd:0.0,StrandBias:0.4,Multiplicity:1.00
0.034	0.086	0.794	0.086
0.047	0.878	0.041	0.034
0.068	0.067	0.804	0.061
0.020	0.879	0.047	0.054
0.056	0.801	0.116	0.027
0.783	0.081	0.075	0.061
0.036	0.055	0.055	0.854
0.020	0.054	0.879	0.047
0.877	0.034	0.055	0.034
0.041	0.865	0.047	0.047
0.041	0.102	0.823	0.034
0.053	0.120	0.041	0.786
>CACGTCACCGCC	23-CACGTCACCGCC	11.022756	-82.595791	0	T:98.0(0.19%),B:18.6(0.04%),P:1e-35	Tpos:46.1,Tstd:26.0,Bpos:52.5,Bstd:49.6,StrandBias:-0.6,Multiplicity:1.00
0.027	0.817	0.107	0.049
0.581	0.075	0.290	0.054
0.037	0.854	0.082	0.027
0.032	0.032	0.913	0.023
0.049	0.116	0.034	0.801
0.018	0.880	0.075	0.027
0.713	0.165	0.037	0.085
0.009	0.904	0.059	0.028
0.068	0.852	0.057	0.023
0.036	0.023	0.914	0.027
0.041	0.905	0.045	0.009
0.014	0.879	0.057	0.050
>GTGCGCGCTCAG	24-GTGCGCGCTCAG	11.398596	-72.041644	0	T:47.0(0.09%),B:4.7(0.01%),P:1e-31	Tpos:48.4,Tstd:18.2,Bpos:72.0,Bstd:0.0,StrandBias:0.1,Multiplicity:1.00
0.020	0.163	0.776	0.041
0.086	0.068	0.007	0.839
0.001	0.047	0.925	0.027
0.027	0.830	0.061	0.082
0.067	0.048	0.830	0.055
0.067	0.885	0.014	0.034
0.055	0.041	0.830	0.074
0.027	0.840	0.092	0.041
0.074	0.133	0.203	0.590
0.007	0.925	0.061	0.007
0.861	0.043	0.042	0.054
0.020	0.054	0.885	0.041
>TTTTCGCGCGAA	25-TTTTCGCGCGAA	7.800726	-71.404057	0	T:83.0(0.16%),B:15.7(0.03%),P:1e-31	Tpos:48.9,Tstd:24.7,Bpos:13.4,Bstd:3.7,StrandBias:0.5,Multiplicity:1.00
0.075	0.104	0.093	0.728
0.056	0.128	0.101	0.715
0.058	0.096	0.077	0.769
0.068	0.089	0.109	0.734
0.116	0.621	0.135	0.128
0.150	0.142	0.554	0.154
0.133	0.609	0.122	0.136
0.130	0.119	0.605	0.146
0.126	0.586	0.148	0.140
0.128	0.131	0.633	0.108
0.709	0.130	0.095	0.066
0.738	0.084	0.110	0.068
>CGGAAG	1-CGGAAG	6.841725	-1372.985689	0	T:4921.0(9.54%),B:1990.4(4.19%),P:1e-596	Tpos:46.0,Tstd:24.4,Bpos:49.1,Bstd:37.2,StrandBias:0.3,Multiplicity:1.23
0.001	0.997	0.001	0.001
0.001	0.001	0.997	0.001
0.001	0.001	0.997	0.001
0.997	0.001	0.001	0.001
0.997	0.001	0.001	0.001
0.232	0.001	0.766	0.001
>TCCTCC	2-TCCTCC	3.829387	-859.661046	0	T:30896.0(59.87%),B:24144.5(50.81%),P:1e-373	Tpos:51.2,Tstd:25.4,Bpos:50.0,Bstd:31.7,StrandBias:-1.1,Multiplicity:1.71
0.001	0.001	0.001	0.997
0.001	0.927	0.071	0.001
0.069	0.806	0.020	0.105
0.001	0.223	0.001	0.775
0.001	0.997	0.001	0.001
0.001	0.886	0.001	0.112
>TGACGA	3-TGACGA	3.808846	-694.375247	0	T:18580.0(36.01%),B:13522.6(28.46%),P:1e-301	Tpos:50.3,Tstd:28.1,Bpos:50.3,Bstd:31.8,StrandBias:0.5,Multiplicity:1.30
0.013	0.009	0.014	0.964
0.001	0.001	0.976	0.022
0.886	0.032	0.046	0.036
0.109	0.700	0.001	0.190
0.001	0.001	0.997	0.001
0.524	0.113	0.039	0.324
>ATTGGY	4-ATTGGY	0.829288	-556.675646	0	T:29088.0(56.37%),B:23315.5(49.06%),P:1e-241	Tpos:49.9,Tstd:28.2,Bpos:49.8,Bstd:30.9,StrandBias:0.2,Multiplicity:1.39
0.984	0.001	0.001	0.014
0.001	0.409	0.001	0.589
0.001	0.014	0.001	0.984
0.001	0.014	0.984	0.001
0.001	0.001	0.997	0.001
0.262	0.424	0.001	0.313
>CGGAAA	5-CGGAAA	3.997165	-541.462373	0	T:10134.0(19.64%),B:6818.5(14.35%),P:1e-235	Tpos:52.1,Tstd:27.6,Bpos:49.6,Bstd:35.8,StrandBias:0.1,Multiplicity:1.13
0.001	0.936	0.062	0.001
0.001	0.151	0.767	0.081
0.119	0.160	0.479	0.242
0.727	0.096	0.065	0.112
0.747	0.001	0.146	0.106
0.539	0.346	0.032	0.083
>ATCWKC	6-ATCWKC	5.632157	-512.648105	0	T:18269.0(35.40%),B:13740.9(28.91%),P:1e-222	Tpos:51.3,Tstd:28.7,Bpos:49.7,Bstd:32.2,StrandBias:-0.6,Multiplicity:1.15
0.482	0.252	0.002	0.264
0.001	0.001	0.001	0.997
0.001	0.997	0.001	0.001
0.477	0.001	0.001	0.521
0.001	0.001	0.474	0.524
0.001	0.997	0.001	0.001
>AGGGGG	7-AGGGGG	5.488553	-451.995729	0	T:13063.0(25.31%),B:9453.7(19.89%),P:1e-196	Tpos:47.7,Tstd:25.3,Bpos:49.8,Bstd:30.9,StrandBias:0.8,Multiplicity:1.10
0.997	0.001	0.001	0.001
0.383	0.001	0.615	0.001
0.109	0.001	0.889	0.001
0.001	0.001	0.997	0.001
0.001	0.001	0.997	0.001
0.001	0.001	0.889	0.109
>GTCGGT	8-GTCGGT	4.359369	-409.026953	0	T:10709.0(20.75%),B:7600.8(15.99%),P:1e-177	Tpos:52.5,Tstd:27.7,Bpos:50.3,Bstd:35.2,StrandBias:0.5,Multiplicity:1.18
0.013	0.001	0.914	0.072
0.010	0.036	0.290	0.664
0.058	0.897	0.001	0.044
0.077	0.001	0.921	0.001
0.026	0.095	0.777	0.102
0.010	0.085	0.001	0.904
>GCAGTW	9-GCAGTW	5.107543	-406.160440	0	T:16398.0(31.78%),B:12439.5(26.18%),P:1e-176	Tpos:51.6,Tstd:28.3,Bpos:49.9,Bstd:30.6,StrandBias:0.1,Multiplicity:1.26
0.001	0.001	0.997	0.001
0.001	0.997	0.001	0.001
0.579	0.123	0.043	0.255
0.001	0.041	0.957	0.001
0.044	0.332	0.121	0.503
0.497	0.001	0.001	0.501
>TTGGGG	10-TTGGGG	6.518951	-338.171898	0	T:7564.0(14.66%),B:5201.5(10.95%),P:1e-146	Tpos:50.7,Tstd:26.5,Bpos:49.9,Bstd:30.3,StrandBias:0.8,Multiplicity:1.04
0.001	0.001	0.001	0.997
0.001	0.001	0.001	0.997
0.001	0.001	0.997	0.001
0.001	0.001	0.997	0.001
0.083	0.168	0.455	0.294
0.001	0.001	0.997	0.001
>TGGCGG	11-TGGCGG	5.220957	-334.860971	0	T:13913.0(26.96%),B:10525.0(22.15%),P:1e-145	Tpos:55.1,Tstd:28.1,Bpos:50.1,Bstd:31.9,StrandBias:0.7,Multiplicity:1.11
0.001	0.001	0.001	0.997
0.150	0.001	0.848	0.001
0.001	0.001	0.921	0.077
0.154	0.844	0.001	0.001
0.001	0.001	0.825	0.173
0.001	0.001	0.997	0.001
>ACAGCG	12-ACAGCG	1.290407	-316.430456	0	T:18942.0(36.71%),B:14982.3(31.53%),P:1e-137	Tpos:51.7,Tstd:28.3,Bpos:50.3,Bstd:33.5,StrandBias:-0.2,Multiplicity:1.16
0.982	0.001	0.001	0.016
0.001	0.997	0.001	0.001
0.997	0.001	0.001	0.001
0.001	0.001	0.997	0.001
0.001	0.997	0.001	0.001
0.100	0.001	0.898	0.001
>CSGTWG	13-CSGTWG	5.144776	-310.696001	0	T:5828.0(11.29%),B:3874.0(8.15%),P:1e-134	Tpos:51.6,Tstd:27.6,Bpos:48.5,Bstd:34.0,StrandBias:0.3,Multiplicity:1.04
0.001	0.764	0.234	0.001
0.001	0.530	0.468	0.001
0.001	0.001	0.997	0.001
0.193	0.001	0.001	0.805
0.530	0.001	0.001	0.468
0.021	0.079	0.899	0.001
>GACGAC	14-GACGAC	6.270590	-260.832523	0	T:3262.0(6.32%),B:1987.0(4.18%),P:1e-113	Tpos:52.6,Tstd:29.2,Bpos:53.9,Bstd:33.8,StrandBias:0.1,Multiplicity:1.03
0.001	0.001	0.810	0.188
0.997	0.001	0.001	0.001
0.001	0.695	0.001	0.303
0.001	0.001	0.997	0.001
0.997	0.001	0.001	0.001
0.001	0.997	0.001	0.001
>CGCTTT	15-CGCTTT	4.531533	-258.013935	0	T:5757.0(11.16%),B:3939.6(8.29%),P:1e-112	Tpos:48.1,Tstd:27.5,Bpos:50.0,Bstd:36.0,StrandBias:-0.2,Multiplicity:1.08
0.001	0.997	0.001	0.001
0.001	0.001	0.997	0.001
0.001	0.874	0.124	0.001
0.057	0.152	0.204	0.587
0.057	0.001	0.001	0.941
0.136	0.001	0.001	0.862
>CTCCAC	16-CTCCAC	5.277052	-245.465150	0	T:14452.0(28.01%),B:11314.4(23.81%),P:1e-106	Tpos:52.2,Tstd:27.5,Bpos:50.1,Bstd:31.0,StrandBias:-1.0,Multiplicity:1.10
0.001	0.687	0.117	0.195
0.001	0.001	0.001	0.997
0.001	0.807	0.001	0.191
0.001	0.997	0.001	0.001
0.997	0.001	0.001	0.001
0.087	0.911	0.001	0.001
>TGCGCA	17-TGCGCA	6.177716	-241.129827	0	T:1037.0(2.01%),B:449.0(0.94%),P:1e-104	Tpos:42.1,Tstd:24.0,Bpos:51.1,Bstd:35.0,StrandBias:0.0,Multiplicity:1.06
0.100	0.100	0.100	0.700
0.100	0.100	0.700	0.100
0.100	0.700	0.100	0.100
0.100	0.100	0.700	0.100
0.100	0.700	0.100	0.100
0.700	0.100	0.100	0.100
>GSGCTA	18-GSGCTA	6.050014	-182.067754	0	T:4140.0(8.02%),B:2831.6(5.96%),P:1e-79	Tpos:49.9,Tstd:26.5,Bpos:49.8,Bstd:31.9,StrandBias:0.5,Multiplicity:1.03
0.001	0.001	0.997	0.001
0.001	0.497	0.501	0.001
0.001	0.001	0.997	0.001
0.001	0.741	0.257	0.001
0.180	0.001	0.001	0.818
0.997	0.001	0.001	0.001
>GCGTAA	19-GCGTAA	4.604919	-157.708744	0	T:5361.0(10.39%),B:3892.3(8.19%),P:1e-68	Tpos:51.5,Tstd:28.4,Bpos:47.8,Bstd:36.6,StrandBias:-0.0,Multiplicity:1.03
0.001	0.279	0.508	0.212
0.001	0.997	0.001	0.001
0.001	0.001	0.997	0.001
0.258	0.109	0.003	0.630
0.775	0.001	0.001	0.223
0.485	0.303	0.113	0.099
>GGTAAG	20-GGTAAG	1.394987	-141.196805	0	T:5311.0(10.29%),B:3904.9(8.22%),P:1e-61	Tpos:56.1,Tstd:28.4,Bpos:50.6,Bstd:30.5,StrandBias:0.8,Multiplicity:1.04
0.001	0.001	0.997	0.001
0.001	0.001	0.997	0.001
0.001	0.001	0.001	0.997
0.997	0.001	0.001	0.001
0.848	0.001	0.150	0.001
0.001	0.001	0.997	0.001
>CGAGAR	21-CGAGAR	6.178750	-141.086500	0	T:2838.0(5.50%),B:1897.5(3.99%),P:1e-61	Tpos:53.9,Tstd:27.7,Bpos:48.7,Bstd:37.7,StrandBias:0.5,Multiplicity:1.04
0.001	0.822	0.126	0.051
0.124	0.197	0.678	0.001
0.589	0.051	0.001	0.359
0.007	0.001	0.991	0.001
0.968	0.001	0.030	0.001
0.444	0.179	0.374	0.003
>CCTKTT	22-CCTKTT	7.293862	-131.006179	0	T:7536.0(14.60%),B:5817.1(12.24%),P:1e-56	Tpos:49.8,Tstd:28.0,Bpos:50.1,Bstd:30.9,StrandBias:-0.0,Multiplicity:1.07
0.001	0.997	0.001	0.001
0.001	0.997	0.001	0.001
0.001	0.001	0.063	0.935
0.001	0.001	0.441	0.557
0.001	0.001	0.001	0.997
0.119	0.001	0.001	0.879
>CTGRWA	23-CTGRWA	5.528439	-116.569845	0	T:7848.0(15.21%),B:6147.2(12.94%),P:1e-50	Tpos:49.0,Tstd:28.4,Bpos:49.7,Bstd:30.6,StrandBias:-0.3,Multiplicity:1.07
0.105	0.808	0.002	0.085
0.001	0.011	0.001	0.987
0.099	0.189	0.711	0.001
0.435	0.181	0.378	0.006
0.357	0.085	0.142	0.417
0.698	0.202	0.099	0.001
>TCRCGW	24-TCRCGW	5.757955	-96.528339	0	T:392.0(0.76%),B:166.4(0.35%),P:1e-41	Tpos:40.2,Tstd:26.9,Bpos:50.7,Bstd:40.2,StrandBias:0.0,Multiplicity:1.03
0.001	0.001	0.001	0.997
0.076	0.496	0.091	0.337
0.373	0.120	0.416	0.091
0.001	0.879	0.001	0.119
0.001	0.094	0.904	0.001
0.473	0.049	0.124	0.355
>CGCATG	25-CGCATG	6.177716	-64.945230	0	T:1000.0(1.94%),B:636.8(1.34%),P:1e-28	Tpos:42.8,Tstd:26.5,Bpos:49.4,Bstd:35.5,StrandBias:-0.1,Multiplicity:1.02
0.100	0.700	0.100	0.100
0.100	0.100	0.700	0.100
0.100	0.700	0.100	0.100
0.700	0.100	0.100	0.100
0.100	0.100	0.100	0.700
0.100	0.100	0.700	0.100
>CCGGAAGT	1-CCGGAAGT	7.584097	-1575.075947	0	T:2065.0(4.00%),B:411.3(0.87%),P:1e-684	Tpos:42.6,Tstd:21.7,Bpos:48.4,Bstd:37.4,StrandBias:0.3,Multiplicity:1.16
0.001	0.839	0.159	0.001
0.001	0.997	0.001	0.001
0.001	0.001	0.997	0.001
0.001	0.001	0.997	0.001
0.997	0.001	0.001	0.001
0.997	0.001	0.001	0.001
0.049	0.001	0.949	0.001
0.061	0.197	0.001	0.741
>TTTTCSGC	2-TTTTCSGC	3.712654	-1016.382943	0	T:20458.0(39.65%),B:14408.5(30.32%),P:1e-441	Tpos:51.6,Tstd:26.0,Bpos:49.6,Bstd:34.0,StrandBias:-0.4,Multiplicity:1.19
0.232	0.182	0.148	0.439
0.123	0.148	0.126	0.603
0.095	0.067	0.189	0.649
0.129	0.163	0.214	0.494
0.008	0.899	0.036	0.057
0.039	0.479	0.467	0.016
0.030	0.271	0.698	0.001
0.187	0.413	0.138	0.262
>GGGGGGGG	3-GGGGGGGG	5.845985	-923.358860	0	T:11816.0(22.90%),B:7443.7(15.66%),P:1e-401	Tpos:40.3,Tstd:23.1,Bpos:49.6,Bstd:33.0,StrandBias:0.9,Multiplicity:1.43
0.122	0.001	0.802	0.075
0.048	0.001	0.950	0.001
0.053	0.027	0.919	0.001
0.001	0.189	0.714	0.096
0.053	0.092	0.854	0.001
0.090	0.101	0.794	0.015
0.195	0.001	0.780	0.024
0.395	0.009	0.570	0.026
>GATGAYGA	4-GATGAYGA	4.953433	-780.210662	0	T:16231.0(31.45%),B:11323.2(23.83%),P:1e-338	Tpos:53.5,Tstd:26.4,Bpos:50.1,Bstd:31.9,StrandBias:1.2,Multiplicity:1.23
0.001	0.001	0.957	0.041
0.561	0.152	0.156	0.131
0.166	0.089	0.211	0.534
0.004	0.001	0.977	0.018
0.792	0.067	0.140	0.001
0.192	0.381	0.124	0.303
0.027	0.001	0.971	0.001
0.545	0.055	0.149	0.251
>CCGCTATA	5-CCGCTATA	3.183372	-757.975827	0	T:22692.0(43.98%),B:16951.6(35.67%),P:1e-329	Tpos:51.2,Tstd:26.5,Bpos:50.2,Bstd:32.1,StrandBias:-0.4,Multiplicity:1.30
0.078	0.655	0.131	0.136
0.085	0.627	0.165	0.123
0.064	0.122	0.733	0.081
0.111	0.669	0.114	0.106
0.159	0.169	0.148	0.524
0.614	0.125	0.131	0.130
0.165	0.150	0.174	0.511
0.666	0.107	0.101	0.126
>TGGAGGAG	6-TGGAGGAG	6.080371	-685.147838	0	T:9323.0(18.07%),B:5894.7(12.40%),P:1e-297	Tpos:52.9,Tstd:26.1,Bpos:50.1,Bstd:31.2,StrandBias:1.2,Multiplicity:1.08
0.092	0.018	0.097	0.793
0.014	0.001	0.984	0.001
0.079	0.020	0.864	0.037
0.920	0.008	0.013	0.059
0.023	0.017	0.942	0.018
0.134	0.042	0.823	0.001
0.857	0.029	0.001	0.113
0.061	0.031	0.897	0.011
>ATGKCGAC	7-ATGKCGAC	4.194798	-571.660875	0	T:7347.0(14.24%),B:4558.6(9.59%),P:1e-248	Tpos:52.5,Tstd:28.1,Bpos:50.6,Bstd:35.1,StrandBias:-0.1,Multiplicity:1.05
0.669	0.044	0.041	0.246
0.206	0.271	0.053	0.471
0.197	0.128	0.505	0.170
0.207	0.033	0.452	0.307
0.008	0.943	0.003	0.046
0.013	0.070	0.916	0.001
0.866	0.033	0.046	0.055
0.205	0.452	0.107	0.236
>CCMCCAAH	8-CCMCCAAH	5.424382	-538.561616	0	T:9384.0(18.19%),B:6221.9(13.09%),P:1e-233	Tpos:50.3,Tstd:26.0,Bpos:50.3,Bstd:29.5,StrandBias:-1.1,Multiplicity:1.06
0.032	0.628	0.147	0.193
0.001	0.752	0.246	0.001
0.475	0.459	0.001	0.065
0.014	0.837	0.148	0.001
0.129	0.869	0.001	0.001
0.634	0.001	0.080	0.285
0.636	0.036	0.001	0.327
0.271	0.417	0.015	0.297
>TGATGAYS	9-TGATGAYS	5.663539	-534.169812	0	T:8938.0(17.32%),B:5874.2(12.36%),P:1e-231	Tpos:51.5,Tstd:28.5,Bpos:50.7,Bstd:29.3,StrandBias:0.3,Multiplicity:1.04
0.070	0.131	0.001	0.798
0.001	0.001	0.997	0.001
0.669	0.208	0.122	0.001
0.224	0.001	0.009	0.766
0.001	0.001	0.997	0.001
0.832	0.001	0.001	0.166
0.245	0.408	0.078	0.269
0.163	0.417	0.291	0.130
>SWACGSBY	10-SWACGSBY	4.083219	-485.433449	0	T:14435.0(27.97%),B:10522.6(22.14%),P:1e-210	Tpos:52.1,Tstd:26.9,Bpos:49.8,Bstd:33.6,StrandBias:-0.3,Multiplicity:1.13
0.191	0.382	0.267	0.159
0.518	0.001	0.001	0.480
0.997	0.001	0.001	0.001
0.001	0.997	0.001	0.001
0.099	0.256	0.580	0.065
0.196	0.436	0.367	0.001
0.144	0.367	0.252	0.238
0.160	0.374	0.207	0.259
>YAGCAGCW	11-YAGCAGCW	5.498926	-461.114909	0	T:11540.0(22.36%),B:8157.0(17.16%),P:1e-200	Tpos:51.0,Tstd:28.1,Bpos:50.2,Bstd:29.4,StrandBias:-0.1,Multiplicity:1.09
0.144	0.389	0.087	0.380
0.667	0.001	0.106	0.226
0.133	0.001	0.569	0.297
0.001	0.997	0.001	0.001
0.707	0.011	0.001	0.281
0.133	0.001	0.865	0.001
0.001	0.986	0.001	0.012
0.414	0.049	0.001	0.536
>GGTAGTGG	12-GGTAGTGG	7.055163	-399.641400	0	T:3445.0(6.68%),B:1911.6(4.02%),P:1e-173	Tpos:51.7,Tstd:25.6,Bpos:48.9,Bstd:28.2,StrandBias:1.2,Multiplicity:1.03
0.017	0.001	0.981	0.001
0.052	0.001	0.946	0.001
0.244	0.072	0.107	0.577
0.947	0.001	0.051	0.001
0.001	0.001	0.915	0.083
0.156	0.001	0.001	0.842
0.001	0.011	0.973	0.015
0.035	0.001	0.854	0.110
>CGCCKTTT	13-CGCCKTTT	4.448171	-353.463437	0	T:4815.0(9.33%),B:3000.2(6.31%),P:1e-153	Tpos:49.6,Tstd:26.6,Bpos:49.7,Bstd:33.9,StrandBias:-0.2,Multiplicity:1.04
0.065	0.711	0.141	0.083
0.206	0.107	0.580	0.107
0.143	0.548	0.217	0.092
0.137	0.583	0.181	0.099
0.116	0.101	0.373	0.409
0.282	0.087	0.173	0.458
0.130	0.143	0.144	0.583
0.178	0.098	0.118	0.606
>CGACGCAA	14-CGACGCAA	5.132929	-336.435761	0	T:2188.0(4.24%),B:1109.2(2.33%),P:1e-146	Tpos:50.1,Tstd:28.0,Bpos:49.5,Bstd:36.7,StrandBias:-0.2,Multiplicity:1.05
0.053	0.817	0.046	0.084
0.030	0.016	0.875	0.079
0.699	0.028	0.078	0.195
0.162	0.740	0.047	0.051
0.067	0.100	0.779	0.054
0.059	0.657	0.159	0.125
0.635	0.119	0.153	0.093
0.797	0.076	0.067	0.060
>CGATTGGC	15-CGATTGGC	6.473649	-327.586337	0	T:1438.0(2.79%),B:627.3(1.32%),P:1e-142	Tpos:38.9,Tstd:27.6,Bpos:48.2,Bstd:29.5,StrandBias:0.1,Multiplicity:1.02
0.046	0.734	0.083	0.137
0.014	0.163	0.737	0.086
0.911	0.001	0.069	0.019
0.001	0.001	0.016	0.982
0.001	0.018	0.001	0.980
0.001	0.001	0.960	0.038
0.059	0.023	0.904	0.014
0.039	0.944	0.001	0.016
>ACTGACCG	16-ACTGACCG	4.711459	-323.912532	0	T:8636.0(16.74%),B:6112.4(12.86%),P:1e-140	Tpos:52.4,Tstd:27.3,Bpos:50.0,Bstd:29.7,StrandBias:-0.5,Multiplicity:1.08
0.809	0.020	0.070	0.101
0.116	0.731	0.034	0.119
0.067	0.086	0.051	0.796
0.066	0.099	0.717	0.118
0.734	0.091	0.055	0.120
0.088	0.743	0.074	0.095
0.021	0.805	0.076	0.098
0.095	0.125	0.668	0.112
>GACGTCAC	17-GACGTCAC	8.570478	-297.320978	0	T:490.0(0.95%),B:119.2(0.25%),P:1e-129	Tpos:34.0,Tstd:23.3,Bpos:51.6,Bstd:30.3,StrandBias:-0.2,Multiplicity:1.00
0.001	0.001	0.843	0.155
0.997	0.001	0.001	0.001
0.001	0.997	0.001	0.001
0.001	0.001	0.997	0.001
0.109	0.001	0.001	0.889
0.001	0.997	0.001	0.001
0.997	0.001	0.001	0.001
0.001	0.889	0.001	0.109
>GCGCATGC	18-GCGCATGC	9.467738	-272.679386	0	T:1136.0(2.20%),B:484.8(1.02%),P:1e-118	Tpos:39.8,Tstd:21.5,Bpos:49.4,Bstd:36.8,StrandBias:0.1,Multiplicity:1.08
0.001	0.001	0.997	0.001
0.001	0.997	0.001	0.001
0.001	0.001	0.997	0.001
0.001	0.997	0.001	0.001
0.819	0.179	0.001	0.001
0.050	0.001	0.253	0.696
0.001	0.001	0.997	0.001
0.001	0.967	0.001	0.031
>AGTTCGTC	19-AGTTCGTC	5.513390	-221.637126	0	T:3031.0(5.87%),B:1881.2(3.96%),P:1e-96	Tpos:52.0,Tstd:27.9,Bpos:52.7,Bstd:31.6,StrandBias:-0.3,Multiplicity:1.03
0.822	0.097	0.048	0.033
0.151	0.040	0.758	0.051
0.132	0.075	0.099	0.694
0.093	0.080	0.200	0.627
0.031	0.790	0.134	0.045
0.138	0.029	0.695	0.138
0.103	0.031	0.070	0.796
0.056	0.820	0.073	0.051
>GTCACGTG	20-GTCACGTG	9.444771	-199.144337	0	T:418.0(0.81%),B:122.9(0.26%),P:1e-86	Tpos:36.3,Tstd:21.9,Bpos:57.0,Bstd:32.9,StrandBias:0.1,Multiplicity:1.05
0.197	0.001	0.801	0.001
0.001	0.001	0.001	0.997
0.001	0.997	0.001	0.001
0.997	0.001	0.001	0.001
0.001	0.997	0.001	0.001
0.001	0.001	0.997	0.001
0.001	0.001	0.001	0.997
0.001	0.001	0.997	0.001
>TCGATCAG	21-TCGATCAG	5.869395	-116.645775	0	T:1396.0(2.71%),B:839.3(1.77%),P:1e-50	Tpos:52.5,Tstd:27.0,Bpos:49.6,Bstd:32.1,StrandBias:0.1,Multiplicity:1.01
0.018	0.010	0.040	0.932
0.034	0.859	0.069	0.038
0.034	0.001	0.918	0.047
0.920	0.076	0.003	0.001
0.028	0.078	0.036	0.858
0.001	0.953	0.040	0.006
0.792	0.015	0.124	0.069
0.001	0.017	0.981	0.001
>TGACGATA	22-TGACGATA	5.314040	-75.117151	0	T:396.0(0.77%),B:187.5(0.39%),P:1e-32	Tpos:48.2,Tstd:27.9,Bpos:46.2,Bstd:36.4,StrandBias:-0.3,Multiplicity:1.01
0.001	0.031	0.001	0.967
0.001	0.001	0.997	0.001
0.997	0.001	0.001	0.001
0.001	0.997	0.001	0.001
0.001	0.001	0.997	0.001
0.753	0.001	0.179	0.067
0.031	0.001	0.001	0.967
0.859	0.139	0.001	0.001
>ACCGCCCC	23-ACCGCCCC	7.790964	-52.107466	0	T:619.0(1.20%),B:373.3(0.79%),P:1e-22	Tpos:36.5,Tstd:23.7,Bpos:55.3,Bstd:36.4,StrandBias:-1.0,Multiplicity:1.03
0.997	0.001	0.001	0.001
0.053	0.945	0.001	0.001
0.001	0.997	0.001	0.001
0.001	0.001	0.997	0.001
0.001	0.997	0.001	0.001
0.001	0.997	0.001	0.001
0.001	0.997	0.001	0.001
0.289	0.709	0.001	0.001
>CCGGATAK	24-CCGGATAK	9.284456	-22.016061	0	T:114.0(0.22%),B:55.6(0.12%),P:1e-9	Tpos:59.8,Tstd:24.1,Bpos:50.7,Bstd:15.4,StrandBias:0.2,Multiplicity:1.00
0.001	0.997	0.001	0.001
0.001	0.997	0.001	0.001
0.001	0.001	0.997	0.001
0.292	0.001	0.706	0.001
0.997	0.001	0.001	0.001
0.001	0.001	0.001	0.997
0.997	0.001	0.001	0.001
0.001	0.001	0.573	0.425
>ATCCGTCA	25-ATCCGTCA	10.751868	-8.552985	0	T:36.0(0.07%),B:18.0(0.04%),P:1e-3	Tpos:33.4,Tstd:26.1,Bpos:31.1,Bstd:17.0,StrandBias:-0.5,Multiplicity:1.06
0.997	0.001	0.001	0.001
0.001	0.001	0.001	0.997
0.001	0.997	0.001	0.001
0.001	0.997	0.001	0.001
0.001	0.001	0.997	0.001
0.001	0.001	0.270	0.728
0.001	0.997	0.001	0.001
0.997	0.001	0.001	0.001
