>GCCGGAARYG	1-GCCGGAARYG	7.412599	-1631.738971	0	T:2654.0(5.14%),B:644.5(1.35%),P:1e-708	Tpos:43.8,Tstd:22.1,Bpos:48.7,Bstd:34.8,StrandBias:0.2,Multiplicity:1.20
0.271	0.089	0.457	0.183
0.109	0.656	0.219	0.016
0.017	0.950	0.024	0.009
0.048	0.001	0.937	0.014
0.006	0.001	0.984	0.009
0.936	0.053	0.003	0.008
0.949	0.001	0.001	0.049
0.346	0.162	0.487	0.005
0.156	0.455	0.076	0.313
0.239	0.137	0.452	0.171
>NDGRRGRDGA	2-NDGRRGRDGA	5.012746	-1139.483995	0	T:27553.0(53.39%),B:20452.3(42.94%),P:1e-494	Tpos:49.9,Tstd:24.2,Bpos:49.7,Bstd:30.2,StrandBias:1.3,Multiplicity:1.46
0.313	0.165	0.272	0.250
0.330	0.021	0.356	0.293
0.001	0.001	0.997	0.001
0.412	0.021	0.504	0.063
0.316	0.061	0.400	0.222
0.001	0.046	0.952	0.001
0.428	0.048	0.485	0.039
0.354	0.049	0.366	0.231
0.171	0.109	0.719	0.001
0.599	0.163	0.151	0.087
>GGGGCGGGKC	3-GGGGCGGGKC	8.741726	-968.804660	0	T:2950.0(5.72%),B:1089.7(2.29%),P:1e-420	Tpos:30.5,Tstd:19.7,Bpos:50.3,Bstd:36.8,StrandBias:0.6,Multiplicity:1.19
0.122	0.040	0.668	0.170
0.130	0.063	0.757	0.050
0.077	0.005	0.893	0.025
0.036	0.032	0.897	0.035
0.026	0.940	0.022	0.012
0.031	0.038	0.890	0.041
0.061	0.027	0.833	0.079
0.090	0.011	0.814	0.085
0.186	0.031	0.323	0.460
0.077	0.848	0.015	0.060
>ATTGGCGGTG	4-ATTGGCGGTG	4.413331	-834.284530	0	T:17817.0(34.53%),B:12569.2(26.39%),P:1e-362	Tpos:51.0,Tstd:26.9,Bpos:50.0,Bstd:30.5,StrandBias:0.8,Multiplicity:1.20
0.637	0.105	0.153	0.105
0.112	0.090	0.139	0.659
0.077	0.096	0.104	0.723
0.050	0.047	0.827	0.076
0.068	0.091	0.765	0.076
0.104	0.680	0.074	0.142
0.140	0.076	0.664	0.120
0.088	0.130	0.696	0.086
0.111	0.151	0.100	0.638
0.084	0.108	0.710	0.098
>CCGCCATCTT	5-CCGCCATCTT	9.778042	-773.770840	0	T:624.0(1.21%),B:70.6(0.15%),P:1e-336	Tpos:70.8,Tstd:17.9,Bpos:44.4,Bstd:31.3,StrandBias:-1.9,Multiplicity:1.01
0.030	0.901	0.013	0.056
0.021	0.966	0.001	0.012
0.047	0.001	0.951	0.001
0.006	0.986	0.004	0.004
0.001	0.997	0.001	0.001
0.987	0.001	0.001	0.011
0.001	0.015	0.001	0.983
0.012	0.681	0.187	0.120
0.010	0.009	0.017	0.964
0.005	0.019	0.001	0.975
>TGCGCATGCG	6-TGCGCATGCG	5.266877	-677.071285	0	T:1251.0(2.42%),B:333.8(0.70%),P:1e-294	Tpos:38.3,Tstd:19.7,Bpos:50.5,Bstd:38.6,StrandBias:-0.0,Multiplicity:1.11
0.099	0.260	0.001	0.640
0.076	0.001	0.922	0.001
0.001	0.997	0.001	0.001
0.001	0.001	0.997	0.001
0.001	0.997	0.001	0.001
0.726	0.216	0.001	0.057
0.001	0.001	0.001	0.997
0.001	0.001	0.997	0.001
0.001	0.997	0.001	0.001
0.001	0.001	0.997	0.001
>GGGGGTAGTT	7-GGGGGTAGTT	4.637750	-645.394129	0	T:14514.0(28.12%),B:10209.5(21.44%),P:1e-280	Tpos:52.5,Tstd:25.0,Bpos:50.0,Bstd:29.0,StrandBias:1.1,Multiplicity:1.08
0.100	0.057	0.752	0.091
0.085	0.068	0.765	0.082
0.104	0.070	0.734	0.092
0.111	0.068	0.713	0.108
0.093	0.124	0.672	0.111
0.112	0.160	0.113	0.615
0.648	0.061	0.133	0.158
0.106	0.098	0.674	0.122
0.087	0.081	0.103	0.729
0.094	0.085	0.124	0.697
>YTTTTTCMGG	8-YTTTTTCMGG	5.731923	-579.900297	0	T:11454.0(22.20%),B:7823.5(16.43%),P:1e-251	Tpos:50.8,Tstd:26.8,Bpos:50.4,Bstd:31.5,StrandBias:0.3,Multiplicity:1.09
0.005	0.470	0.072	0.454
0.085	0.100	0.117	0.698
0.001	0.300	0.047	0.652
0.001	0.358	0.001	0.640
0.004	0.106	0.053	0.837
0.041	0.258	0.085	0.616
0.036	0.600	0.009	0.355
0.476	0.467	0.042	0.015
0.276	0.001	0.722	0.001
0.112	0.146	0.636	0.106
>CGCGGAAGTA	9-CGCGGAAGTA	5.368994	-507.733733	0	T:3458.0(6.70%),B:1791.5(3.76%),P:1e-220	Tpos:51.2,Tstd:25.9,Bpos:49.8,Bstd:35.2,StrandBias:0.2,Multiplicity:1.03
0.133	0.676	0.095	0.096
0.119	0.125	0.656	0.100
0.125	0.651	0.118	0.106
0.108	0.075	0.693	0.124
0.069	0.079	0.787	0.065
0.748	0.104	0.093	0.055
0.750	0.067	0.115	0.068
0.070	0.106	0.757	0.067
0.111	0.131	0.107	0.651
0.628	0.124	0.141	0.107
>TGATGACGAC	10-TGATGACGAC	5.025228	-494.269121	0	T:7827.0(15.17%),B:5084.6(10.68%),P:1e-214	Tpos:51.2,Tstd:27.8,Bpos:49.9,Bstd:30.1,StrandBias:0.1,Multiplicity:1.05
0.109	0.108	0.065	0.718
0.046	0.089	0.805	0.060
0.710	0.092	0.068	0.130
0.113	0.065	0.090	0.732
0.005	0.070	0.918	0.007
0.547	0.096	0.205	0.152
0.093	0.651	0.110	0.146
0.130	0.165	0.587	0.118
0.555	0.165	0.099	0.181
0.151	0.743	0.047	0.059
>CWGCWGCWGC	11-CWGCWGCWGC	4.380078	-455.671538	0	T:14973.0(29.01%),B:11086.5(23.28%),P:1e-197	Tpos:51.3,Tstd:27.4,Bpos:50.7,Bstd:29.3,StrandBias:-0.1,Multiplicity:1.17
0.220	0.457	0.139	0.184
0.490	0.054	0.104	0.353
0.236	0.002	0.491	0.271
0.192	0.673	0.005	0.130
0.443	0.122	0.097	0.338
0.264	0.004	0.597	0.135
0.139	0.730	0.003	0.128
0.511	0.104	0.003	0.382
0.229	0.153	0.467	0.151
0.214	0.425	0.129	0.232
>CTATCCGCGG	12-CTATCCGCGG	6.381238	-375.392778	0	T:146.0(0.28%),B:4.8(0.01%),P:1e-163	Tpos:64.4,Tstd:14.4,Bpos:51.0,Bstd:19.1,StrandBias:3.1,Multiplicity:1.00
0.001	0.997	0.001	0.001
0.001	0.001	0.001	0.997
0.997	0.001	0.001	0.001
0.001	0.001	0.001	0.997
0.001	0.997	0.001	0.001
0.160	0.575	0.264	0.001
0.001	0.001	0.997	0.001
0.001	0.997	0.001	0.001
0.158	0.264	0.577	0.001
0.001	0.001	0.997	0.001
>CGTCACGTGA	13-CGTCACGTGA	6.834232	-271.736135	0	T:1255.0(2.43%),B:560.1(1.18%),P:1e-118	Tpos:38.3,Tstd:23.4,Bpos:48.3,Bstd:33.6,StrandBias:0.0,Multiplicity:1.08
0.179	0.496	0.287	0.038
0.122	0.203	0.635	0.040
0.022	0.114	0.082	0.782
0.005	0.688	0.300	0.007
0.809	0.021	0.080	0.090
0.005	0.841	0.110	0.044
0.080	0.100	0.818	0.002
0.023	0.194	0.158	0.625
0.003	0.363	0.631	0.003
0.540	0.193	0.242	0.025
>CGTCGCGTTT	14-CGTCGCGTTT	4.763256	-243.533837	0	T:2590.0(5.02%),B:1518.8(3.19%),P:1e-105	Tpos:50.2,Tstd:26.7,Bpos:52.5,Bstd:35.9,StrandBias:0.1,Multiplicity:1.03
0.120	0.585	0.163	0.132
0.109	0.144	0.602	0.145
0.097	0.165	0.157	0.581
0.128	0.588	0.145	0.139
0.121	0.163	0.571	0.145
0.138	0.571	0.148	0.143
0.111	0.160	0.565	0.164
0.086	0.151	0.121	0.642
0.079	0.143	0.107	0.671
0.086	0.162	0.128	0.624
>NTCTCGCGAK	15-NTCTCGCGAK	10.012535	-205.396481	0	T:170.0(0.33%),B:20.2(0.04%),P:1e-89	Tpos:32.5,Tstd:20.1,Bpos:45.0,Bstd:39.9,StrandBias:0.1,Multiplicity:1.03
0.185	0.297	0.255	0.264
0.001	0.001	0.182	0.816
0.202	0.796	0.001	0.001
0.001	0.001	0.001	0.997
0.001	0.997	0.001	0.001
0.001	0.001	0.997	0.001
0.001	0.997	0.001	0.001
0.001	0.001	0.997	0.001
0.902	0.096	0.001	0.001
0.001	0.150	0.489	0.360
>CCAATCGGCA	16-CCAATCGGCA	6.830019	-187.810241	0	T:1472.0(2.85%),B:792.0(1.66%),P:1e-81	Tpos:45.8,Tstd:27.8,Bpos:49.6,Bstd:28.9,StrandBias:-0.3,Multiplicity:1.00
0.014	0.909	0.044	0.033
0.070	0.885	0.018	0.027
0.852	0.046	0.071	0.031
0.737	0.125	0.092	0.046
0.044	0.103	0.083	0.770
0.145	0.718	0.056	0.081
0.127	0.060	0.669	0.144
0.032	0.094	0.844	0.030
0.103	0.775	0.091	0.031
0.844	0.027	0.064	0.065
>TCATCCGGAT	17-TCATCCGGAT	6.137401	-182.892172	0	T:1996.0(3.87%),B:1176.6(2.47%),P:1e-79	Tpos:50.5,Tstd:27.7,Bpos:50.0,Bstd:31.1,StrandBias:-0.3,Multiplicity:1.02
0.085	0.071	0.092	0.752
0.042	0.845	0.043	0.070
0.827	0.075	0.034	0.064
0.052	0.105	0.078	0.765
0.005	0.844	0.019	0.132
0.164	0.643	0.055	0.138
0.062	0.018	0.898	0.022
0.048	0.072	0.857	0.023
0.731	0.075	0.159	0.035
0.036	0.059	0.069	0.836
>CGCCCTATAA	18-CGCCCTATAA	4.911991	-168.737563	0	T:1938.0(3.76%),B:1156.7(2.43%),P:1e-73	Tpos:45.6,Tstd:24.9,Bpos:50.4,Bstd:28.9,StrandBias:-0.6,Multiplicity:1.01
0.160	0.531	0.150	0.159
0.157	0.136	0.563	0.144
0.112	0.623	0.134	0.131
0.129	0.629	0.088	0.154
0.122	0.655	0.087	0.136
0.124	0.133	0.097	0.646
0.548	0.150	0.164	0.138
0.142	0.130	0.151	0.577
0.605	0.137	0.139	0.119
0.623	0.122	0.134	0.121
>TTCHGTCAGT	19-TTCHGTCAGT	7.305995	-131.993974	0	T:2309.0(4.47%),B:1507.4(3.17%),P:1e-57	Tpos:51.1,Tstd:26.9,Bpos:51.3,Bstd:27.7,StrandBias:-0.2,Multiplicity:1.01
0.127	0.016	0.113	0.744
0.022	0.341	0.033	0.604
0.001	0.997	0.001	0.001
0.312	0.385	0.001	0.302
0.159	0.133	0.448	0.261
0.079	0.285	0.130	0.506
0.085	0.907	0.003	0.005
0.981	0.001	0.001	0.017
0.001	0.032	0.966	0.001
0.138	0.251	0.052	0.559
>TTAGTCGGCG	20-TTAGTCGGCG	6.574549	-116.767052	0	T:871.0(1.69%),B:462.9(0.97%),P:1e-50	Tpos:51.4,Tstd:26.8,Bpos:50.9,Bstd:36.5,StrandBias:0.7,Multiplicity:1.01
0.019	0.104	0.089	0.788
0.068	0.054	0.158	0.720
0.801	0.057	0.106	0.036
0.033	0.044	0.894	0.029
0.021	0.104	0.069	0.806
0.048	0.820	0.046	0.086
0.152	0.021	0.727	0.100
0.010	0.056	0.915	0.019
0.072	0.796	0.022	0.110
0.114	0.072	0.738	0.076
>TAAACCGCCG	21-TAAACCGCCG	9.671654	-115.111080	0	T:51.0(0.10%),B:2.3(0.00%),P:1e-49	Tpos:39.8,Tstd:23.1,Bpos:0.0,Bstd:0.0,StrandBias:-0.9,Multiplicity:1.00
0.001	0.038	0.038	0.923
0.808	0.114	0.039	0.039
0.960	0.001	0.001	0.038
0.960	0.001	0.001	0.038
0.001	0.847	0.114	0.038
0.039	0.883	0.039	0.039
0.001	0.001	0.997	0.001
0.001	0.997	0.001	0.001
0.039	0.883	0.039	0.039
0.001	0.114	0.847	0.038
>NGACGTACGN	22-NGACGTACGN	5.355607	-62.362550	0	T:54.0(0.10%),B:7.2(0.02%),P:1e-27	Tpos:46.3,Tstd:27.3,Bpos:42.2,Bstd:14.5,StrandBias:-0.8,Multiplicity:1.00
0.259	0.266	0.254	0.222
0.132	0.160	0.593	0.115
0.541	0.153	0.153	0.153
0.149	0.543	0.162	0.146
0.134	0.149	0.572	0.145
0.153	0.135	0.154	0.558
0.529	0.161	0.156	0.154
0.144	0.562	0.151	0.143
0.144	0.158	0.546	0.152
0.224	0.289	0.263	0.224
>YCAACAMTGC	23-YCAACAMTGC	10.052309	-56.525583	0	T:99.0(0.19%),B:26.7(0.06%),P:1e-24	Tpos:48.9,Tstd:25.5,Bpos:53.3,Bstd:24.4,StrandBias:-0.9,Multiplicity:1.00
0.001	0.573	0.001	0.425
0.001	0.921	0.077	0.001
0.889	0.077	0.001	0.033
0.997	0.001	0.001	0.001
0.001	0.997	0.001	0.001
0.965	0.001	0.033	0.001
0.573	0.425	0.001	0.001
0.001	0.001	0.001	0.997
0.001	0.001	0.997	0.001
0.001	0.997	0.001	0.001
>CGCGACGTTT	24-CGCGACGTTT	8.191538	-54.947150	0	T:102.0(0.20%),B:28.0(0.06%),P:1e-23	Tpos:48.2,Tstd:24.1,Bpos:68.7,Bstd:7.4,StrandBias:0.7,Multiplicity:1.00
0.094	0.801	0.064	0.041
0.042	0.096	0.786	0.076
0.045	0.766	0.141	0.048
0.022	0.065	0.881	0.032
0.829	0.079	0.039	0.053
0.114	0.749	0.079	0.058
0.119	0.173	0.670	0.038
0.035	0.057	0.094	0.814
0.032	0.052	0.032	0.884
0.069	0.048	0.055	0.828
>AGGAACTGGA	25-AGGAACTGGA	10.296193	-19.480245	0	T:45.0(0.09%),B:15.3(0.03%),P:1e-8	Tpos:59.4,Tstd:22.2,Bpos:46.7,Bstd:25.8,StrandBias:0.7,Multiplicity:1.00
0.700	0.100	0.100	0.100
0.100	0.100	0.700	0.100
0.100	0.100	0.700	0.100
0.700	0.100	0.100	0.100
0.700	0.100	0.100	0.100
0.100	0.700	0.100	0.100
0.100	0.100	0.100	0.700
0.100	0.100	0.700	0.100
0.100	0.100	0.700	0.100
0.700	0.100	0.100	0.100
>RCCGGAAGTGSC	1-RCCGGAAGTGSC	6.461387	-1360.617927	0	T:2091.0(4.05%),B:482.2(1.01%),P:1e-590	Tpos:43.2,Tstd:21.1,Bpos:49.3,Bstd:35.3,StrandBias:0.4,Multiplicity:1.17
0.362	0.158	0.439	0.042
0.063	0.658	0.253	0.026
0.001	0.997	0.001	0.001
0.001	0.001	0.997	0.001
0.001	0.001	0.993	0.005
0.996	0.001	0.001	0.002
0.995	0.003	0.001	0.001
0.004	0.001	0.994	0.001
0.001	0.224	0.001	0.774
0.056	0.124	0.754	0.066
0.207	0.355	0.386	0.052
0.173	0.493	0.260	0.073
>AARATGGCGGCS	2-AARATGGCGGCS	8.622253	-973.562573	0	T:1079.0(2.09%),B:180.6(0.38%),P:1e-422	Tpos:70.0,Tstd:19.9,Bpos:47.0,Bstd:30.3,StrandBias:1.3,Multiplicity:1.01
0.620	0.025	0.343	0.012
0.620	0.181	0.101	0.098
0.289	0.229	0.431	0.051
0.930	0.011	0.051	0.008
0.036	0.016	0.119	0.829
0.003	0.008	0.986	0.003
0.029	0.021	0.927	0.023
0.098	0.745	0.012	0.145
0.181	0.194	0.451	0.174
0.138	0.207	0.476	0.179
0.231	0.474	0.087	0.208
0.132	0.273	0.399	0.196
>GCCCCGCCCCBN	3-GCCCCGCCCCBN	9.788353	-820.251489	0	T:2431.0(4.71%),B:882.8(1.85%),P:1e-356	Tpos:29.7,Tstd:18.8,Bpos:49.3,Bstd:36.8,StrandBias:-0.4,Multiplicity:1.12
0.009	0.001	0.973	0.017
0.011	0.766	0.134	0.089
0.016	0.850	0.012	0.122
0.167	0.820	0.003	0.010
0.006	0.965	0.021	0.008
0.023	0.001	0.942	0.034
0.001	0.996	0.002	0.001
0.001	0.997	0.001	0.001
0.014	0.784	0.009	0.193
0.139	0.685	0.025	0.151
0.070	0.344	0.366	0.220
0.295	0.226	0.218	0.260
>TATCAGCAGTTN	4-TATCAGCAGTTN	11.576456	-614.064197	0	T:154.0(0.30%),B:1.9(0.00%),P:1e-266	Tpos:68.4,Tstd:11.4,Bpos:77.3,Bstd:10.1,StrandBias:3.8,Multiplicity:1.00
0.001	0.219	0.042	0.738
0.939	0.020	0.027	0.014
0.027	0.013	0.001	0.959
0.027	0.918	0.041	0.014
0.933	0.013	0.001	0.053
0.082	0.040	0.783	0.095
0.067	0.877	0.042	0.014
0.985	0.001	0.001	0.013
0.028	0.041	0.903	0.028
0.041	0.015	0.328	0.616
0.287	0.095	0.044	0.574
0.191	0.206	0.276	0.327
>GAGGARGARGAR	5-GAGGARGARGAR	2.831642	-612.912261	0	T:7956.0(15.42%),B:4967.2(10.43%),P:1e-266	Tpos:52.5,Tstd:24.6,Bpos:49.4,Bstd:31.0,StrandBias:1.7,Multiplicity:1.19
0.001	0.001	0.997	0.001
0.997	0.001	0.001	0.001
0.245	0.001	0.500	0.254
0.001	0.001	0.997	0.001
0.891	0.001	0.107	0.001
0.318	0.001	0.459	0.222
0.001	0.001	0.997	0.001
0.997	0.001	0.001	0.001
0.413	0.001	0.374	0.212
0.001	0.001	0.997	0.001
0.964	0.001	0.001	0.034
0.335	0.001	0.454	0.210
>CTGCGCATGCGC	6-CTGCGCATGCGC	8.463612	-609.039273	0	T:1346.0(2.61%),B:407.9(0.86%),P:1e-264	Tpos:38.8,Tstd:20.1,Bpos:52.6,Bstd:38.1,StrandBias:-0.1,Multiplicity:1.11
0.100	0.700	0.100	0.100
0.100	0.100	0.100	0.700
0.100	0.100	0.700	0.100
0.100	0.700	0.100	0.100
0.100	0.100	0.700	0.100
0.100	0.700	0.100	0.100
0.700	0.100	0.100	0.100
0.100	0.100	0.100	0.700
0.100	0.100	0.700	0.100
0.100	0.700	0.100	0.100
0.100	0.100	0.700	0.100
0.100	0.700	0.100	0.100
>NNGGGGAAAANN	7-NNGGGGAAAANN	2.534256	-548.661078	0	T:7336.0(14.22%),B:4599.8(9.66%),P:1e-238	Tpos:51.5,Tstd:23.7,Bpos:50.1,Bstd:32.0,StrandBias:0.5,Multiplicity:1.07
0.231	0.298	0.276	0.196
0.262	0.188	0.318	0.231
0.001	0.405	0.593	0.001
0.001	0.388	0.610	0.001
0.001	0.107	0.891	0.001
0.001	0.001	0.997	0.001
0.812	0.001	0.001	0.186
0.879	0.001	0.001	0.119
0.997	0.001	0.001	0.001
0.655	0.343	0.001	0.001
0.257	0.230	0.316	0.197
0.272	0.205	0.282	0.241
>GGAGGAGCTGTA	8-GGAGGAGCTGTA	6.517702	-526.069761	0	T:7199.0(13.95%),B:4533.9(9.52%),P:1e-228	Tpos:53.0,Tstd:25.6,Bpos:50.3,Bstd:29.1,StrandBias:1.1,Multiplicity:1.07
0.100	0.100	0.700	0.100
0.100	0.100	0.700	0.100
0.700	0.100	0.100	0.100
0.100	0.100	0.700	0.100
0.100	0.100	0.700	0.100
0.700	0.100	0.100	0.100
0.100	0.100	0.700	0.100
0.100	0.700	0.100	0.100
0.100	0.100	0.100	0.700
0.100	0.100	0.700	0.100
0.100	0.100	0.100	0.700
0.700	0.100	0.100	0.100
>DGGGGGGGGGGD	9-DGGGGGGGGGGD	5.064780	-468.122780	0	T:10954.0(21.23%),B:7670.4(16.11%),P:1e-203	Tpos:48.6,Tstd:21.5,Bpos:49.9,Bstd:26.9,StrandBias:1.7,Multiplicity:1.16
0.256	0.047	0.372	0.325
0.048	0.035	0.578	0.339
0.054	0.038	0.591	0.317
0.150	0.036	0.518	0.296
0.075	0.040	0.592	0.293
0.152	0.031	0.550	0.267
0.201	0.043	0.504	0.252
0.207	0.106	0.471	0.216
0.235	0.086	0.459	0.221
0.062	0.113	0.554	0.271
0.255	0.042	0.488	0.215
0.352	0.098	0.230	0.320
>AGCAGCAGCWRC	10-AGCAGCAGCWRC	2.875307	-397.561353	0	T:21180.0(41.04%),B:16707.6(35.08%),P:1e-172	Tpos:52.3,Tstd:26.8,Bpos:50.2,Bstd:30.4,StrandBias:-0.0,Multiplicity:1.26
0.726	0.026	0.123	0.125
0.082	0.017	0.864	0.037
0.059	0.899	0.019	0.023
0.866	0.036	0.030	0.068
0.016	0.021	0.939	0.024
0.047	0.904	0.028	0.021
0.832	0.095	0.018	0.055
0.386	0.022	0.562	0.030
0.034	0.920	0.030	0.016
0.447	0.154	0.033	0.366
0.408	0.052	0.506	0.034
0.319	0.568	0.077	0.036
>NNAATCGGCGNN	11-NNAATCGGCGNN	4.140960	-318.688702	0	T:4679.0(9.07%),B:2966.8(6.23%),P:1e-138	Tpos:50.2,Tstd:26.4,Bpos:50.0,Bstd:34.9,StrandBias:0.1,Multiplicity:1.07
0.240	0.287	0.253	0.220
0.254	0.264	0.284	0.198
0.579	0.112	0.158	0.151
0.641	0.103	0.099	0.157
0.157	0.116	0.093	0.634
0.145	0.626	0.101	0.128
0.123	0.142	0.643	0.092
0.186	0.141	0.491	0.182
0.129	0.641	0.114	0.116
0.120	0.156	0.617	0.107
0.271	0.244	0.271	0.215
0.211	0.229	0.254	0.305
>CGGTSACGTSAC	12-CGGTSACGTSAC	7.102506	-297.567910	0	T:966.0(1.87%),B:366.0(0.77%),P:1e-129	Tpos:38.8,Tstd:22.4,Bpos:49.3,Bstd:29.5,StrandBias:-0.1,Multiplicity:1.05
0.029	0.605	0.326	0.040
0.105	0.309	0.541	0.045
0.124	0.113	0.762	0.001
0.001	0.088	0.023	0.888
0.001	0.551	0.447	0.001
0.997	0.001	0.001	0.001
0.001	0.870	0.040	0.089
0.049	0.038	0.912	0.001
0.001	0.001	0.001	0.997
0.001	0.450	0.548	0.001
0.914	0.021	0.064	0.001
0.005	0.709	0.215	0.071
>GTAGTTCCGCCC	13-GTAGTTCCGCCC	5.928893	-255.761114	0	T:429.0(0.83%),B:106.8(0.22%),P:1e-111	Tpos:43.3,Tstd:25.3,Bpos:42.6,Bstd:22.1,StrandBias:-0.9,Multiplicity:1.00
0.001	0.001	0.935	0.063
0.361	0.001	0.063	0.575
0.873	0.063	0.063	0.001
0.001	0.001	0.997	0.001
0.001	0.063	0.001	0.935
0.063	0.001	0.001	0.935
0.001	0.997	0.001	0.001
0.001	0.997	0.001	0.001
0.001	0.063	0.935	0.001
0.001	0.997	0.001	0.001
0.001	0.935	0.001	0.063
0.001	0.935	0.063	0.001
>AAVTCTCGCGAG	14-AAVTCTCGCGAG	10.163649	-217.270808	0	T:134.0(0.26%),B:10.9(0.02%),P:1e-94	Tpos:33.6,Tstd:20.5,Bpos:50.1,Bstd:24.2,StrandBias:0.1,Multiplicity:1.05
0.702	0.075	0.151	0.072
0.617	0.075	0.271	0.037
0.329	0.309	0.297	0.065
0.001	0.131	0.024	0.844
0.132	0.806	0.061	0.001
0.012	0.134	0.001	0.853
0.001	0.987	0.011	0.001
0.001	0.012	0.986	0.001
0.024	0.963	0.001	0.012
0.012	0.025	0.962	0.001
0.747	0.074	0.167	0.012
0.001	0.143	0.624	0.232
>AGGTCTATCAGC	15-AGGTCTATCAGC	10.409522	-196.070824	0	T:75.0(0.15%),B:2.6(0.01%),P:1e-85	Tpos:62.0,Tstd:13.5,Bpos:56.7,Bstd:15.5,StrandBias:2.7,Multiplicity:1.00
0.700	0.100	0.100	0.100
0.100	0.100	0.700	0.100
0.100	0.100	0.700	0.100
0.100	0.100	0.100	0.700
0.100	0.700	0.100	0.100
0.100	0.100	0.100	0.700
0.700	0.100	0.100	0.100
0.100	0.100	0.100	0.700
0.100	0.700	0.100	0.100
0.700	0.100	0.100	0.100
0.100	0.100	0.700	0.100
0.100	0.700	0.100	0.100
>GGGAAWTGTAGT	16-GGGAAWTGTAGT	8.803493	-170.807869	0	T:178.0(0.34%),B:28.3(0.06%),P:1e-74	Tpos:35.0,Tstd:21.9,Bpos:49.2,Bstd:33.5,StrandBias:-0.0,Multiplicity:1.00
0.001	0.001	0.995	0.003
0.001	0.001	0.997	0.001
0.001	0.001	0.995	0.003
0.995	0.001	0.003	0.001
0.624	0.087	0.266	0.023
0.406	0.001	0.068	0.525
0.003	0.001	0.001	0.995
0.001	0.001	0.995	0.003
0.012	0.004	0.004	0.980
0.995	0.001	0.003	0.001
0.001	0.001	0.997	0.001
0.001	0.001	0.001	0.997
>GCGCGCTTGCGT	17-GCGCGCTTGCGT	12.124896	-144.285381	0	T:95.0(0.18%),B:9.0(0.02%),P:1e-62	Tpos:40.5,Tstd:23.5,Bpos:71.0,Bstd:0.0,StrandBias:0.6,Multiplicity:1.03
0.001	0.001	0.997	0.001
0.001	0.997	0.001	0.001
0.001	0.032	0.966	0.001
0.001	0.933	0.033	0.033
0.032	0.001	0.966	0.001
0.001	0.966	0.001	0.032
0.295	0.001	0.001	0.703
0.001	0.187	0.033	0.779
0.001	0.001	0.997	0.001
0.001	0.966	0.001	0.032
0.001	0.032	0.966	0.001
0.001	0.187	0.033	0.779
>CGTCATGGCGGC	18-CGTCATGGCGGC	9.026030	-137.989360	0	T:83.0(0.16%),B:6.7(0.01%),P:1e-59	Tpos:74.4,Tstd:18.8,Bpos:61.4,Bstd:4.6,StrandBias:1.1,Multiplicity:1.00
0.140	0.480	0.077	0.303
0.231	0.078	0.492	0.200
0.066	0.267	0.176	0.491
0.100	0.653	0.178	0.069
0.493	0.191	0.094	0.223
0.086	0.110	0.198	0.606
0.051	0.107	0.801	0.041
0.055	0.034	0.817	0.094
0.246	0.612	0.051	0.091
0.175	0.263	0.500	0.063
0.208	0.146	0.546	0.100
0.080	0.785	0.072	0.063
>TTTAAAAAAAAA	19-TTTAAAAAAAAA	9.729931	-136.491902	0	T:1276.0(2.47%),B:722.6(1.52%),P:1e-59	Tpos:57.7,Tstd:29.2,Bpos:50.2,Bstd:29.5,StrandBias:-1.8,Multiplicity:1.03
0.124	0.067	0.027	0.782
0.019	0.001	0.018	0.962
0.345	0.001	0.001	0.653
0.966	0.001	0.011	0.022
0.987	0.006	0.006	0.001
0.990	0.001	0.001	0.008
0.953	0.033	0.013	0.001
0.959	0.005	0.027	0.009
0.948	0.008	0.012	0.032
0.934	0.033	0.011	0.022
0.966	0.032	0.001	0.001
0.956	0.001	0.027	0.016
>CCTTGGACCAAA	20-CCTTGGACCAAA	10.114705	-134.888342	0	T:71.0(0.14%),B:4.6(0.01%),P:1e-58	Tpos:49.2,Tstd:25.2,Bpos:52.8,Bstd:18.0,StrandBias:-0.1,Multiplicity:1.00
0.058	0.849	0.027	0.066
0.082	0.800	0.001	0.117
0.049	0.065	0.001	0.885
0.033	0.017	0.042	0.908
0.008	0.050	0.871	0.071
0.083	0.066	0.758	0.093
0.708	0.099	0.117	0.076
0.052	0.840	0.042	0.066
0.008	0.917	0.001	0.074
0.851	0.099	0.001	0.049
0.816	0.093	0.066	0.025
0.801	0.058	0.091	0.050
>TTAAAGGCGCGG	21-TTAAAGGCGCGG	11.202480	-100.606611	0	T:72.0(0.14%),B:7.4(0.02%),P:1e-43	Tpos:42.8,Tstd:18.4,Bpos:26.7,Bstd:11.3,StrandBias:1.1,Multiplicity:1.00
0.038	0.038	0.351	0.573
0.118	0.076	0.076	0.730
0.923	0.038	0.001	0.038
0.865	0.001	0.133	0.001
0.923	0.001	0.038	0.038
0.001	0.001	0.997	0.001
0.001	0.001	0.997	0.001
0.001	0.627	0.371	0.001
0.001	0.080	0.881	0.038
0.001	0.961	0.037	0.001
0.110	0.015	0.756	0.119
0.001	0.075	0.923	0.001
>ATTGGCTGCGCG	22-ATTGGCTGCGCG	10.423330	-56.518236	0	T:76.0(0.15%),B:17.0(0.04%),P:1e-24	Tpos:37.9,Tstd:30.1,Bpos:67.1,Bstd:24.4,StrandBias:0.8,Multiplicity:1.00
0.755	0.097	0.060	0.088
0.060	0.152	0.060	0.728
0.037	0.023	0.075	0.865
0.023	0.015	0.947	0.015
0.015	0.075	0.895	0.015
0.023	0.917	0.037	0.023
0.038	0.061	0.045	0.856
0.001	0.045	0.932	0.022
0.104	0.723	0.098	0.075
0.023	0.071	0.861	0.045
0.112	0.728	0.084	0.076
0.037	0.091	0.812	0.060
>GGGCGGTTCCTG	23-GGGCGGTTCCTG	10.796675	-53.565901	0	T:74.0(0.14%),B:16.0(0.03%),P:1e-23	Tpos:38.8,Tstd:25.9,Bpos:50.7,Bstd:12.5,StrandBias:0.6,Multiplicity:1.00
0.046	0.007	0.901	0.046
0.039	0.026	0.896	0.039
0.033	0.052	0.876	0.039
0.117	0.766	0.065	0.052
0.078	0.033	0.837	0.052
0.026	0.154	0.725	0.095
0.052	0.019	0.199	0.730
0.063	0.040	0.054	0.843
0.026	0.922	0.026	0.026
0.020	0.889	0.026	0.065
0.089	0.059	0.026	0.826
0.078	0.052	0.805	0.065
>GCTGGCGGAAAG	24-GCTGGCGGAAAG	10.004123	-51.203184	0	T:103.0(0.20%),B:30.5(0.06%),P:1e-22	Tpos:56.6,Tstd:25.2,Bpos:54.8,Bstd:30.1,StrandBias:1.5,Multiplicity:1.00
0.097	0.040	0.817	0.046
0.084	0.800	0.062	0.054
0.075	0.061	0.023	0.841
0.054	0.076	0.824	0.046
0.062	0.048	0.798	0.092
0.061	0.816	0.071	0.052
0.109	0.038	0.828	0.025
0.008	0.054	0.915	0.023
0.741	0.108	0.128	0.023
0.894	0.041	0.050	0.015
0.834	0.038	0.044	0.084
0.046	0.015	0.893	0.046
>CGCCGCCACAGT	25-CGCCGCCACAGT	10.952566	-49.812153	0	T:69.0(0.13%),B:15.0(0.03%),P:1e-21	Tpos:53.1,Tstd:28.1,Bpos:72.4,Bstd:12.8,StrandBias:-0.9,Multiplicity:1.00
0.001	0.804	0.132	0.063
0.081	0.072	0.793	0.054
0.072	0.837	0.063	0.028
0.001	0.914	0.076	0.009
0.045	0.055	0.763	0.137
0.009	0.946	0.036	0.009
0.001	0.912	0.001	0.086
0.701	0.166	0.052	0.081
0.036	0.847	0.081	0.036
0.810	0.112	0.018	0.060
0.009	0.090	0.882	0.019
0.063	0.063	0.127	0.747
>CCGGAA	1-CCGGAA	6.770266	-1084.966771	0	T:4753.0(9.21%),B:2105.9(4.42%),P:1e-471	Tpos:46.1,Tstd:24.5,Bpos:49.9,Bstd:37.2,StrandBias:0.2,Multiplicity:1.26
0.001	0.782	0.216	0.001
0.001	0.997	0.001	0.001
0.001	0.001	0.997	0.001
0.001	0.001	0.997	0.001
0.997	0.001	0.001	0.001
0.997	0.001	0.001	0.001
>TCCTCC	2-TCCTCC	4.412332	-831.526809	0	T:25292.0(49.01%),B:19122.9(40.15%),P:1e-361	Tpos:51.2,Tstd:25.5,Bpos:49.6,Bstd:31.8,StrandBias:-1.1,Multiplicity:1.60
0.001	0.001	0.001	0.997
0.001	0.938	0.060	0.001
0.065	0.798	0.001	0.136
0.001	0.163	0.001	0.835
0.001	0.997	0.001	0.001
0.001	0.832	0.001	0.166
>BCGNAA	3-BCGNAA	3.413456	-722.907583	0	T:12730.0(24.67%),B:8564.7(17.98%),P:1e-313	Tpos:49.8,Tstd:27.8,Bpos:49.5,Bstd:35.8,StrandBias:-0.1,Multiplicity:1.12
0.061	0.249	0.323	0.367
0.012	0.823	0.147	0.018
0.061	0.183	0.698	0.058
0.289	0.267	0.213	0.230
0.730	0.043	0.128	0.099
0.476	0.117	0.169	0.238
>CGAAAG	4-CGAAAG	4.281171	-709.607636	0	T:6497.0(12.59%),B:3713.6(7.80%),P:1e-308	Tpos:52.0,Tstd:27.6,Bpos:50.0,Bstd:36.2,StrandBias:0.3,Multiplicity:1.03
0.001	0.997	0.001	0.001
0.001	0.001	0.997	0.001
0.851	0.001	0.147	0.001
0.830	0.001	0.021	0.148
0.997	0.001	0.001	0.001
0.001	0.001	0.997	0.001
>SBGGTA	5-SBGGTA	4.030038	-606.310099	0	T:19336.0(37.47%),B:14435.8(30.31%),P:1e-263	Tpos:52.4,Tstd:28.2,Bpos:50.0,Bstd:30.8,StrandBias:0.6,Multiplicity:1.11
0.028	0.391	0.496	0.084
0.090	0.263	0.309	0.338
0.001	0.258	0.605	0.136
0.126	0.003	0.870	0.001
0.198	0.001	0.001	0.800
0.927	0.001	0.001	0.071
>TCGTCG	6-TCGTCG	3.066543	-587.745866	0	T:23290.0(45.13%),B:17984.4(37.76%),P:1e-255	Tpos:51.9,Tstd:28.0,Bpos:50.1,Bstd:36.1,StrandBias:-0.2,Multiplicity:1.40
0.073	0.088	0.135	0.704
0.103	0.632	0.082	0.183
0.138	0.044	0.607	0.211
0.129	0.079	0.137	0.655
0.111	0.762	0.026	0.101
0.221	0.051	0.642	0.086
>ATGACG	7-ATGACG	4.698452	-552.941927	0	T:10522.0(20.39%),B:7122.6(14.96%),P:1e-240	Tpos:50.8,Tstd:28.0,Bpos:49.2,Bstd:31.7,StrandBias:0.6,Multiplicity:1.23
0.617	0.088	0.252	0.043
0.020	0.024	0.001	0.955
0.001	0.001	0.997	0.001
0.823	0.022	0.127	0.028
0.039	0.820	0.001	0.140
0.001	0.028	0.970	0.001
>GCGGTT	8-GCGGTT	3.144796	-513.829905	0	T:21933.0(42.50%),B:16995.2(35.69%),P:1e-223	Tpos:52.3,Tstd:28.0,Bpos:50.4,Bstd:32.8,StrandBias:0.1,Multiplicity:1.46
0.001	0.001	0.997	0.001
0.001	0.997	0.001	0.001
0.174	0.139	0.523	0.164
0.001	0.001	0.997	0.001
0.001	0.099	0.001	0.899
0.332	0.001	0.001	0.666
>AGGGGG	9-AGGGGG	5.715999	-501.336199	0	T:13037.0(25.26%),B:9321.1(19.57%),P:1e-217	Tpos:47.9,Tstd:25.0,Bpos:50.2,Bstd:30.3,StrandBias:0.9,Multiplicity:1.13
0.997	0.001	0.001	0.001
0.274	0.001	0.724	0.001
0.144	0.001	0.854	0.001
0.001	0.001	0.997	0.001
0.001	0.001	0.997	0.001
0.001	0.001	0.877	0.121
>CGGWAC	10-CGGWAC	4.631932	-446.599887	0	T:4665.0(9.04%),B:2739.1(5.75%),P:1e-193	Tpos:52.6,Tstd:28.4,Bpos:47.7,Bstd:36.2,StrandBias:0.0,Multiplicity:1.01
0.001	0.839	0.071	0.089
0.001	0.071	0.810	0.118
0.168	0.053	0.470	0.308
0.346	0.107	0.130	0.418
0.904	0.001	0.040	0.055
0.251	0.642	0.001	0.106
>CGGTTA	11-CGGTTA	4.314566	-432.368644	0	T:12540.0(24.30%),B:9085.4(19.08%),P:1e-187	Tpos:50.8,Tstd:28.1,Bpos:49.8,Bstd:31.9,StrandBias:0.1,Multiplicity:1.08
0.001	0.997	0.001	0.001
0.245	0.001	0.753	0.001
0.162	0.095	0.742	0.001
0.182	0.076	0.109	0.633
0.001	0.291	0.001	0.707
0.572	0.001	0.338	0.089
>WKCGKT	12-WKCGKT	3.747767	-381.668880	0	T:12705.0(24.62%),B:9368.3(19.67%),P:1e-165	Tpos:52.3,Tstd:28.0,Bpos:49.8,Bstd:35.4,StrandBias:0.2,Multiplicity:1.12
0.340	0.156	0.138	0.366
0.001	0.245	0.397	0.357
0.026	0.943	0.030	0.001
0.264	0.080	0.655	0.001
0.001	0.184	0.374	0.441
0.384	0.001	0.001	0.614
>GCYTTT	13-GCYTTT	2.061285	-336.663371	0	T:23016.0(44.60%),B:18583.5(39.02%),P:1e-146	Tpos:49.9,Tstd:28.1,Bpos:50.0,Bstd:31.6,StrandBias:-0.1,Multiplicity:1.25
0.339	0.011	0.649	0.001
0.001	0.997	0.001	0.001
0.001	0.479	0.001	0.519
0.001	0.001	0.339	0.659
0.001	0.001	0.001	0.997
0.001	0.001	0.001	0.997
>ATCAGC	14-ATCAGC	5.562251	-328.985892	0	T:7964.0(15.43%),B:5560.7(11.68%),P:1e-142	Tpos:50.7,Tstd:28.5,Bpos:50.3,Bstd:29.8,StrandBias:-0.1,Multiplicity:1.07
0.997	0.001	0.001	0.001
0.001	0.001	0.001	0.997
0.001	0.997	0.001	0.001
0.997	0.001	0.001	0.001
0.165	0.001	0.749	0.085
0.001	0.757	0.001	0.241
>BAACGS	15-BAACGS	3.754823	-319.487090	0	T:11466.0(22.22%),B:8505.2(17.86%),P:1e-138	Tpos:50.2,Tstd:27.9,Bpos:51.4,Bstd:35.8,StrandBias:0.1,Multiplicity:1.07
0.124	0.272	0.229	0.375
0.616	0.001	0.003	0.380
0.706	0.051	0.167	0.076
0.001	0.956	0.042	0.001
0.001	0.140	0.858	0.001
0.207	0.357	0.332	0.104
>CCCCAA	16-CCCCAA	5.669645	-255.803429	0	T:11703.0(22.68%),B:8918.4(18.73%),P:1e-111	Tpos:50.5,Tstd:27.0,Bpos:49.8,Bstd:29.9,StrandBias:-0.8,Multiplicity:1.10
0.001	0.997	0.001	0.001
0.342	0.567	0.001	0.090
0.202	0.796	0.001	0.001
0.001	0.997	0.001	0.001
0.997	0.001	0.001	0.001
0.997	0.001	0.001	0.001
>ATTGGB	17-ATTGGB	6.160340	-248.252980	0	T:9141.0(17.71%),B:6766.7(14.21%),P:1e-107	Tpos:47.7,Tstd:28.2,Bpos:50.1,Bstd:28.8,StrandBias:0.2,Multiplicity:1.09
0.981	0.001	0.001	0.017
0.001	0.398	0.001	0.600
0.001	0.001	0.001	0.997
0.001	0.018	0.980	0.001
0.001	0.001	0.997	0.001
0.001	0.418	0.277	0.304
>ATCTTC	18-ATCTTC	4.354411	-239.663288	0	T:7456.0(14.45%),B:5385.7(11.31%),P:1e-104	Tpos:53.6,Tstd:28.1,Bpos:50.4,Bstd:32.0,StrandBias:-0.8,Multiplicity:1.04
0.997	0.001	0.001	0.001
0.001	0.287	0.001	0.711
0.001	0.997	0.001	0.001
0.001	0.001	0.067	0.931
0.001	0.001	0.001	0.997
0.001	0.997	0.001	0.001
>TGCGCA	19-TGCGCA	6.177716	-219.429728	0	T:1040.0(2.02%),B:469.7(0.99%),P:1e-95	Tpos:41.6,Tstd:23.8,Bpos:52.8,Bstd:35.5,StrandBias:0.0,Multiplicity:1.06
0.100	0.100	0.100	0.700
0.100	0.100	0.700	0.100
0.100	0.700	0.100	0.100
0.100	0.100	0.700	0.100
0.100	0.700	0.100	0.100
0.700	0.100	0.100	0.100
>TGTAGG	20-TGTAGG	4.529707	-208.857955	0	T:13459.0(26.08%),B:10620.1(22.30%),P:1e-90	Tpos:49.6,Tstd:27.7,Bpos:50.4,Bstd:30.2,StrandBias:0.6,Multiplicity:1.11
0.001	0.001	0.191	0.807
0.087	0.001	0.676	0.236
0.163	0.001	0.001	0.835
0.948	0.050	0.001	0.001
0.001	0.001	0.997	0.001
0.001	0.001	0.997	0.001
>GGCGGT	21-GGCGGT	5.628336	-196.809501	0	T:13981.0(27.09%),B:11129.5(23.37%),P:1e-85	Tpos:43.4,Tstd:26.8,Bpos:50.0,Bstd:35.4,StrandBias:0.7,Multiplicity:1.39
0.001	0.001	0.997	0.001
0.001	0.055	0.895	0.049
0.001	0.778	0.001	0.220
0.001	0.001	0.863	0.135
0.001	0.001	0.986	0.012
0.001	0.001	0.263	0.735
>GACAGC	22-GACAGC	5.564396	-166.502656	0	T:9821.0(19.03%),B:7642.5(16.05%),P:1e-72	Tpos:50.8,Tstd:28.0,Bpos:49.9,Bstd:31.1,StrandBias:0.2,Multiplicity:1.07
0.001	0.001	0.997	0.001
0.997	0.001	0.001	0.001
0.001	0.818	0.180	0.001
0.875	0.001	0.001	0.123
0.057	0.001	0.941	0.001
0.001	0.677	0.001	0.321
>GGTAAG	23-GGTAAG	6.177716	-106.970572	0	T:2024.0(3.92%),B:1340.7(2.82%),P:1e-46	Tpos:59.8,Tstd:28.4,Bpos:50.1,Bstd:30.5,StrandBias:0.8,Multiplicity:1.01
0.100	0.100	0.700	0.100
0.100	0.100	0.700	0.100
0.100	0.100	0.100	0.700
0.700	0.100	0.100	0.100
0.700	0.100	0.100	0.100
0.100	0.100	0.700	0.100
>GCCAWA	24-GCCAWA	5.985621	-72.178160	0	T:2708.0(5.25%),B:1988.2(4.17%),P:1e-31	Tpos:51.0,Tstd:28.6,Bpos:50.3,Bstd:29.3,StrandBias:0.0,Multiplicity:1.02
0.055	0.146	0.798	0.001
0.008	0.989	0.002	0.001
0.073	0.640	0.203	0.084
0.729	0.181	0.035	0.055
0.491	0.039	0.001	0.469
0.537	0.373	0.089	0.001
>GAGTAT	25-GAGTAT	5.978479	-65.571199	0	T:3083.0(5.97%),B:2324.4(4.88%),P:1e-28	Tpos:49.2,Tstd:29.1,Bpos:50.4,Bstd:28.7,StrandBias:0.4,Multiplicity:1.03
0.001	0.375	0.623	0.001
0.642	0.001	0.356	0.001
0.185	0.008	0.783	0.024
0.170	0.020	0.001	0.809
0.634	0.001	0.001	0.364
0.001	0.001	0.001	0.997
>CCGGAAGT	1-CCGGAAGT	9.019044	-1397.757337	0	T:1745.0(3.38%),B:331.8(0.70%),P:1e-607	Tpos:42.2,Tstd:21.2,Bpos:49.4,Bstd:35.6,StrandBias:0.4,Multiplicity:1.14
0.001	0.839	0.159	0.001
0.001	0.997	0.001	0.001
0.001	0.001	0.997	0.001
0.001	0.001	0.997	0.001
0.997	0.001	0.001	0.001
0.997	0.001	0.001	0.001
0.001	0.001	0.997	0.001
0.001	0.191	0.001	0.807
>YCCCCCCC	2-YCCCCCCC	4.860412	-1231.444677	0	T:21732.0(42.11%),B:15105.8(31.72%),P:1e-534	Tpos:46.7,Tstd:23.3,Bpos:49.6,Bstd:30.4,StrandBias:-1.3,Multiplicity:1.47
0.086	0.494	0.012	0.408
0.132	0.665	0.012	0.191
0.156	0.593	0.001	0.250
0.138	0.860	0.001	0.001
0.043	0.886	0.070	0.001
0.061	0.768	0.001	0.170
0.001	0.911	0.001	0.087
0.143	0.605	0.001	0.251
>HGGAGGAG	3-HGGAGGAG	5.474756	-954.122745	0	T:16194.0(31.38%),B:10956.7(23.01%),P:1e-414	Tpos:53.0,Tstd:26.8,Bpos:50.2,Bstd:32.0,StrandBias:0.9,Multiplicity:1.12
0.288	0.343	0.001	0.368
0.001	0.001	0.997	0.001
0.139	0.001	0.859	0.001
0.997	0.001	0.001	0.001
0.331	0.001	0.631	0.037
0.317	0.191	0.491	0.001
0.589	0.001	0.001	0.409
0.059	0.001	0.939	0.001
>TTTHCSGC	4-TTTHCSGC	3.827962	-908.919747	0	T:11047.0(21.41%),B:6877.4(14.44%),P:1e-394	Tpos:51.0,Tstd:26.3,Bpos:49.4,Bstd:35.5,StrandBias:-0.3,Multiplicity:1.14
0.207	0.173	0.225	0.396
0.015	0.324	0.142	0.519
0.323	0.076	0.025	0.576
0.268	0.224	0.164	0.343
0.022	0.623	0.193	0.162
0.113	0.491	0.395	0.001
0.029	0.191	0.634	0.146
0.084	0.418	0.253	0.245
>TATAGCGG	5-TATAGCGG	2.982877	-759.543363	0	T:22613.0(43.82%),B:16912.5(35.51%),P:1e-329	Tpos:50.6,Tstd:27.0,Bpos:49.9,Bstd:30.7,StrandBias:0.4,Multiplicity:1.23
0.115	0.112	0.120	0.653
0.557	0.135	0.132	0.176
0.155	0.140	0.132	0.573
0.607	0.097	0.138	0.158
0.128	0.109	0.645	0.118
0.090	0.707	0.111	0.092
0.134	0.148	0.626	0.092
0.122	0.154	0.632	0.092
>CGTCAYCW	6-CGTCAYCW	3.224363	-751.951535	0	T:21477.0(41.62%),B:15929.6(33.45%),P:1e-326	Tpos:52.7,Tstd:27.3,Bpos:50.1,Bstd:34.0,StrandBias:-0.6,Multiplicity:1.38
0.097	0.653	0.133	0.117
0.199	0.081	0.502	0.218
0.131	0.206	0.233	0.430
0.116	0.659	0.105	0.120
0.439	0.132	0.252	0.176
0.179	0.231	0.212	0.377
0.110	0.545	0.203	0.142
0.379	0.115	0.229	0.277
>ATTGGCGG	7-ATTGGCGG	4.955873	-631.413451	0	T:9702.0(18.80%),B:6304.8(13.24%),P:1e-274	Tpos:49.1,Tstd:27.3,Bpos:49.8,Bstd:30.5,StrandBias:0.6,Multiplicity:1.09
0.815	0.001	0.079	0.105
0.055	0.160	0.131	0.654
0.140	0.090	0.012	0.758
0.038	0.005	0.956	0.001
0.124	0.001	0.659	0.216
0.123	0.678	0.074	0.125
0.001	0.146	0.728	0.125
0.125	0.086	0.750	0.039
>CCCGCCCC	8-CCCGCCCC	7.637702	-494.346175	0	T:4109.0(7.96%),B:2266.1(4.76%),P:1e-214	Tpos:34.6,Tstd:23.9,Bpos:49.0,Bstd:37.7,StrandBias:-0.8,Multiplicity:1.06
0.112	0.527	0.001	0.360
0.093	0.905	0.001	0.001
0.001	0.997	0.001	0.001
0.001	0.001	0.997	0.001
0.001	0.997	0.001	0.001
0.001	0.997	0.001	0.001
0.001	0.997	0.001	0.001
0.038	0.960	0.001	0.001
>GGCSGTTT	9-GGCSGTTT	4.268348	-441.292480	0	T:10968.0(21.25%),B:7748.4(16.27%),P:1e-191	Tpos:50.7,Tstd:27.4,Bpos:49.9,Bstd:31.8,StrandBias:0.3,Multiplicity:1.08
0.117	0.242	0.558	0.083
0.050	0.070	0.789	0.091
0.001	0.968	0.005	0.026
0.001	0.409	0.556	0.034
0.034	0.116	0.525	0.325
0.148	0.026	0.001	0.825
0.273	0.001	0.029	0.697
0.079	0.001	0.263	0.657
>GCDGCTAT	10-GCDGCTAT	5.103595	-440.440923	0	T:7438.0(14.41%),B:4884.1(10.26%),P:1e-191	Tpos:52.1,Tstd:28.3,Bpos:50.8,Bstd:29.4,StrandBias:0.1,Multiplicity:1.10
0.052	0.001	0.941	0.006
0.025	0.671	0.183	0.121
0.401	0.026	0.277	0.297
0.170	0.054	0.732	0.044
0.026	0.730	0.049	0.195
0.108	0.218	0.175	0.499
0.598	0.070	0.196	0.136
0.279	0.097	0.084	0.540
>CCGGATGA	11-CCGGATGA	4.840359	-383.642124	0	T:7402.0(14.34%),B:4976.1(10.45%),P:1e-166	Tpos:50.7,Tstd:27.6,Bpos:49.5,Bstd:30.3,StrandBias:0.2,Multiplicity:1.05
0.036	0.733	0.122	0.109
0.087	0.748	0.076	0.089
0.080	0.051	0.730	0.139
0.150	0.043	0.751	0.056
0.800	0.051	0.026	0.123
0.059	0.040	0.087	0.814
0.148	0.071	0.709	0.072
0.719	0.080	0.086	0.115
>GTGACGTV	12-GTGACGTV	5.806512	-350.982272	0	T:1588.0(3.08%),B:703.8(1.48%),P:1e-152	Tpos:40.2,Tstd:25.3,Bpos:47.4,Bstd:32.7,StrandBias:0.3,Multiplicity:1.04
0.001	0.001	0.952	0.046
0.001	0.001	0.001	0.997
0.096	0.035	0.585	0.284
0.994	0.001	0.004	0.001
0.001	0.968	0.001	0.030
0.001	0.001	0.997	0.001
0.001	0.289	0.001	0.709
0.380	0.278	0.339	0.004
>CGATTGGC	13-CGATTGGC	5.580448	-320.934822	0	T:2152.0(4.17%),B:1104.9(2.32%),P:1e-139	Tpos:44.8,Tstd:28.7,Bpos:49.2,Bstd:30.4,StrandBias:0.2,Multiplicity:1.01
0.033	0.813	0.048	0.106
0.001	0.076	0.859	0.064
0.897	0.001	0.051	0.051
0.060	0.001	0.078	0.861
0.001	0.001	0.001	0.997
0.001	0.045	0.887	0.067
0.069	0.099	0.831	0.001
0.015	0.885	0.001	0.099
>GCGCACGC	14-GCGCACGC	5.547861	-316.086096	0	T:1492.0(2.89%),B:672.5(1.41%),P:1e-137	Tpos:38.6,Tstd:21.5,Bpos:49.0,Bstd:38.3,StrandBias:-0.0,Multiplicity:1.11
0.001	0.001	0.997	0.001
0.001	0.997	0.001	0.001
0.001	0.001	0.997	0.001
0.001	0.997	0.001	0.001
0.997	0.001	0.001	0.001
0.001	0.985	0.004	0.010
0.001	0.001	0.997	0.001
0.001	0.997	0.001	0.001
>AGTACGTC	15-AGTACGTC	5.255614	-258.178488	0	T:7239.0(14.03%),B:5153.0(10.82%),P:1e-112	Tpos:51.8,Tstd:27.6,Bpos:49.5,Bstd:31.7,StrandBias:-0.3,Multiplicity:1.05
0.766	0.001	0.232	0.001
0.001	0.136	0.862	0.001
0.074	0.001	0.001	0.924
0.659	0.001	0.004	0.336
0.001	0.861	0.001	0.137
0.204	0.227	0.393	0.176
0.001	0.268	0.145	0.586
0.001	0.997	0.001	0.001
>NCTTACCG	16-NCTTACCG	3.938579	-235.220686	0	T:3887.0(7.53%),B:2517.0(5.29%),P:1e-102	Tpos:55.8,Tstd:28.4,Bpos:49.0,Bstd:31.2,StrandBias:-0.4,Multiplicity:1.02
0.237	0.238	0.247	0.278
0.149	0.564	0.137	0.150
0.169	0.154	0.177	0.500
0.184	0.121	0.142	0.553
0.566	0.135	0.132	0.167
0.138	0.592	0.141	0.129
0.135	0.578	0.139	0.148
0.238	0.235	0.409	0.119
>TMTCGCGA	17-TMTCGCGA	7.844481	-198.352571	0	T:220.0(0.43%),B:37.3(0.08%),P:1e-86	Tpos:35.5,Tstd:23.0,Bpos:47.1,Bstd:39.5,StrandBias:0.3,Multiplicity:1.04
0.001	0.201	0.001	0.797
0.494	0.356	0.149	0.001
0.149	0.088	0.148	0.615
0.201	0.797	0.001	0.001
0.146	0.001	0.852	0.001
0.001	0.997	0.001	0.001
0.001	0.273	0.725	0.001
0.870	0.001	0.128	0.001
>ACTGATCG	18-ACTGATCG	4.657643	-185.908397	0	T:6863.0(13.30%),B:5058.9(10.62%),P:1e-80	Tpos:51.7,Tstd:27.2,Bpos:49.2,Bstd:31.6,StrandBias:-0.2,Multiplicity:1.06
0.705	0.088	0.066	0.141
0.073	0.766	0.063	0.098
0.082	0.144	0.089	0.685
0.037	0.065	0.833	0.065
0.665	0.127	0.120	0.088
0.069	0.089	0.086	0.756
0.048	0.792	0.040	0.120
0.073	0.114	0.799	0.014
>TCAGTTGG	19-TCAGTTGG	6.052422	-185.438401	0	T:3205.0(6.21%),B:2090.0(4.39%),P:1e-80	Tpos:50.8,Tstd:27.7,Bpos:49.2,Bstd:28.2,StrandBias:0.5,Multiplicity:1.02
0.047	0.066	0.098	0.789
0.001	0.933	0.019	0.047
0.931	0.001	0.009	0.059
0.020	0.001	0.978	0.001
0.001	0.068	0.068	0.863
0.001	0.094	0.021	0.884
0.030	0.001	0.942	0.027
0.021	0.161	0.735	0.083
>GCTGATAG	20-GCTGATAG	8.556016	-164.112250	0	T:235.0(0.46%),B:51.5(0.11%),P:1e-71	Tpos:58.7,Tstd:20.5,Bpos:48.1,Bstd:28.5,StrandBias:-1.8,Multiplicity:1.01
0.001	0.001	0.997	0.001
0.001	0.997	0.001	0.001
0.001	0.081	0.001	0.917
0.001	0.001	0.997	0.001
0.997	0.001	0.001	0.001
0.001	0.001	0.001	0.997
0.997	0.001	0.001	0.001
0.001	0.001	0.997	0.001
>CGCGAAAR	21-CGCGAAAR	7.659366	-98.511521	0	T:562.0(1.09%),B:273.0(0.57%),P:1e-42	Tpos:48.1,Tstd:26.4,Bpos:59.5,Bstd:38.9,StrandBias:-0.2,Multiplicity:1.01
0.001	0.599	0.399	0.001
0.001	0.001	0.997	0.001
0.001	0.997	0.001	0.001
0.001	0.246	0.752	0.001
0.564	0.187	0.001	0.248
0.847	0.001	0.151	0.001
0.997	0.001	0.001	0.001
0.518	0.001	0.480	0.001
>GTAAAAAA	22-GTAAAAAA	6.494208	-96.847857	0	T:5748.0(11.14%),B:4448.2(9.34%),P:1e-42	Tpos:52.8,Tstd:29.4,Bpos:49.5,Bstd:31.5,StrandBias:-1.0,Multiplicity:1.11
0.061	0.001	0.657	0.281
0.174	0.046	0.135	0.645
0.974	0.001	0.001	0.024
0.943	0.001	0.001	0.055
0.935	0.012	0.014	0.039
0.959	0.039	0.001	0.001
0.997	0.001	0.001	0.001
0.922	0.029	0.013	0.036
>GTTCCGGT	23-GTTCCGGT	8.236954	-51.322937	0	T:99.0(0.19%),B:28.8(0.06%),P:1e-22	Tpos:52.7,Tstd:25.4,Bpos:68.2,Bstd:35.7,StrandBias:0.4,Multiplicity:1.04
0.100	0.100	0.700	0.100
0.100	0.100	0.100	0.700
0.100	0.100	0.100	0.700
0.100	0.700	0.100	0.100
0.100	0.700	0.100	0.100
0.100	0.100	0.700	0.100
0.100	0.100	0.700	0.100
0.100	0.100	0.100	0.700
>ACTCCGGT	24-ACTCCGGT	4.983470	-46.899536	0	T:181.0(0.35%),B:76.6(0.16%),P:1e-20	Tpos:58.7,Tstd:28.6,Bpos:54.0,Bstd:29.2,StrandBias:-0.7,Multiplicity:1.00
0.997	0.001	0.001	0.001
0.001	0.997	0.001	0.001
0.001	0.001	0.001	0.997
0.021	0.977	0.001	0.001
0.001	0.997	0.001	0.001
0.001	0.001	0.997	0.001
0.001	0.108	0.890	0.001
0.001	0.001	0.001	0.997
>CGTCGCTT	25-CGTCGCTT	8.716074	-31.204802	0	T:222.0(0.43%),B:118.2(0.25%),P:1e-13	Tpos:53.1,Tstd:28.4,Bpos:41.3,Bstd:32.7,StrandBias:0.0,Multiplicity:1.00
0.001	0.997	0.001	0.001
0.001	0.001	0.997	0.001
0.001	0.001	0.312	0.686
0.001	0.997	0.001	0.001
0.001	0.001	0.997	0.001
0.181	0.817	0.001	0.001
0.001	0.001	0.001	0.997
0.237	0.001	0.001	0.761
