>RCCGGAARHG	1-RCCGGAARHG	7.181114	-1745.327472	0	T:3262.0(6.32%),B:886.7(1.86%),P:1e-757	Tpos:44.6,Tstd:22.5,Bpos:49.2,Bstd:35.5,StrandBias:0.2,Multiplicity:1.20
0.351	0.157	0.402	0.091
0.112	0.586	0.291	0.011
0.156	0.779	0.040	0.025
0.001	0.009	0.952	0.038
0.013	0.001	0.981	0.005
0.951	0.045	0.002	0.002
0.867	0.028	0.082	0.023
0.383	0.165	0.442	0.010
0.221	0.312	0.153	0.314
0.202	0.197	0.442	0.158
>WDGAGGADGA	2-WDGAGGADGA	2.939115	-1105.959968	0	T:31109.0(60.29%),B:23805.0(49.99%),P:1e-480	Tpos:50.4,Tstd:24.6,Bpos:49.7,Bstd:29.7,StrandBias:1.3,Multiplicity:1.54
0.346	0.179	0.159	0.317
0.295	0.067	0.306	0.333
0.001	0.001	0.997	0.001
0.561	0.001	0.301	0.137
0.214	0.003	0.487	0.296
0.001	0.001	0.997	0.001
0.654	0.001	0.344	0.001
0.298	0.044	0.312	0.346
0.001	0.001	0.997	0.001
0.625	0.001	0.143	0.231
>GCCCCGCCCC	3-GCCCCGCCCC	8.954854	-966.033643	0	T:3547.0(6.87%),B:1443.0(3.03%),P:1e-419	Tpos:30.5,Tstd:20.2,Bpos:49.0,Bstd:37.2,StrandBias:-0.6,Multiplicity:1.21
0.211	0.001	0.537	0.251
0.193	0.504	0.084	0.219
0.123	0.679	0.001	0.197
0.221	0.777	0.001	0.001
0.001	0.997	0.001	0.001
0.001	0.001	0.997	0.001
0.001	0.997	0.001	0.001
0.001	0.997	0.001	0.001
0.001	0.876	0.001	0.122
0.206	0.710	0.001	0.083
>CGCATGCGCR	4-CGCATGCGCR	5.822689	-658.881496	0	T:1316.0(2.55%),B:371.1(0.78%),P:1e-286	Tpos:38.5,Tstd:20.1,Bpos:51.6,Bstd:39.3,StrandBias:0.0,Multiplicity:1.12
0.001	0.997	0.001	0.001
0.001	0.001	0.997	0.001
0.001	0.997	0.001	0.001
0.997	0.001	0.001	0.001
0.001	0.001	0.167	0.831
0.001	0.001	0.997	0.001
0.001	0.997	0.001	0.001
0.001	0.001	0.997	0.001
0.001	0.997	0.001	0.001
0.396	0.153	0.450	0.001
>CGCCGCCATT	5-CGCCGCCATT	6.952497	-612.073866	0	T:2780.0(5.39%),B:1238.7(2.60%),P:1e-265	Tpos:56.4,Tstd:26.9,Bpos:50.5,Bstd:32.6,StrandBias:-0.3,Multiplicity:1.04
0.211	0.559	0.229	0.001
0.083	0.026	0.726	0.165
0.038	0.746	0.159	0.057
0.244	0.523	0.155	0.078
0.001	0.001	0.878	0.120
0.001	0.997	0.001	0.001
0.001	0.997	0.001	0.001
0.594	0.020	0.066	0.320
0.279	0.001	0.074	0.646
0.037	0.128	0.281	0.554
>CGGCGGAATT	6-CGGCGGAATT	5.345810	-504.293223	0	T:3077.0(5.96%),B:1534.3(3.22%),P:1e-219	Tpos:50.7,Tstd:26.3,Bpos:50.0,Bstd:33.6,StrandBias:0.6,Multiplicity:1.03
0.126	0.609	0.138	0.127
0.100	0.088	0.704	0.108
0.059	0.102	0.782	0.057
0.131	0.685	0.086	0.098
0.116	0.084	0.691	0.109
0.091	0.093	0.774	0.042
0.675	0.124	0.132	0.069
0.650	0.102	0.129	0.119
0.084	0.119	0.107	0.690
0.059	0.091	0.110	0.740
>CAGCAGCWGC	7-CAGCAGCWGC	4.934296	-467.037199	0	T:11954.0(23.17%),B:8502.6(17.86%),P:1e-202	Tpos:52.1,Tstd:27.3,Bpos:50.4,Bstd:29.9,StrandBias:0.0,Multiplicity:1.14
0.154	0.499	0.191	0.156
0.501	0.033	0.142	0.324
0.163	0.001	0.664	0.172
0.176	0.689	0.032	0.103
0.545	0.026	0.082	0.347
0.212	0.006	0.733	0.049
0.037	0.850	0.001	0.112
0.441	0.012	0.071	0.475
0.191	0.066	0.587	0.156
0.162	0.590	0.021	0.227
>RRGGGRAAAA	8-RRGGGRAAAA	5.964773	-337.279454	0	T:9487.0(18.38%),B:6792.1(14.26%),P:1e-146	Tpos:51.5,Tstd:25.7,Bpos:50.3,Bstd:31.9,StrandBias:0.3,Multiplicity:1.11
0.329	0.097	0.474	0.100
0.395	0.094	0.483	0.028
0.095	0.043	0.783	0.079
0.088	0.032	0.851	0.029
0.318	0.055	0.618	0.009
0.393	0.200	0.400	0.008
0.716	0.179	0.060	0.045
0.903	0.039	0.032	0.026
0.896	0.033	0.023	0.048
0.568	0.023	0.333	0.076
>CTATCAGCAG	9-CTATCAGCAG	9.759353	-333.609881	0	T:134.0(0.26%),B:4.8(0.01%),P:1e-144	Tpos:66.2,Tstd:11.8,Bpos:64.3,Bstd:9.5,StrandBias:3.8,Multiplicity:1.00
0.001	0.997	0.001	0.001
0.001	0.001	0.001	0.997
0.997	0.001	0.001	0.001
0.001	0.001	0.001	0.997
0.001	0.996	0.001	0.002
0.996	0.002	0.001	0.001
0.001	0.001	0.997	0.001
0.001	0.997	0.001	0.001
0.997	0.001	0.001	0.001
0.017	0.001	0.981	0.001
>TGACGTSACN	10-TGACGTSACN	7.046388	-313.918393	0	T:998.0(1.93%),B:374.5(0.79%),P:1e-136	Tpos:35.3,Tstd:22.4,Bpos:51.3,Bstd:37.9,StrandBias:0.0,Multiplicity:1.08
0.003	0.212	0.209	0.576
0.005	0.372	0.592	0.031
0.684	0.249	0.052	0.015
0.085	0.800	0.001	0.114
0.153	0.127	0.710	0.010
0.002	0.180	0.002	0.816
0.004	0.470	0.525	0.001
0.683	0.033	0.277	0.007
0.026	0.620	0.193	0.161
0.204	0.253	0.346	0.197
>AAAAGCGGCG	11-AAAAGCGGCG	5.426642	-287.395380	0	T:3661.0(7.09%),B:2245.8(4.72%),P:1e-124	Tpos:50.8,Tstd:26.4,Bpos:49.1,Bstd:35.5,StrandBias:0.3,Multiplicity:1.03
0.675	0.104	0.126	0.095
0.705	0.094	0.154	0.047
0.739	0.100	0.116	0.045
0.692	0.093	0.130	0.085
0.098	0.098	0.752	0.052
0.122	0.655	0.127	0.096
0.102	0.119	0.679	0.100
0.082	0.110	0.738	0.070
0.102	0.693	0.118	0.087
0.116	0.123	0.669	0.092
>TTGGCGGTAG	12-TTGGCGGTAG	5.806453	-284.644232	0	T:3776.0(7.32%),B:2337.4(4.91%),P:1e-123	Tpos:52.9,Tstd:25.9,Bpos:49.6,Bstd:30.2,StrandBias:0.9,Multiplicity:1.03
0.059	0.051	0.057	0.833
0.051	0.088	0.102	0.759
0.009	0.008	0.928	0.055
0.023	0.033	0.909	0.035
0.099	0.673	0.124	0.104
0.110	0.019	0.767	0.104
0.010	0.115	0.827	0.048
0.052	0.092	0.140	0.716
0.784	0.058	0.081	0.077
0.103	0.074	0.807	0.016
>YTTTTACAGG	13-YTTTTACAGG	6.644036	-278.244714	0	T:3324.0(6.44%),B:2007.8(4.22%),P:1e-120	Tpos:48.9,Tstd:26.0,Bpos:50.6,Bstd:29.7,StrandBias:0.7,Multiplicity:1.02
0.149	0.426	0.125	0.300
0.217	0.214	0.001	0.568
0.051	0.179	0.170	0.600
0.046	0.001	0.066	0.887
0.133	0.108	0.126	0.633
0.600	0.078	0.132	0.190
0.145	0.533	0.094	0.228
0.951	0.001	0.001	0.047
0.001	0.001	0.997	0.001
0.073	0.228	0.648	0.051
>RGCCAATCGN	14-RGCCAATCGN	7.110444	-248.925815	0	T:1031.0(2.00%),B:439.6(0.92%),P:1e-108	Tpos:37.0,Tstd:27.0,Bpos:49.1,Bstd:32.1,StrandBias:0.0,Multiplicity:1.01
0.455	0.110	0.306	0.128
0.057	0.011	0.909	0.023
0.004	0.963	0.016	0.017
0.057	0.925	0.004	0.014
0.941	0.039	0.007	0.013
0.923	0.024	0.029	0.024
0.066	0.041	0.056	0.837
0.221	0.670	0.072	0.037
0.065	0.080	0.831	0.024
0.241	0.281	0.296	0.182
>GTCATCGTCG	15-GTCATCGTCG	5.449469	-222.841709	0	T:2356.0(4.57%),B:1378.2(2.89%),P:1e-96	Tpos:51.9,Tstd:27.4,Bpos:50.0,Bstd:33.9,StrandBias:0.2,Multiplicity:1.02
0.048	0.084	0.802	0.066
0.088	0.090	0.100	0.722
0.063	0.820	0.061	0.056
0.723	0.102	0.091	0.084
0.088	0.108	0.155	0.649
0.103	0.639	0.117	0.141
0.121	0.089	0.689	0.101
0.073	0.112	0.132	0.683
0.120	0.601	0.130	0.149
0.109	0.106	0.671	0.114
>TGATCCGGAT	16-TGATCCGGAT	5.015580	-222.489207	0	T:5749.0(11.14%),B:4031.3(8.47%),P:1e-96	Tpos:50.7,Tstd:27.1,Bpos:50.5,Bstd:29.0,StrandBias:0.2,Multiplicity:1.07
0.111	0.058	0.111	0.720
0.065	0.111	0.755	0.069
0.718	0.081	0.102	0.099
0.091	0.104	0.136	0.669
0.069	0.750	0.090	0.091
0.145	0.615	0.076	0.164
0.160	0.075	0.623	0.142
0.091	0.083	0.765	0.061
0.720	0.112	0.088	0.080
0.123	0.110	0.102	0.665
>TATTACGGCG	17-TATTACGGCG	5.364828	-177.006784	0	T:1128.0(2.19%),B:568.2(1.19%),P:1e-76	Tpos:47.4,Tstd:26.6,Bpos:50.1,Bstd:31.4,StrandBias:0.4,Multiplicity:1.02
0.098	0.115	0.092	0.695
0.671	0.103	0.104	0.122
0.069	0.082	0.108	0.741
0.069	0.112	0.109	0.710
0.709	0.097	0.122	0.072
0.144	0.621	0.105	0.130
0.158	0.062	0.657	0.123
0.054	0.049	0.851	0.046
0.108	0.686	0.096	0.110
0.115	0.121	0.661	0.103
>TAAAAAAAAA	18-TAAAAAAAAA	9.850009	-153.755830	0	T:1226.0(2.38%),B:663.5(1.39%),P:1e-66	Tpos:57.6,Tstd:29.4,Bpos:48.8,Bstd:28.6,StrandBias:-1.8,Multiplicity:1.03
0.001	0.001	0.001	0.997
0.782	0.001	0.001	0.216
0.974	0.001	0.001	0.024
0.960	0.001	0.001	0.038
0.981	0.001	0.017	0.001
0.997	0.001	0.001	0.001
0.890	0.108	0.001	0.001
0.943	0.055	0.001	0.001
0.938	0.060	0.001	0.001
0.961	0.001	0.037	0.001
>CTCTCGCGAS	19-CTCTCGCGAS	8.163217	-143.938322	0	T:259.0(0.50%),B:68.1(0.14%),P:1e-62	Tpos:36.8,Tstd:23.7,Bpos:57.0,Bstd:40.7,StrandBias:-0.1,Multiplicity:1.04
0.072	0.569	0.325	0.034
0.249	0.014	0.052	0.685
0.026	0.882	0.014	0.078
0.078	0.019	0.001	0.902
0.001	0.997	0.001	0.001
0.001	0.001	0.997	0.001
0.001	0.997	0.001	0.001
0.001	0.001	0.997	0.001
0.970	0.014	0.001	0.015
0.015	0.437	0.459	0.089
>CGATTTGACG	20-CGATTTGACG	7.339745	-134.756254	0	T:91.0(0.18%),B:8.3(0.02%),P:1e-58	Tpos:45.1,Tstd:26.2,Bpos:31.0,Bstd:22.1,StrandBias:0.8,Multiplicity:1.00
0.111	0.606	0.178	0.105
0.090	0.085	0.748	0.077
0.665	0.159	0.104	0.072
0.111	0.130	0.100	0.659
0.078	0.116	0.147	0.659
0.076	0.075	0.108	0.741
0.068	0.084	0.786	0.062
0.697	0.101	0.130	0.072
0.115	0.709	0.079	0.097
0.083	0.125	0.731	0.061
>GCGGCGAATT	21-GCGGCGAATT	8.179054	-125.309117	0	T:143.0(0.28%),B:26.0(0.05%),P:1e-54	Tpos:47.9,Tstd:26.1,Bpos:48.7,Bstd:37.6,StrandBias:0.6,Multiplicity:1.00
0.033	0.020	0.920	0.027
0.063	0.884	0.018	0.035
0.031	0.134	0.789	0.046
0.063	0.018	0.883	0.036
0.072	0.637	0.124	0.167
0.104	0.060	0.805	0.031
0.758	0.134	0.071	0.037
0.797	0.125	0.025	0.053
0.029	0.081	0.130	0.760
0.042	0.127	0.060	0.771
>GCGACGTAAG	22-GCGACGTAAG	7.103566	-111.390711	0	T:870.0(1.69%),B:468.9(0.98%),P:1e-48	Tpos:50.1,Tstd:27.1,Bpos:49.8,Bstd:30.9,StrandBias:0.2,Multiplicity:1.00
0.032	0.021	0.934	0.013
0.067	0.812	0.018	0.103
0.107	0.183	0.620	0.090
0.855	0.054	0.073	0.018
0.081	0.749	0.140	0.030
0.039	0.078	0.771	0.112
0.096	0.088	0.186	0.630
0.821	0.047	0.098	0.034
0.869	0.040	0.074	0.017
0.031	0.024	0.940	0.005
>TGTATCGTCG	23-TGTATCGTCG	8.388585	-108.227872	0	T:71.0(0.14%),B:6.3(0.01%),P:1e-47	Tpos:55.7,Tstd:26.6,Bpos:49.2,Bstd:31.8,StrandBias:0.0,Multiplicity:1.00
0.180	0.092	0.182	0.546
0.001	0.013	0.973	0.013
0.232	0.001	0.031	0.736
0.790	0.126	0.058	0.026
0.088	0.074	0.097	0.741
0.001	0.947	0.039	0.013
0.039	0.039	0.921	0.001
0.013	0.001	0.066	0.920
0.001	0.924	0.001	0.074
0.046	0.141	0.660	0.153
>TCCGCATTCG	24-TCCGCATTCG	8.425382	-106.374622	0	T:134.0(0.26%),B:26.9(0.06%),P:1e-46	Tpos:50.0,Tstd:25.9,Bpos:45.8,Bstd:26.4,StrandBias:0.0,Multiplicity:1.00
0.028	0.037	0.048	0.887
0.009	0.864	0.022	0.105
0.124	0.758	0.039	0.079
0.060	0.009	0.821	0.110
0.086	0.810	0.071	0.033
0.695	0.077	0.142	0.086
0.029	0.041	0.077	0.853
0.007	0.115	0.026	0.852
0.034	0.695	0.224	0.047
0.049	0.126	0.769	0.056
>ACGGAAAGCG	25-ACGGAAAGCG	7.939836	-98.244253	0	T:302.0(0.59%),B:112.4(0.24%),P:1e-42	Tpos:50.8,Tstd:25.7,Bpos:44.1,Bstd:38.3,StrandBias:0.2,Multiplicity:1.01
0.803	0.068	0.052	0.077
0.083	0.775	0.113	0.029
0.032	0.066	0.821	0.081
0.036	0.088	0.843	0.033
0.761	0.053	0.130	0.056
0.836	0.040	0.102	0.022
0.792	0.048	0.133	0.027
0.067	0.129	0.774	0.030
0.057	0.814	0.050	0.079
0.048	0.037	0.786	0.129
>GCCGGAAGTGVS	1-GCCGGAAGTGVS	7.177851	-1593.009362	0	T:1758.0(3.41%),B:293.3(0.62%),P:1e-691	Tpos:42.7,Tstd:21.0,Bpos:47.8,Bstd:37.0,StrandBias:0.4,Multiplicity:1.12
0.235	0.128	0.594	0.043
0.070	0.553	0.354	0.023
0.001	0.997	0.001	0.001
0.001	0.001	0.997	0.001
0.001	0.001	0.997	0.001
0.997	0.001	0.001	0.001
0.992	0.006	0.001	0.001
0.013	0.001	0.983	0.003
0.001	0.077	0.001	0.921
0.108	0.092	0.760	0.040
0.309	0.259	0.381	0.051
0.120	0.323	0.436	0.121
>NNKTTCCGSNNN	2-NNKTTCCGSNNN	2.102474	-1174.620293	0	T:4716.0(9.14%),B:2011.7(4.22%),P:1e-510	Tpos:48.9,Tstd:24.6,Bpos:49.8,Bstd:35.7,StrandBias:-0.1,Multiplicity:1.08
0.253	0.302	0.192	0.252
0.181	0.264	0.286	0.270
0.008	0.231	0.387	0.375
0.001	0.001	0.001	0.997
0.001	0.001	0.001	0.997
0.001	0.997	0.001	0.001
0.001	0.997	0.001	0.001
0.001	0.001	0.997	0.001
0.001	0.520	0.478	0.001
0.221	0.312	0.211	0.257
0.205	0.264	0.306	0.224
0.223	0.285	0.281	0.211
>SGCCGCCATCTT	3-SGCCGCCATCTT	10.344744	-881.451653	0	T:670.0(1.30%),B:69.3(0.15%),P:1e-382	Tpos:71.5,Tstd:18.2,Bpos:46.1,Bstd:29.6,StrandBias:-1.6,Multiplicity:1.01
0.053	0.453	0.458	0.037
0.044	0.006	0.755	0.195
0.103	0.783	0.045	0.069
0.118	0.839	0.026	0.017
0.001	0.004	0.989	0.006
0.002	0.992	0.004	0.002
0.001	0.997	0.001	0.001
0.988	0.004	0.002	0.006
0.001	0.004	0.002	0.993
0.040	0.552	0.220	0.188
0.025	0.043	0.113	0.819
0.002	0.171	0.006	0.821
>GCCCCGCCCCSN	4-GCCCCGCCCCSN	9.574325	-818.752196	0	T:3109.0(6.02%),B:1282.7(2.69%),P:1e-355	Tpos:30.7,Tstd:19.6,Bpos:49.0,Bstd:35.1,StrandBias:-0.5,Multiplicity:1.13
0.001	0.001	0.840	0.158
0.025	0.668	0.240	0.067
0.001	0.819	0.001	0.179
0.125	0.873	0.001	0.001
0.001	0.997	0.001	0.001
0.001	0.001	0.937	0.061
0.001	0.997	0.001	0.001
0.001	0.997	0.001	0.001
0.001	0.867	0.001	0.131
0.156	0.691	0.001	0.152
0.048	0.422	0.382	0.148
0.192	0.255	0.279	0.274
>DGADGARGADGA	5-DGADGARGADGA	-1.354868	-673.460487	0	T:12826.0(24.86%),B:8745.2(18.37%),P:1e-292	Tpos:52.7,Tstd:24.8,Bpos:49.6,Bstd:30.7,StrandBias:1.5,Multiplicity:1.23
0.328	0.001	0.315	0.357
0.001	0.001	0.997	0.001
0.997	0.001	0.001	0.001
0.372	0.001	0.329	0.298
0.001	0.001	0.997	0.001
0.997	0.001	0.001	0.001
0.307	0.001	0.438	0.254
0.001	0.001	0.997	0.001
0.997	0.001	0.001	0.001
0.384	0.001	0.336	0.280
0.001	0.001	0.997	0.001
0.997	0.001	0.001	0.001
>DGGGGGGGGGGD	6-DGGGGGGGGGGD	4.751249	-665.072181	0	T:15508.0(30.05%),B:10998.6(23.10%),P:1e-288	Tpos:48.9,Tstd:21.7,Bpos:49.8,Bstd:26.9,StrandBias:1.6,Multiplicity:1.19
0.258	0.087	0.346	0.309
0.105	0.019	0.565	0.311
0.053	0.023	0.628	0.296
0.200	0.025	0.542	0.233
0.227	0.019	0.537	0.217
0.221	0.016	0.555	0.208
0.229	0.022	0.543	0.206
0.230	0.102	0.483	0.185
0.243	0.069	0.464	0.225
0.235	0.027	0.506	0.232
0.246	0.043	0.502	0.209
0.363	0.091	0.229	0.317
>VNGCGCATGCGC	7-VNGCGCATGCGC	10.443427	-663.180706	0	T:819.0(1.59%),B:153.3(0.32%),P:1e-288	Tpos:38.3,Tstd:18.5,Bpos:52.3,Bstd:39.0,StrandBias:-0.0,Multiplicity:1.08
0.237	0.333	0.289	0.142
0.193	0.249	0.285	0.274
0.106	0.010	0.881	0.003
0.116	0.830	0.053	0.001
0.050	0.020	0.893	0.037
0.004	0.992	0.001	0.003
0.544	0.159	0.190	0.107
0.052	0.217	0.229	0.502
0.006	0.007	0.982	0.005
0.006	0.960	0.004	0.030
0.026	0.028	0.862	0.084
0.005	0.931	0.004	0.060
>CGCATGCGCAST	8-CGCATGCGCAST	10.096083	-578.381737	0	T:650.0(1.26%),B:110.8(0.23%),P:1e-251	Tpos:41.0,Tstd:19.9,Bpos:54.2,Bstd:31.8,StrandBias:0.0,Multiplicity:1.00
0.213	0.667	0.119	0.001
0.166	0.001	0.816	0.017
0.001	0.997	0.001	0.001
0.912	0.070	0.001	0.017
0.001	0.107	0.232	0.660
0.001	0.001	0.997	0.001
0.001	0.997	0.001	0.001
0.001	0.074	0.801	0.124
0.001	0.829	0.001	0.169
0.758	0.040	0.178	0.024
0.001	0.514	0.484	0.001
0.093	0.129	0.076	0.702
>CAGCAGCAGCWV	9-CAGCAGCAGCWV	4.704156	-402.015082	0	T:11946.0(23.15%),B:8668.9(18.21%),P:1e-174	Tpos:53.0,Tstd:26.6,Bpos:50.4,Bstd:30.5,StrandBias:-0.0,Multiplicity:1.18
0.036	0.883	0.046	0.035
0.814	0.028	0.078	0.080
0.070	0.065	0.827	0.038
0.083	0.817	0.077	0.023
0.827	0.061	0.049	0.063
0.066	0.055	0.848	0.031
0.038	0.905	0.030	0.027
0.771	0.063	0.089	0.077
0.052	0.048	0.854	0.046
0.073	0.827	0.055	0.045
0.402	0.156	0.058	0.384
0.290	0.288	0.322	0.099
>GTCTATCAGCAG	10-GTCTATCAGCAG	11.173143	-389.805044	0	T:139.0(0.27%),B:3.4(0.01%),P:1e-169	Tpos:64.3,Tstd:14.2,Bpos:74.5,Bstd:7.9,StrandBias:4.2,Multiplicity:1.00
0.231	0.057	0.546	0.166
0.107	0.117	0.200	0.576
0.083	0.627	0.117	0.173
0.036	0.179	0.041	0.744
0.627	0.065	0.098	0.210
0.021	0.021	0.026	0.932
0.068	0.885	0.031	0.016
0.933	0.005	0.001	0.061
0.015	0.016	0.948	0.021
0.159	0.820	0.020	0.001
0.927	0.001	0.041	0.031
0.175	0.026	0.788	0.011
>AVWGCGTCATCG	11-AVWGCGTCATCG	3.132126	-329.604692	0	T:4145.0(8.03%),B:2538.4(5.33%),P:1e-143	Tpos:48.5,Tstd:26.5,Bpos:50.5,Bstd:35.5,StrandBias:0.0,Multiplicity:1.08
0.501	0.295	0.035	0.169
0.217	0.305	0.321	0.157
0.361	0.197	0.081	0.361
0.127	0.005	0.867	0.001
0.001	0.997	0.001	0.001
0.001	0.001	0.993	0.005
0.005	0.001	0.001	0.993
0.057	0.941	0.001	0.001
0.698	0.001	0.296	0.005
0.099	0.023	0.294	0.584
0.064	0.757	0.121	0.058
0.265	0.023	0.573	0.139
>RTGACGTCASCR	12-RTGACGTCASCR	9.967891	-231.687838	0	T:245.0(0.47%),B:39.1(0.08%),P:1e-100	Tpos:32.4,Tstd:19.5,Bpos:51.1,Bstd:41.9,StrandBias:-0.0,Multiplicity:1.01
0.306	0.227	0.410	0.057
0.056	0.001	0.046	0.897
0.001	0.001	0.997	0.001
0.879	0.001	0.119	0.001
0.001	0.836	0.001	0.162
0.041	0.091	0.847	0.021
0.031	0.173	0.031	0.765
0.001	0.997	0.001	0.001
0.875	0.026	0.073	0.026
0.058	0.432	0.291	0.220
0.183	0.475	0.218	0.124
0.304	0.176	0.410	0.110
>TCTCGCGAGANY	13-TCTCGCGAGANY	9.357806	-224.878055	0	T:183.0(0.35%),B:21.4(0.05%),P:1e-97	Tpos:32.9,Tstd:20.0,Bpos:50.7,Bstd:42.8,StrandBias:0.1,Multiplicity:1.06
0.020	0.034	0.091	0.855
0.173	0.749	0.052	0.026
0.001	0.083	0.045	0.871
0.001	0.997	0.001	0.001
0.001	0.001	0.997	0.001
0.001	0.997	0.001	0.001
0.001	0.001	0.997	0.001
0.927	0.001	0.071	0.001
0.001	0.001	0.891	0.107
0.890	0.001	0.108	0.001
0.183	0.178	0.319	0.321
0.204	0.379	0.145	0.271
>TSATTGGCTGBG	14-TSATTGGCTGBG	9.128504	-212.524722	0	T:520.0(1.01%),B:168.3(0.35%),P:1e-92	Tpos:33.1,Tstd:24.1,Bpos:49.8,Bstd:29.8,StrandBias:0.1,Multiplicity:1.01
0.001	0.351	0.065	0.583
0.001	0.439	0.559	0.001
0.995	0.001	0.003	0.001
0.022	0.112	0.026	0.840
0.001	0.001	0.001	0.997
0.001	0.001	0.997	0.001
0.001	0.001	0.997	0.001
0.001	0.997	0.001	0.001
0.001	0.345	0.001	0.653
0.001	0.320	0.564	0.115
0.160	0.344	0.275	0.221
0.001	0.284	0.464	0.251
>TTTTTTTTTTAA	15-TTTTTTTTTTAA	9.830213	-208.179599	0	T:2104.0(4.08%),B:1216.7(2.56%),P:1e-90	Tpos:58.3,Tstd:29.7,Bpos:49.3,Bstd:30.9,StrandBias:1.8,Multiplicity:1.04
0.001	0.001	0.089	0.909
0.001	0.001	0.101	0.897
0.001	0.001	0.153	0.845
0.001	0.001	0.001	0.997
0.062	0.083	0.271	0.584
0.001	0.001	0.001	0.997
0.001	0.162	0.033	0.804
0.151	0.100	0.001	0.748
0.153	0.001	0.001	0.845
0.277	0.047	0.001	0.675
0.527	0.120	0.001	0.352
0.578	0.420	0.001	0.001
>TTTTTTTACAGG	16-TTTTTTTACAGG	8.311573	-191.149373	0	T:1710.0(3.31%),B:956.1(2.01%),P:1e-83	Tpos:50.7,Tstd:26.8,Bpos:49.2,Bstd:29.3,StrandBias:1.5,Multiplicity:1.02
0.038	0.028	0.017	0.917
0.036	0.041	0.038	0.885
0.039	0.038	0.051	0.872
0.055	0.072	0.056	0.817
0.037	0.058	0.033	0.872
0.046	0.047	0.016	0.891
0.089	0.100	0.015	0.796
0.624	0.123	0.047	0.206
0.144	0.695	0.038	0.123
0.950	0.010	0.015	0.025
0.048	0.010	0.899	0.043
0.098	0.056	0.786	0.060
>ACAGGAAGTGGC	17-ACAGGAAGTGGC	8.025461	-182.499073	0	T:1202.0(2.33%),B:612.7(1.29%),P:1e-79	Tpos:49.3,Tstd:25.5,Bpos:49.0,Bstd:27.9,StrandBias:0.4,Multiplicity:1.01
0.704	0.095	0.138	0.063
0.067	0.804	0.077	0.052
0.862	0.007	0.049	0.082
0.021	0.019	0.936	0.024
0.024	0.005	0.950	0.021
0.882	0.072	0.036	0.010
0.853	0.026	0.070	0.051
0.029	0.042	0.903	0.026
0.024	0.071	0.105	0.800
0.058	0.057	0.834	0.051
0.203	0.079	0.676	0.042
0.075	0.800	0.092	0.033
>TTTCCGGTTCCG	18-TTTCCGGTTCCG	11.508268	-163.604474	0	T:81.0(0.16%),B:4.4(0.01%),P:1e-71	Tpos:46.1,Tstd:20.3,Bpos:23.0,Bstd:0.0,StrandBias:1.6,Multiplicity:1.00
0.054	0.229	0.001	0.716
0.001	0.001	0.001	0.997
0.001	0.054	0.001	0.944
0.054	0.891	0.054	0.001
0.001	0.891	0.054	0.054
0.054	0.054	0.891	0.001
0.054	0.001	0.849	0.096
0.060	0.126	0.001	0.813
0.001	0.054	0.054	0.891
0.001	0.944	0.054	0.001
0.001	0.911	0.001	0.087
0.001	0.001	0.997	0.001
>GSGTCACGTGAC	19-GSGTCACGTGAC	9.461766	-157.278970	0	T:276.0(0.53%),B:71.8(0.15%),P:1e-68	Tpos:36.7,Tstd:19.9,Bpos:48.2,Bstd:33.8,StrandBias:-0.1,Multiplicity:1.06
0.113	0.176	0.645	0.066
0.147	0.440	0.340	0.074
0.076	0.141	0.767	0.016
0.013	0.105	0.029	0.853
0.003	0.965	0.021	0.011
0.955	0.016	0.024	0.005
0.013	0.901	0.031	0.055
0.022	0.043	0.922	0.013
0.011	0.019	0.021	0.949
0.010	0.024	0.965	0.001
0.827	0.029	0.131	0.013
0.027	0.821	0.115	0.037
>TCCAATCAGGCG	20-TCCAATCAGGCG	10.119262	-126.585395	0	T:45.0(0.09%),B:1.3(0.00%),P:1e-54	Tpos:31.6,Tstd:21.8,Bpos:15.0,Bstd:0.0,StrandBias:2.2,Multiplicity:1.00
0.072	0.077	0.128	0.723
0.052	0.810	0.062	0.076
0.074	0.837	0.038	0.051
0.767	0.121	0.058	0.054
0.710	0.108	0.105	0.077
0.089	0.089	0.137	0.685
0.068	0.786	0.094	0.052
0.809	0.055	0.049	0.087
0.065	0.041	0.839	0.055
0.098	0.091	0.752	0.059
0.155	0.629	0.103	0.113
0.117	0.116	0.656	0.111
>CAGTCAGTCAGG	21-CAGTCAGTCAGG	11.197220	-90.404525	0	T:43.0(0.08%),B:2.4(0.01%),P:1e-39	Tpos:47.6,Tstd:27.0,Bpos:41.4,Bstd:10.6,StrandBias:1.7,Multiplicity:1.00
0.087	0.911	0.001	0.001
0.882	0.116	0.001	0.001
0.001	0.116	0.767	0.116
0.001	0.001	0.001	0.997
0.001	0.941	0.001	0.057
0.911	0.087	0.001	0.001
0.058	0.119	0.794	0.029
0.058	0.029	0.146	0.767
0.001	0.883	0.115	0.001
0.645	0.175	0.092	0.088
0.088	0.088	0.795	0.029
0.133	0.001	0.736	0.130
>GTAGGGCAGGGC	22-GTAGGGCAGGGC	11.704896	-86.910684	0	T:34.0(0.07%),B:1.9(0.00%),P:1e-37	Tpos:40.9,Tstd:26.6,Bpos:56.3,Bstd:20.1,StrandBias:1.2,Multiplicity:1.00
0.188	0.176	0.588	0.048
0.022	0.022	0.001	0.955
0.833	0.001	0.022	0.144
0.054	0.002	0.921	0.023
0.025	0.025	0.902	0.048
0.184	0.113	0.678	0.025
0.050	0.903	0.045	0.002
0.724	0.025	0.228	0.023
0.025	0.001	0.607	0.367
0.001	0.022	0.952	0.025
0.093	0.002	0.904	0.001
0.005	0.925	0.002	0.068
>GGCGGGGCCTTT	23-GGCGGGGCCTTT	11.398856	-72.586045	0	T:89.0(0.17%),B:17.5(0.04%),P:1e-31	Tpos:51.3,Tstd:23.2,Bpos:48.1,Bstd:21.8,StrandBias:2.0,Multiplicity:1.00
0.010	0.010	0.979	0.001
0.010	0.010	0.979	0.001
0.010	0.932	0.001	0.057
0.001	0.010	0.932	0.057
0.010	0.090	0.899	0.001
0.010	0.030	0.950	0.010
0.009	0.001	0.989	0.001
0.001	0.932	0.010	0.057
0.010	0.970	0.010	0.010
0.010	0.001	0.010	0.979
0.001	0.029	0.001	0.969
0.001	0.029	0.001	0.969
>GCKCCAATTGGC	24-GCKCCAATTGGC	9.466490	-61.039403	0	T:79.0(0.15%),B:17.0(0.04%),P:1e-26	Tpos:29.6,Tstd:21.9,Bpos:54.5,Bstd:24.9,StrandBias:0.0,Multiplicity:1.00
0.069	0.235	0.605	0.091
0.128	0.551	0.155	0.166
0.071	0.136	0.428	0.366
0.006	0.867	0.118	0.009
0.079	0.855	0.008	0.058
0.454	0.304	0.121	0.121
0.535	0.238	0.116	0.111
0.114	0.113	0.253	0.520
0.097	0.093	0.184	0.626
0.040	0.051	0.851	0.058
0.013	0.078	0.806	0.103
0.157	0.680	0.092	0.071
>GGAGCTGTTGTG	25-GGAGCTGTTGTG	10.710817	-31.994282	0	T:58.0(0.11%),B:16.6(0.03%),P:1e-13	Tpos:58.1,Tstd:25.2,Bpos:64.1,Bstd:17.4,StrandBias:2.4,Multiplicity:1.00
0.047	0.036	0.845	0.072
0.051	0.057	0.861	0.031
0.882	0.031	0.046	0.041
0.056	0.036	0.887	0.021
0.091	0.796	0.067	0.046
0.071	0.051	0.052	0.826
0.036	0.052	0.835	0.077
0.052	0.036	0.077	0.835
0.113	0.051	0.072	0.764
0.042	0.044	0.837	0.077
0.052	0.041	0.056	0.851
0.036	0.108	0.795	0.061
>CCGGAA	1-CCGGAA	6.920440	-1192.325169	0	T:4747.0(9.20%),B:2017.6(4.24%),P:1e-517	Tpos:46.2,Tstd:24.5,Bpos:49.0,Bstd:37.8,StrandBias:0.3,Multiplicity:1.25
0.001	0.747	0.251	0.001
0.001	0.997	0.001	0.001
0.001	0.001	0.997	0.001
0.001	0.001	0.997	0.001
0.997	0.001	0.001	0.001
0.997	0.001	0.001	0.001
>CGGAAA	2-CGGAAA	4.856920	-987.604238	0	T:9395.0(18.21%),B:5486.3(11.52%),P:1e-428	Tpos:52.3,Tstd:27.5,Bpos:49.7,Bstd:35.5,StrandBias:0.2,Multiplicity:1.07
0.001	0.997	0.001	0.001
0.001	0.001	0.997	0.001
0.066	0.111	0.747	0.076
0.940	0.058	0.001	0.001
0.703	0.001	0.154	0.142
0.850	0.085	0.064	0.001
>GGAGGA	3-GGAGGA	4.383640	-817.910948	0	T:25212.0(48.86%),B:19083.4(40.08%),P:1e-355	Tpos:51.7,Tstd:25.7,Bpos:49.9,Bstd:31.9,StrandBias:1.1,Multiplicity:1.60
0.143	0.001	0.855	0.001
0.001	0.001	0.997	0.001
0.812	0.001	0.186	0.001
0.097	0.001	0.788	0.114
0.001	0.059	0.939	0.001
0.997	0.001	0.001	0.001
>CGCCCG	4-CGCCCG	2.808172	-659.519307	0	T:26456.0(51.27%),B:20634.6(43.33%),P:1e-286	Tpos:46.7,Tstd:28.4,Bpos:49.8,Bstd:30.9,StrandBias:-0.3,Multiplicity:1.02
0.001	0.585	0.060	0.354
0.001	0.266	0.732	0.001
0.033	0.958	0.008	0.001
0.001	0.997	0.001	0.001
0.001	0.946	0.052	0.001
0.001	0.102	0.851	0.046
>AACGGC	5-AACGGC	4.156027	-639.414917	0	T:21496.0(41.66%),B:16240.8(34.11%),P:1e-277	Tpos:52.4,Tstd:27.9,Bpos:50.4,Bstd:33.5,StrandBias:-0.1,Multiplicity:1.44
0.725	0.001	0.001	0.273
0.689	0.001	0.309	0.001
0.001	0.997	0.001	0.001
0.236	0.152	0.397	0.215
0.082	0.117	0.800	0.001
0.001	0.961	0.001	0.037
>GTGACG	6-GTGACG	0.876428	-594.661415	0	T:14838.0(28.75%),B:10602.2(22.27%),P:1e-258	Tpos:49.1,Tstd:27.8,Bpos:50.1,Bstd:33.7,StrandBias:0.4,Multiplicity:1.30
0.047	0.264	0.688	0.001
0.001	0.261	0.001	0.737
0.001	0.001	0.997	0.001
0.997	0.001	0.001	0.001
0.001	0.803	0.001	0.195
0.001	0.001	0.997	0.001
>SCGGAN	7-SCGGAN	2.319819	-583.885278	0	T:40018.0(77.55%),B:33769.0(70.92%),P:1e-253	Tpos:52.1,Tstd:29.1,Bpos:50.5,Bstd:34.3,StrandBias:0.3,Multiplicity:1.14
0.101	0.358	0.336	0.206
0.078	0.629	0.139	0.154
0.102	0.114	0.689	0.095
0.158	0.121	0.564	0.157
0.618	0.120	0.101	0.161
0.270	0.276	0.288	0.165
>AGGGGG	8-AGGGGG	5.884275	-513.741482	0	T:13006.0(25.20%),B:9263.6(19.45%),P:1e-223	Tpos:47.9,Tstd:25.0,Bpos:50.9,Bstd:30.4,StrandBias:0.9,Multiplicity:1.13
0.997	0.001	0.001	0.001
0.226	0.001	0.772	0.001
0.161	0.001	0.837	0.001
0.001	0.001	0.997	0.001
0.001	0.001	0.997	0.001
0.001	0.001	0.861	0.137
>CCGTCG	9-CCGTCG	1.755117	-457.435548	0	T:8719.0(16.90%),B:5871.2(12.33%),P:1e-198	Tpos:51.5,Tstd:27.8,Bpos:49.4,Bstd:33.8,StrandBias:0.1,Multiplicity:1.05
0.001	0.997	0.001	0.001
0.007	0.739	0.253	0.001
0.001	0.001	0.997	0.001
0.001	0.001	0.001	0.997
0.001	0.747	0.001	0.251
0.187	0.001	0.811	0.001
>GGCGGG	10-GGCGGG	2.285895	-403.266539	0	T:49114.0(95.18%),B:43827.9(92.04%),P:1e-175	Tpos:48.1,Tstd:27.3,Bpos:49.9,Bstd:33.7,StrandBias:0.5,Multiplicity:4.63
0.100	0.100	0.700	0.100
0.100	0.100	0.700	0.100
0.100	0.700	0.100	0.100
0.100	0.100	0.700	0.100
0.100	0.100	0.700	0.100
0.100	0.100	0.700	0.100
>ATCTTC	11-ATCTTC	3.636998	-373.008011	0	T:14187.0(27.49%),B:10659.8(22.39%),P:1e-161	Tpos:52.3,Tstd:28.4,Bpos:49.8,Bstd:33.5,StrandBias:-0.9,Multiplicity:1.20
0.568	0.155	0.001	0.276
0.001	0.001	0.001	0.997
0.001	0.997	0.001	0.001
0.001	0.001	0.034	0.964
0.001	0.001	0.001	0.997
0.001	0.997	0.001	0.001
>GTCGGT	12-GTCGGT	4.586341	-317.447057	0	T:8582.0(16.63%),B:6097.7(12.81%),P:1e-137	Tpos:53.0,Tstd:27.6,Bpos:50.1,Bstd:35.2,StrandBias:0.5,Multiplicity:1.12
0.036	0.033	0.843	0.088
0.027	0.050	0.274	0.649
0.045	0.953	0.001	0.001
0.083	0.001	0.915	0.001
0.060	0.030	0.909	0.001
0.067	0.095	0.001	0.837
>ACCGGA	13-ACCGGA	1.383923	-295.589111	0	T:11003.0(21.32%),B:8187.5(17.19%),P:1e-128	Tpos:51.3,Tstd:28.6,Bpos:50.9,Bstd:30.2,StrandBias:0.1,Multiplicity:1.05
0.997	0.001	0.001	0.001
0.001	0.992	0.001	0.006
0.001	0.842	0.001	0.156
0.001	0.001	0.997	0.001
0.001	0.001	0.997	0.001
0.991	0.001	0.001	0.007
>CCCCAA	14-CCCCAA	5.905461	-291.277135	0	T:9922.0(19.23%),B:7288.4(15.31%),P:1e-126	Tpos:50.2,Tstd:26.7,Bpos:50.0,Bstd:29.9,StrandBias:-0.9,Multiplicity:1.08
0.001	0.997	0.001	0.001
0.282	0.574	0.143	0.001
0.158	0.840	0.001	0.001
0.001	0.997	0.001	0.001
0.997	0.001	0.001	0.001
0.997	0.001	0.001	0.001
>ATTGGC	15-ATTGGC	3.682378	-278.664428	0	T:7081.0(13.72%),B:4968.5(10.43%),P:1e-121	Tpos:48.0,Tstd:28.4,Bpos:50.6,Bstd:31.5,StrandBias:0.0,Multiplicity:1.08
0.782	0.001	0.001	0.216
0.001	0.001	0.001	0.997
0.001	0.049	0.001	0.949
0.001	0.073	0.925	0.001
0.001	0.001	0.997	0.001
0.001	0.997	0.001	0.001
>TGGCGG	16-TGGCGG	5.640698	-200.058977	0	T:12266.0(23.77%),B:9617.2(20.20%),P:1e-86	Tpos:59.4,Tstd:35.1,Bpos:54.6,Bstd:42.4,StrandBias:0.7,Multiplicity:1.00
0.001	0.104	0.001	0.894
0.001	0.001	0.997	0.001
0.001	0.001	0.997	0.001
0.001	0.997	0.001	0.001
0.001	0.001	0.784	0.214
0.147	0.001	0.851	0.001
>ATCAGC	17-ATCAGC	6.177716	-193.372637	0	T:2536.0(4.91%),B:1561.3(3.28%),P:1e-83	Tpos:51.6,Tstd:27.6,Bpos:51.2,Bstd:29.4,StrandBias:0.1,Multiplicity:1.02
0.700	0.100	0.100	0.100
0.100	0.100	0.100	0.700
0.100	0.700	0.100	0.100
0.700	0.100	0.100	0.100
0.100	0.100	0.700	0.100
0.100	0.700	0.100	0.100
>GCTGTC	18-GCTGTC	1.440463	-182.451727	0	T:13207.0(25.59%),B:10514.6(22.08%),P:1e-79	Tpos:50.7,Tstd:28.8,Bpos:49.0,Bstd:31.0,StrandBias:0.1,Multiplicity:1.05
0.001	0.001	0.997	0.001
0.001	0.986	0.001	0.012
0.083	0.013	0.001	0.903
0.001	0.001	0.997	0.001
0.096	0.001	0.001	0.902
0.001	0.997	0.001	0.001
>TGCGCA	19-TGCGCA	6.177716	-172.612898	0	T:1042.0(2.02%),B:515.3(1.08%),P:1e-74	Tpos:41.6,Tstd:24.0,Bpos:51.0,Bstd:35.0,StrandBias:0.0,Multiplicity:1.06
0.100	0.100	0.100	0.700
0.100	0.100	0.700	0.100
0.100	0.700	0.100	0.100
0.100	0.100	0.700	0.100
0.100	0.700	0.100	0.100
0.700	0.100	0.100	0.100
>SDTCAN	20-SDTCAN	3.553235	-167.887696	0	T:23554.0(45.65%),B:19855.6(41.70%),P:1e-72	Tpos:51.1,Tstd:28.8,Bpos:50.4,Bstd:30.7,StrandBias:-0.2,Multiplicity:1.15
0.048	0.429	0.356	0.167
0.383	0.086	0.295	0.235
0.029	0.197	0.142	0.632
0.107	0.696	0.175	0.022
0.694	0.070	0.235	0.001
0.170	0.319	0.286	0.225
>CGTACG	21-CGTACG	1.502455	-165.309719	0	T:3954.0(7.66%),B:2730.6(5.73%),P:1e-71	Tpos:55.6,Tstd:28.6,Bpos:50.0,Bstd:32.3,StrandBias:0.3,Multiplicity:1.03
0.001	0.989	0.009	0.001
0.001	0.001	0.997	0.001
0.001	0.001	0.001	0.997
0.997	0.001	0.001	0.001
0.144	0.854	0.001	0.001
0.001	0.144	0.854	0.001
>CGGCAA	22-CGGCAA	2.225159	-150.160695	0	T:4916.0(9.53%),B:3556.5(7.47%),P:1e-65	Tpos:51.6,Tstd:30.2,Bpos:31.0,Bstd:29.2,StrandBias:-0.6,Multiplicity:1.00
0.001	0.997	0.001	0.001
0.001	0.001	0.997	0.001
0.001	0.011	0.987	0.001
0.001	0.997	0.001	0.001
0.943	0.001	0.001	0.055
0.956	0.001	0.001	0.042
>TCGTCG	23-TCGTCG	3.140622	-143.885539	0	T:16780.0(32.52%),B:13872.9(29.13%),P:1e-62	Tpos:52.2,Tstd:29.7,Bpos:50.7,Bstd:36.6,StrandBias:-0.2,Multiplicity:1.10
0.131	0.043	0.181	0.645
0.172	0.592	0.086	0.150
0.062	0.169	0.653	0.116
0.158	0.152	0.060	0.630
0.139	0.761	0.051	0.049
0.137	0.088	0.720	0.055
>CGSWCT	24-CGSWCT	3.284949	-131.722837	0	T:23691.0(45.91%),B:20198.8(42.42%),P:1e-57	Tpos:51.1,Tstd:31.0,Bpos:50.7,Bstd:39.5,StrandBias:-0.1,Multiplicity:1.04
0.001	0.997	0.001	0.001
0.001	0.001	0.997	0.001
0.001	0.562	0.436	0.001
0.440	0.262	0.001	0.297
0.304	0.564	0.131	0.001
0.001	0.300	0.001	0.698
>ACTGTT	25-ACTGTT	5.461543	-67.703316	0	T:6588.0(12.77%),B:5315.1(11.16%),P:1e-29	Tpos:49.2,Tstd:28.9,Bpos:49.7,Bstd:30.3,StrandBias:-0.1,Multiplicity:1.05
0.997	0.001	0.001	0.001
0.001	0.997	0.001	0.001
0.325	0.001	0.001	0.673
0.001	0.001	0.997	0.001
0.078	0.001	0.001	0.920
0.001	0.194	0.001	0.804
>CCGGAAGT	1-CCGGAAGT	5.828711	-1528.821660	0	T:2360.0(4.57%),B:547.2(1.15%),P:1e-663	Tpos:43.3,Tstd:21.8,Bpos:48.7,Bstd:37.9,StrandBias:0.3,Multiplicity:1.18
0.001	0.819	0.179	0.001
0.001	0.997	0.001	0.001
0.001	0.001	0.997	0.001
0.001	0.001	0.997	0.001
0.997	0.001	0.001	0.001
0.997	0.001	0.001	0.001
0.037	0.001	0.961	0.001
0.001	0.203	0.001	0.795
>ACTBMCCC	2-ACTBMCCC	4.544119	-876.623448	0	T:16002.0(31.01%),B:10950.5(23.00%),P:1e-380	Tpos:52.8,Tstd:26.2,Bpos:50.2,Bstd:29.6,StrandBias:-0.9,Multiplicity:1.12
0.813	0.035	0.005	0.147
0.049	0.891	0.035	0.025
0.109	0.037	0.045	0.809
0.094	0.335	0.328	0.243
0.349	0.354	0.201	0.097
0.159	0.558	0.115	0.168
0.017	0.767	0.087	0.129
0.060	0.633	0.222	0.085
>AGCGGCAA	3-AGCGGCAA	3.561743	-841.348919	0	T:24010.0(46.53%),B:17948.2(37.69%),P:1e-365	Tpos:52.6,Tstd:26.9,Bpos:50.1,Bstd:31.8,StrandBias:0.3,Multiplicity:1.34
0.796	0.020	0.123	0.061
0.090	0.127	0.717	0.066
0.009	0.810	0.151	0.030
0.138	0.121	0.664	0.077
0.047	0.118	0.762	0.073
0.054	0.753	0.112	0.081
0.679	0.102	0.120	0.099
0.821	0.026	0.116	0.037
>CCCCCCCC	4-CCCCCCCC	4.983980	-839.296485	0	T:16446.0(31.87%),B:11399.1(23.94%),P:1e-364	Tpos:42.0,Tstd:23.1,Bpos:49.8,Bstd:32.1,StrandBias:-1.0,Multiplicity:1.42
0.098	0.637	0.107	0.158
0.106	0.741	0.019	0.134
0.096	0.752	0.044	0.108
0.052	0.807	0.078	0.063
0.047	0.813	0.073	0.067
0.053	0.717	0.102	0.128
0.065	0.842	0.009	0.084
0.142	0.692	0.002	0.164
>WHTWCCGS	5-WHTWCCGS	4.521297	-817.275788	0	T:11271.0(21.84%),B:7209.3(15.14%),P:1e-354	Tpos:50.6,Tstd:26.5,Bpos:50.5,Bstd:35.2,StrandBias:-0.3,Multiplicity:1.11
0.394	0.225	0.071	0.311
0.357	0.220	0.086	0.337
0.295	0.001	0.001	0.703
0.329	0.225	0.001	0.444
0.001	0.886	0.112	0.001
0.001	0.582	0.416	0.001
0.001	0.001	0.997	0.001
0.108	0.411	0.335	0.145
>GATGACGA	6-GATGACGA	5.414475	-806.201854	0	T:9457.0(18.33%),B:5806.6(12.19%),P:1e-350	Tpos:54.6,Tstd:26.7,Bpos:49.9,Bstd:32.3,StrandBias:1.3,Multiplicity:1.14
0.032	0.041	0.873	0.054
0.771	0.101	0.076	0.052
0.191	0.064	0.120	0.625
0.027	0.022	0.915	0.036
0.738	0.049	0.165	0.048
0.171	0.537	0.108	0.184
0.041	0.043	0.883	0.033
0.659	0.075	0.140	0.126
>TGGAGGAG	7-TGGAGGAG	6.050235	-743.649730	0	T:8800.0(17.05%),B:5400.5(11.34%),P:1e-322	Tpos:53.6,Tstd:26.2,Bpos:49.2,Bstd:30.3,StrandBias:1.2,Multiplicity:1.07
0.095	0.001	0.118	0.786
0.013	0.001	0.985	0.001
0.066	0.001	0.932	0.001
0.865	0.045	0.001	0.089
0.034	0.039	0.893	0.034
0.145	0.019	0.835	0.001
0.829	0.081	0.010	0.080
0.035	0.025	0.939	0.001
>HNDYGNCG	8-HNDYGNCG	3.446745	-738.476204	0	T:11913.0(23.09%),B:7869.2(16.53%),P:1e-320	Tpos:51.6,Tstd:27.2,Bpos:50.6,Bstd:36.3,StrandBias:0.1,Multiplicity:1.18
0.306	0.223	0.102	0.368
0.280	0.200	0.187	0.333
0.365	0.133	0.216	0.285
0.202	0.369	0.081	0.349
0.149	0.080	0.467	0.304
0.244	0.207	0.269	0.279
0.001	0.929	0.069	0.001
0.096	0.140	0.740	0.024
>GTTGATGA	9-GTTGATGA	4.933119	-605.855118	0	T:12992.0(25.18%),B:9031.3(18.97%),P:1e-263	Tpos:52.1,Tstd:27.7,Bpos:49.8,Bstd:29.4,StrandBias:0.9,Multiplicity:1.09
0.054	0.044	0.864	0.038
0.001	0.202	0.308	0.489
0.036	0.171	0.166	0.627
0.001	0.001	0.997	0.001
0.537	0.091	0.212	0.160
0.035	0.133	0.001	0.831
0.001	0.001	0.997	0.001
0.508	0.056	0.160	0.276
>TTCRACAG	10-TTCRACAG	4.776307	-539.230063	0	T:15427.0(29.90%),B:11243.7(23.61%),P:1e-234	Tpos:50.1,Tstd:27.5,Bpos:49.9,Bstd:30.2,StrandBias:-0.1,Multiplicity:1.13
0.131	0.001	0.134	0.734
0.096	0.179	0.103	0.622
0.001	0.856	0.001	0.142
0.357	0.162	0.418	0.063
0.485	0.126	0.215	0.174
0.029	0.969	0.001	0.001
0.598	0.156	0.001	0.245
0.001	0.085	0.913	0.001
>ACGATGAC	11-ACGATGAC	5.013974	-410.940952	0	T:4691.0(9.09%),B:2814.2(5.91%),P:1e-178	Tpos:51.9,Tstd:28.6,Bpos:49.3,Bstd:31.2,StrandBias:0.1,Multiplicity:1.02
0.662	0.115	0.146	0.077
0.101	0.755	0.074	0.070
0.064	0.025	0.817	0.094
0.771	0.104	0.063	0.062
0.051	0.184	0.044	0.721
0.075	0.034	0.753	0.138
0.712	0.124	0.126	0.038
0.069	0.812	0.065	0.054
>GTGACGTC	12-GTGACGTC	6.805065	-356.889034	0	T:1653.0(3.20%),B:739.9(1.55%),P:1e-154	Tpos:37.5,Tstd:23.8,Bpos:53.9,Bstd:36.1,StrandBias:0.2,Multiplicity:1.11
0.001	0.001	0.586	0.412
0.046	0.001	0.001	0.952
0.001	0.170	0.828	0.001
0.836	0.001	0.127	0.036
0.001	0.997	0.001	0.001
0.001	0.001	0.997	0.001
0.034	0.341	0.001	0.624
0.141	0.578	0.280	0.001
>CSCCTACA	13-CSCCTACA	5.464508	-345.554307	0	T:5122.0(9.93%),B:3257.2(6.84%),P:1e-150	Tpos:50.6,Tstd:26.2,Bpos:50.9,Bstd:29.5,StrandBias:-0.7,Multiplicity:1.03
0.001	0.939	0.059	0.001
0.216	0.357	0.391	0.037
0.001	0.663	0.302	0.034
0.016	0.966	0.017	0.001
0.001	0.001	0.001	0.997
0.799	0.001	0.001	0.199
0.149	0.497	0.293	0.061
0.898	0.062	0.001	0.039
>CGATTGGC	14-CGATTGGC	7.132047	-341.474727	0	T:1499.0(2.90%),B:655.3(1.38%),P:1e-148	Tpos:37.9,Tstd:27.8,Bpos:50.0,Bstd:29.4,StrandBias:0.2,Multiplicity:1.02
0.038	0.642	0.051	0.269
0.001	0.135	0.751	0.113
0.871	0.001	0.077	0.051
0.001	0.001	0.001	0.997
0.005	0.001	0.001	0.993
0.007	0.001	0.970	0.022
0.030	0.022	0.947	0.001
0.019	0.930	0.001	0.050
>GGGSSAAA	15-GGGSSAAA	6.889778	-266.443237	0	T:3730.0(7.23%),B:2335.5(4.90%),P:1e-115	Tpos:52.0,Tstd:25.5,Bpos:50.7,Bstd:29.2,StrandBias:0.6,Multiplicity:1.02
0.307	0.001	0.691	0.001
0.001	0.001	0.997	0.001
0.215	0.001	0.783	0.001
0.001	0.553	0.445	0.001
0.160	0.486	0.354	0.001
0.937	0.001	0.061	0.001
0.997	0.001	0.001	0.001
0.595	0.403	0.001	0.001
>GGCGGTAC	16-GGCGGTAC	4.610255	-257.532111	0	T:6252.0(12.12%),B:4348.0(9.13%),P:1e-111	Tpos:51.5,Tstd:27.8,Bpos:50.2,Bstd:32.7,StrandBias:0.3,Multiplicity:1.03
0.054	0.119	0.780	0.047
0.175	0.020	0.695	0.110
0.125	0.636	0.100	0.139
0.090	0.220	0.617	0.073
0.075	0.089	0.729	0.107
0.095	0.039	0.007	0.859
0.901	0.025	0.019	0.055
0.108	0.789	0.052	0.051
>GCGCATGC	17-GCGCATGC	9.107107	-235.237655	0	T:1153.0(2.23%),B:527.6(1.11%),P:1e-102	Tpos:40.1,Tstd:21.7,Bpos:51.1,Bstd:38.4,StrandBias:0.1,Multiplicity:1.08
0.055	0.001	0.943	0.001
0.001	0.997	0.001	0.001
0.001	0.001	0.997	0.001
0.001	0.997	0.001	0.001
0.841	0.157	0.001	0.001
0.001	0.001	0.182	0.816
0.001	0.001	0.997	0.001
0.001	0.965	0.001	0.033
>AGAGCTGC	18-AGAGCTGC	5.747551	-201.952126	0	T:5141.0(9.96%),B:3592.2(7.54%),P:1e-87	Tpos:51.9,Tstd:28.0,Bpos:50.7,Bstd:30.9,StrandBias:0.1,Multiplicity:1.03
0.793	0.057	0.001	0.149
0.120	0.085	0.710	0.085
0.893	0.047	0.001	0.059
0.023	0.028	0.948	0.001
0.001	0.980	0.018	0.001
0.001	0.113	0.064	0.822
0.051	0.001	0.947	0.001
0.001	0.905	0.070	0.024
>TCTCGCGA	19-TCTCGCGA	7.802342	-190.168531	0	T:282.0(0.55%),B:63.9(0.13%),P:1e-82	Tpos:35.5,Tstd:22.9,Bpos:50.8,Bstd:41.2,StrandBias:-0.0,Multiplicity:1.04
0.001	0.001	0.001	0.997
0.223	0.735	0.001	0.041
0.001	0.001	0.001	0.997
0.001	0.997	0.001	0.001
0.001	0.001	0.927	0.071
0.001	0.997	0.001	0.001
0.001	0.001	0.997	0.001
0.997	0.001	0.001	0.001
>GCKGATAG	20-GCKGATAG	6.632487	-170.959537	0	T:282.0(0.55%),B:69.3(0.15%),P:1e-74	Tpos:59.2,Tstd:19.7,Bpos:45.9,Bstd:30.4,StrandBias:-1.6,Multiplicity:1.00
0.149	0.097	0.627	0.127
0.084	0.858	0.027	0.031
0.100	0.204	0.375	0.321
0.111	0.102	0.684	0.103
0.609	0.134	0.163	0.094
0.192	0.123	0.070	0.615
0.695	0.213	0.054	0.038
0.120	0.086	0.593	0.201
>CAGTTGGT	21-CAGTTGGT	6.770923	-151.647842	0	T:1823.0(3.53%),B:1099.0(2.31%),P:1e-65	Tpos:51.0,Tstd:26.8,Bpos:49.6,Bstd:27.9,StrandBias:0.5,Multiplicity:1.02
0.001	0.965	0.033	0.001
0.918	0.010	0.071	0.001
0.035	0.001	0.912	0.052
0.015	0.119	0.132	0.734
0.001	0.169	0.001	0.829
0.001	0.001	0.970	0.028
0.001	0.088	0.874	0.037
0.020	0.046	0.102	0.832
>TTTKCGCG	22-TTTKCGCG	6.590201	-150.723141	0	T:1339.0(2.59%),B:747.4(1.57%),P:1e-65	Tpos:49.9,Tstd:26.2,Bpos:48.2,Bstd:35.7,StrandBias:0.7,Multiplicity:1.01
0.001	0.001	0.086	0.912
0.001	0.316	0.001	0.682
0.192	0.001	0.001	0.806
0.260	0.001	0.419	0.320
0.001	0.592	0.406	0.001
0.001	0.001	0.618	0.380
0.234	0.413	0.253	0.100
0.004	0.162	0.833	0.001
>TTTAAAAA	23-TTTAAAAA	4.813210	-96.087477	0	T:6460.0(12.52%),B:5060.2(10.63%),P:1e-41	Tpos:51.7,Tstd:29.4,Bpos:49.2,Bstd:31.2,StrandBias:-0.8,Multiplicity:1.14
0.001	0.001	0.337	0.661
0.023	0.001	0.336	0.640
0.352	0.001	0.001	0.646
0.997	0.001	0.001	0.001
0.997	0.001	0.001	0.001
0.997	0.001	0.001	0.001
0.991	0.007	0.001	0.001
0.991	0.001	0.007	0.001
>TCCGAATC	24-TCCGAATC	7.374254	-79.790717	0	T:474.0(0.92%),B:234.9(0.49%),P:1e-34	Tpos:52.6,Tstd:27.4,Bpos:55.3,Bstd:40.0,StrandBias:-0.5,Multiplicity:1.01
0.001	0.172	0.133	0.694
0.010	0.924	0.065	0.001
0.029	0.876	0.044	0.051
0.056	0.001	0.918	0.025
0.799	0.058	0.142	0.001
0.933	0.001	0.001	0.065
0.001	0.001	0.072	0.926
0.001	0.981	0.017	0.001
>CTTACGGA	25-CTTACGGA	8.236954	-15.091776	0	T:37.0(0.07%),B:13.8(0.03%),P:1e-6	Tpos:54.5,Tstd:26.9,Bpos:62.3,Bstd:21.5,StrandBias:-0.1,Multiplicity:1.00
0.100	0.700	0.100	0.100
0.100	0.100	0.100	0.700
0.100	0.100	0.100	0.700
0.700	0.100	0.100	0.100
0.100	0.700	0.100	0.100
0.100	0.100	0.700	0.100
0.100	0.100	0.700	0.100
0.700	0.100	0.100	0.100
