>RCCGGAAGWG	1-RCCGGAAGWG	7.266544	-1771.009708	0	T:3029.0(5.87%),B:766.7(1.61%),P:1e-769	Tpos:44.2,Tstd:22.2,Bpos:50.0,Bstd:38.2,StrandBias:0.2,Multiplicity:1.21
0.357	0.147	0.320	0.177
0.118	0.558	0.316	0.008
0.084	0.870	0.045	0.001
0.048	0.001	0.950	0.001
0.003	0.001	0.985	0.011
0.997	0.001	0.001	0.001
0.891	0.054	0.054	0.001
0.216	0.211	0.572	0.001
0.291	0.257	0.038	0.414
0.223	0.240	0.436	0.101
>YYCCCCCCCC	2-YYCCCCCCCC	5.438467	-1158.647297	0	T:13216.0(25.61%),B:8169.7(17.19%),P:1e-503	Tpos:45.4,Tstd:22.2,Bpos:49.8,Bstd:30.6,StrandBias:-1.3,Multiplicity:1.29
0.183	0.406	0.090	0.321
0.156	0.421	0.018	0.406
0.101	0.556	0.065	0.278
0.110	0.625	0.074	0.191
0.075	0.610	0.082	0.233
0.052	0.780	0.077	0.091
0.045	0.831	0.025	0.099
0.103	0.643	0.011	0.243
0.130	0.649	0.037	0.184
0.245	0.446	0.031	0.278
>GCYCCGCCCA	3-GCYCCGCCCA	7.378914	-1044.825943	0	T:4134.0(8.01%),B:1743.2(3.67%),P:1e-453	Tpos:33.1,Tstd:21.3,Bpos:49.4,Bstd:35.4,StrandBias:-0.6,Multiplicity:1.13
0.106	0.026	0.623	0.245
0.060	0.506	0.105	0.329
0.151	0.434	0.087	0.328
0.191	0.740	0.013	0.056
0.026	0.836	0.017	0.121
0.218	0.036	0.661	0.085
0.025	0.897	0.022	0.056
0.054	0.844	0.042	0.060
0.150	0.608	0.078	0.164
0.437	0.238	0.073	0.252
>TTAAAGGGGG	4-TTAAAGGGGG	-3.151369	-746.560004	0	T:14773.0(28.63%),B:10181.9(21.42%),P:1e-324	Tpos:49.9,Tstd:23.6,Bpos:50.4,Bstd:29.3,StrandBias:1.1,Multiplicity:1.12
0.141	0.001	0.001	0.857
0.343	0.001	0.001	0.655
0.841	0.001	0.001	0.157
0.895	0.001	0.015	0.089
0.578	0.001	0.420	0.001
0.001	0.001	0.997	0.001
0.001	0.001	0.997	0.001
0.001	0.001	0.997	0.001
0.001	0.001	0.997	0.001
0.001	0.001	0.997	0.001
>CCGCCATCTT	5-CCGCCATCTT	8.381944	-712.681999	0	T:995.0(1.93%),B:209.0(0.44%),P:1e-309	Tpos:67.2,Tstd:20.6,Bpos:51.6,Bstd:33.2,StrandBias:-1.0,Multiplicity:1.01
0.048	0.902	0.019	0.031
0.068	0.895	0.019	0.018
0.001	0.001	0.997	0.001
0.001	0.994	0.004	0.001
0.001	0.997	0.001	0.001
0.997	0.001	0.001	0.001
0.001	0.007	0.001	0.991
0.055	0.548	0.136	0.261
0.013	0.001	0.013	0.973
0.004	0.007	0.001	0.988
>CATCATCATC	6-CATCATCATC	5.493771	-699.143891	0	T:11160.0(21.63%),B:7326.1(15.41%),P:1e-303	Tpos:53.4,Tstd:26.2,Bpos:49.8,Bstd:30.2,StrandBias:-1.3,Multiplicity:1.14
0.061	0.743	0.159	0.037
0.570	0.121	0.108	0.201
0.131	0.137	0.117	0.615
0.031	0.950	0.016	0.003
0.637	0.081	0.035	0.247
0.097	0.220	0.060	0.623
0.004	0.959	0.009	0.028
0.502	0.122	0.035	0.341
0.148	0.211	0.173	0.468
0.002	0.860	0.025	0.113
>CGCATGCGCR	7-CGCATGCGCR	8.969937	-636.688361	0	T:1041.0(2.02%),B:251.2(0.53%),P:1e-276	Tpos:37.6,Tstd:19.2,Bpos:51.4,Bstd:40.1,StrandBias:0.1,Multiplicity:1.09
0.052	0.895	0.024	0.029
0.038	0.004	0.926	0.032
0.019	0.922	0.027	0.032
0.658	0.151	0.093	0.098
0.043	0.054	0.184	0.719
0.022	0.010	0.947	0.021
0.011	0.910	0.010	0.069
0.021	0.035	0.838	0.106
0.013	0.859	0.039	0.089
0.327	0.123	0.441	0.109
>GGGGAAAGTT	8-GGGGAAAGTT	4.700866	-577.754705	0	T:13047.0(25.28%),B:9126.6(19.20%),P:1e-250	Tpos:52.9,Tstd:25.5,Bpos:50.3,Bstd:29.9,StrandBias:1.0,Multiplicity:1.09
0.102	0.083	0.713	0.102
0.100	0.074	0.725	0.101
0.108	0.058	0.742	0.092
0.117	0.121	0.667	0.095
0.656	0.118	0.113	0.113
0.705	0.093	0.121	0.081
0.712	0.066	0.113	0.109
0.109	0.090	0.682	0.119
0.095	0.101	0.104	0.700
0.091	0.092	0.117	0.700
>AATGGCGGCG	9-AATGGCGGCG	5.361413	-495.435813	0	T:5041.0(9.77%),B:2939.4(6.18%),P:1e-215	Tpos:54.5,Tstd:27.2,Bpos:50.3,Bstd:35.6,StrandBias:0.6,Multiplicity:1.09
0.668	0.131	0.105	0.096
0.655	0.104	0.114	0.127
0.139	0.106	0.078	0.677
0.074	0.074	0.781	0.071
0.070	0.079	0.786	0.065
0.111	0.703	0.100	0.086
0.124	0.102	0.662	0.112
0.083	0.113	0.725	0.079
0.107	0.680	0.108	0.105
0.076	0.163	0.663	0.098
>CTATCAGCCG	10-CTATCAGCCG	9.896615	-478.406232	0	T:147.0(0.28%),B:2.8(0.01%),P:1e-207	Tpos:65.5,Tstd:12.6,Bpos:45.1,Bstd:16.5,StrandBias:3.5,Multiplicity:1.00
0.001	0.918	0.080	0.001
0.069	0.001	0.001	0.929
0.997	0.001	0.001	0.001
0.001	0.001	0.001	0.997
0.081	0.837	0.001	0.081
0.679	0.319	0.001	0.001
0.081	0.001	0.837	0.081
0.001	0.768	0.150	0.081
0.294	0.704	0.001	0.001
0.001	0.001	0.997	0.001
>TCGCGAGAKW	11-TCGCGAGAKW	8.714881	-439.766483	0	T:118.0(0.23%),B:0.0(0.00%),P:1e-190	Tpos:34.3,Tstd:21.4,Bpos:0.0,Bstd:0.0,StrandBias:0.0,Multiplicity:1.16
0.001	0.207	0.105	0.687
0.001	0.803	0.111	0.085
0.001	0.112	0.768	0.119
0.117	0.857	0.002	0.024
0.001	0.061	0.936	0.002
0.549	0.184	0.266	0.001
0.014	0.084	0.836	0.066
0.590	0.165	0.108	0.137
0.162	0.188	0.265	0.385
0.331	0.164	0.099	0.406
>TCTGCTGCAG	12-TCTGCTGCAG	4.708893	-427.258778	0	T:13144.0(25.47%),B:9592.8(20.18%),P:1e-185	Tpos:51.9,Tstd:26.8,Bpos:49.8,Bstd:30.1,StrandBias:-0.1,Multiplicity:1.15
0.138	0.104	0.131	0.627
0.076	0.702	0.084	0.138
0.114	0.080	0.099	0.707
0.095	0.108	0.690	0.107
0.082	0.722	0.090	0.106
0.136	0.086	0.089	0.689
0.089	0.088	0.701	0.122
0.097	0.731	0.082	0.090
0.693	0.104	0.084	0.119
0.101	0.075	0.738	0.086
>GAAGCGGCTA	13-GAAGCGGCTA	5.271534	-397.203425	0	T:5929.0(11.49%),B:3778.7(7.95%),P:1e-172	Tpos:54.1,Tstd:26.5,Bpos:49.2,Bstd:31.7,StrandBias:0.6,Multiplicity:1.04
0.089	0.075	0.784	0.052
0.698	0.112	0.117	0.073
0.732	0.063	0.135	0.070
0.090	0.092	0.741	0.077
0.131	0.632	0.103	0.134
0.157	0.081	0.622	0.140
0.063	0.092	0.755	0.090
0.095	0.734	0.075	0.096
0.109	0.121	0.115	0.655
0.647	0.126	0.112	0.115
>SGTSACGTCA	14-SGTSACGTCA	7.593387	-378.755684	0	T:945.0(1.83%),B:308.1(0.65%),P:1e-164	Tpos:35.9,Tstd:22.2,Bpos:48.5,Bstd:37.0,StrandBias:0.1,Multiplicity:1.07
0.113	0.312	0.459	0.116
0.175	0.275	0.549	0.001
0.017	0.192	0.001	0.790
0.001	0.431	0.567	0.001
0.811	0.001	0.187	0.001
0.006	0.974	0.001	0.019
0.035	0.001	0.963	0.001
0.001	0.094	0.001	0.904
0.001	0.597	0.401	0.001
0.729	0.102	0.104	0.065
>GCCAATSRGA	15-GCCAATSRGA	7.295916	-287.798560	0	T:1796.0(3.48%),B:897.8(1.89%),P:1e-124	Tpos:41.4,Tstd:27.0,Bpos:48.9,Bstd:28.9,StrandBias:0.2,Multiplicity:1.02
0.088	0.040	0.714	0.158
0.001	0.997	0.001	0.001
0.001	0.997	0.001	0.001
0.940	0.001	0.001	0.058
0.779	0.008	0.212	0.001
0.116	0.156	0.001	0.727
0.175	0.458	0.367	0.001
0.405	0.110	0.484	0.001
0.001	0.327	0.671	0.001
0.513	0.180	0.259	0.048
>GGAAGTGWCG	16-GGAAGTGWCG	13.034166	-216.186609	0	T:160.0(0.31%),B:16.3(0.03%),P:1e-93	Tpos:37.0,Tstd:19.9,Bpos:11.9,Bstd:3.4,StrandBias:1.2,Multiplicity:1.00
0.001	0.002	0.996	0.001
0.001	0.001	0.997	0.001
0.997	0.001	0.001	0.001
0.997	0.001	0.001	0.001
0.001	0.001	0.997	0.001
0.001	0.001	0.001	0.997
0.001	0.001	0.997	0.001
0.449	0.001	0.001	0.549
0.001	0.997	0.001	0.001
0.001	0.001	0.997	0.001
>KTWAAAAAAA	17-KTWAAAAAAA	6.582779	-183.624375	0	T:3928.0(7.61%),B:2659.3(5.59%),P:1e-79	Tpos:53.9,Tstd:29.7,Bpos:49.9,Bstd:30.8,StrandBias:-1.2,Multiplicity:1.09
0.001	0.166	0.413	0.419
0.256	0.018	0.231	0.494
0.367	0.001	0.235	0.397
0.656	0.001	0.003	0.340
0.722	0.001	0.001	0.276
0.604	0.027	0.188	0.181
0.565	0.259	0.085	0.091
0.594	0.213	0.032	0.161
0.578	0.185	0.235	0.002
0.637	0.110	0.250	0.003
>TATAGCGTCG	18-TATAGCGTCG	5.652919	-172.436801	0	T:858.0(1.66%),B:394.6(0.83%),P:1e-74	Tpos:49.4,Tstd:26.7,Bpos:50.2,Bstd:32.6,StrandBias:0.0,Multiplicity:1.01
0.078	0.125	0.123	0.674
0.682	0.106	0.101	0.111
0.105	0.136	0.127	0.632
0.759	0.056	0.118	0.067
0.050	0.062	0.836	0.052
0.125	0.677	0.094	0.104
0.086	0.129	0.663	0.122
0.096	0.095	0.079	0.730
0.065	0.709	0.106	0.120
0.117	0.125	0.640	0.118
>AAATTCCGCG	19-AAATTCCGCG	5.629610	-172.246787	0	T:2035.0(3.94%),B:1220.3(2.57%),P:1e-74	Tpos:51.1,Tstd:26.4,Bpos:50.9,Bstd:33.8,StrandBias:-0.2,Multiplicity:1.02
0.712	0.111	0.086	0.091
0.687	0.077	0.137	0.099
0.683	0.110	0.105	0.102
0.094	0.179	0.075	0.652
0.088	0.120	0.088	0.704
0.057	0.717	0.106	0.120
0.116	0.705	0.086	0.093
0.090	0.104	0.673	0.133
0.109	0.641	0.138	0.112
0.094	0.151	0.674	0.081
>TGCCGGAAAA	20-TGCCGGAAAA	7.155649	-171.038629	0	T:1711.0(3.32%),B:984.5(2.07%),P:1e-74	Tpos:51.1,Tstd:27.2,Bpos:49.0,Bstd:30.5,StrandBias:0.0,Multiplicity:1.01
0.082	0.054	0.070	0.794
0.039	0.108	0.774	0.079
0.065	0.784	0.101	0.050
0.083	0.718	0.046	0.153
0.057	0.032	0.782	0.129
0.054	0.018	0.872	0.056
0.818	0.039	0.123	0.020
0.828	0.080	0.056	0.036
0.859	0.037	0.077	0.027
0.771	0.094	0.110	0.025
>CGATCCGGAT	21-CGATCCGGAT	4.772089	-156.030632	0	T:3157.0(6.12%),B:2114.8(4.45%),P:1e-67	Tpos:51.9,Tstd:27.1,Bpos:49.8,Bstd:32.4,StrandBias:-0.0,Multiplicity:1.05
0.152	0.539	0.160	0.149
0.149	0.158	0.567	0.126
0.574	0.173	0.130	0.123
0.121	0.128	0.158	0.593
0.064	0.697	0.151	0.088
0.161	0.581	0.084	0.174
0.174	0.089	0.580	0.157
0.106	0.156	0.679	0.059
0.599	0.144	0.127	0.130
0.136	0.139	0.161	0.564
>CCATRGCGAC	22-CCATRGCGAC	6.379155	-149.040613	0	T:483.0(0.94%),B:183.9(0.39%),P:1e-64	Tpos:50.9,Tstd:27.8,Bpos:49.8,Bstd:26.9,StrandBias:-0.2,Multiplicity:1.08
0.139	0.531	0.083	0.247
0.059	0.666	0.161	0.114
0.630	0.065	0.141	0.164
0.192	0.100	0.220	0.488
0.386	0.071	0.534	0.009
0.187	0.104	0.563	0.146
0.224	0.462	0.002	0.312
0.210	0.228	0.399	0.164
0.592	0.010	0.205	0.193
0.126	0.602	0.258	0.014
>GCGCATGCTC	23-GCGCATGCTC	10.974192	-125.560273	0	T:162.0(0.31%),B:32.3(0.07%),P:1e-54	Tpos:41.3,Tstd:24.8,Bpos:54.7,Bstd:21.1,StrandBias:-0.1,Multiplicity:1.01
0.001	0.001	0.997	0.001
0.001	0.597	0.401	0.001
0.001	0.001	0.997	0.001
0.001	0.997	0.001	0.001
0.997	0.001	0.001	0.001
0.140	0.289	0.001	0.570
0.001	0.167	0.831	0.001
0.001	0.997	0.001	0.001
0.001	0.001	0.001	0.997
0.001	0.997	0.001	0.001
>CGATGATTCG	24-CGATGATTCG	5.284290	-108.391915	0	T:1212.0(2.35%),B:717.3(1.51%),P:1e-47	Tpos:51.3,Tstd:27.2,Bpos:49.6,Bstd:32.4,StrandBias:0.3,Multiplicity:1.01
0.138	0.537	0.174	0.151
0.153	0.152	0.569	0.126
0.595	0.154	0.139	0.112
0.109	0.084	0.155	0.652
0.093	0.130	0.703	0.074
0.643	0.114	0.122	0.121
0.083	0.157	0.147	0.613
0.102	0.151	0.143	0.604
0.123	0.561	0.155	0.161
0.148	0.167	0.525	0.160
>GCGATAACGT	25-GCGATAACGT	8.351055	-99.732081	0	T:83.0(0.16%),B:10.6(0.02%),P:1e-43	Tpos:45.0,Tstd:27.7,Bpos:71.4,Bstd:21.2,StrandBias:0.0,Multiplicity:1.00
0.077	0.037	0.841	0.045
0.033	0.844	0.048	0.075
0.081	0.025	0.822	0.072
0.784	0.061	0.094	0.061
0.042	0.064	0.215	0.679
0.728	0.169	0.070	0.033
0.837	0.089	0.041	0.033
0.009	0.909	0.041	0.041
0.029	0.074	0.848	0.049
0.093	0.134	0.065	0.708
>VCCGGAAGTGSS	1-VCCGGAAGTGSS	6.066282	-1382.361116	0	T:2266.0(4.39%),B:551.4(1.16%),P:1e-600	Tpos:43.6,Tstd:21.4,Bpos:50.5,Bstd:38.1,StrandBias:0.4,Multiplicity:1.17
0.306	0.297	0.353	0.045
0.065	0.738	0.176	0.021
0.001	0.997	0.001	0.001
0.001	0.001	0.997	0.001
0.001	0.001	0.993	0.005
0.995	0.001	0.001	0.003
0.990	0.008	0.001	0.001
0.001	0.001	0.997	0.001
0.006	0.204	0.001	0.789
0.059	0.135	0.781	0.025
0.144	0.395	0.382	0.079
0.164	0.349	0.318	0.169
>GGCGGAAAAGNR	2-GGCGGAAAAGNR	2.880846	-886.744008	0	T:7979.0(15.46%),B:4558.4(9.59%),P:1e-385	Tpos:51.8,Tstd:25.4,Bpos:49.7,Bstd:34.8,StrandBias:0.5,Multiplicity:1.07
0.170	0.008	0.652	0.170
0.161	0.059	0.670	0.110
0.001	0.997	0.001	0.001
0.001	0.001	0.997	0.001
0.001	0.001	0.991	0.007
0.982	0.001	0.001	0.016
0.917	0.050	0.025	0.008
0.908	0.025	0.033	0.034
0.697	0.235	0.051	0.017
0.085	0.156	0.597	0.162
0.296	0.226	0.284	0.194
0.341	0.181	0.321	0.156
>GCCGCCATBTTS	3-GCCGCCATBTTS	10.211794	-886.612249	0	T:751.0(1.46%),B:90.7(0.19%),P:1e-385	Tpos:70.6,Tstd:17.3,Bpos:45.9,Bstd:36.4,StrandBias:-1.5,Multiplicity:1.01
0.219	0.139	0.462	0.179
0.178	0.474	0.140	0.208
0.192	0.593	0.028	0.187
0.001	0.001	0.997	0.001
0.001	0.997	0.001	0.001
0.001	0.997	0.001	0.001
0.997	0.001	0.001	0.001
0.001	0.001	0.065	0.933
0.153	0.315	0.231	0.301
0.196	0.001	0.049	0.754
0.007	0.001	0.001	0.991
0.105	0.386	0.306	0.203
>GCCCCGCCCCCN	4-GCCCCGCCCCCN	10.118873	-718.595934	0	T:2348.0(4.55%),B:895.1(1.88%),P:1e-312	Tpos:30.0,Tstd:18.9,Bpos:48.0,Bstd:34.8,StrandBias:-0.5,Multiplicity:1.12
0.015	0.001	0.933	0.051
0.001	0.771	0.105	0.123
0.038	0.833	0.001	0.128
0.198	0.797	0.004	0.001
0.001	0.997	0.001	0.001
0.001	0.001	0.989	0.009
0.001	0.997	0.001	0.001
0.001	0.987	0.011	0.001
0.001	0.845	0.001	0.153
0.001	0.966	0.032	0.001
0.109	0.530	0.149	0.212
0.179	0.218	0.326	0.277
>NTCATCATCANC	5-NTCATCATCANC	3.920285	-675.401323	0	T:22676.0(43.94%),B:17158.3(36.10%),P:1e-293	Tpos:51.8,Tstd:26.4,Bpos:49.7,Bstd:29.4,StrandBias:-0.8,Multiplicity:1.29
0.307	0.175	0.208	0.310
0.212	0.224	0.173	0.391
0.084	0.728	0.065	0.123
0.498	0.054	0.227	0.221
0.074	0.119	0.133	0.674
0.059	0.835	0.051	0.055
0.518	0.064	0.156	0.262
0.063	0.121	0.233	0.583
0.053	0.805	0.073	0.069
0.599	0.096	0.159	0.146
0.212	0.178	0.295	0.314
0.171	0.451	0.191	0.187
>STGCGCATGCGC	6-STGCGCATGCGC	2.341995	-595.993491	0	T:1024.0(1.98%),B:257.4(0.54%),P:1e-258	Tpos:38.0,Tstd:18.7,Bpos:49.6,Bstd:39.4,StrandBias:-0.1,Multiplicity:1.07
0.001	0.549	0.449	0.001
0.001	0.001	0.001	0.997
0.001	0.001	0.997	0.001
0.001	0.997	0.001	0.001
0.001	0.001	0.997	0.001
0.001	0.997	0.001	0.001
0.997	0.001	0.001	0.001
0.001	0.001	0.361	0.637
0.001	0.001	0.997	0.001
0.001	0.997	0.001	0.001
0.001	0.001	0.997	0.001
0.001	0.997	0.001	0.001
>TGGGCGGAGCTA	7-TGGGCGGAGCTA	8.655164	-488.087838	0	T:1708.0(3.31%),B:672.1(1.41%),P:1e-211	Tpos:36.4,Tstd:23.1,Bpos:49.6,Bstd:33.2,StrandBias:0.9,Multiplicity:1.02
0.137	0.096	0.133	0.634
0.044	0.038	0.865	0.053
0.041	0.060	0.862	0.037
0.049	0.057	0.858	0.036
0.112	0.754	0.076	0.058
0.086	0.043	0.761	0.110
0.040	0.065	0.864	0.031
0.628	0.059	0.242	0.071
0.048	0.036	0.881	0.035
0.068	0.821	0.071	0.040
0.081	0.200	0.154	0.565
0.507	0.120	0.269	0.104
>GGGGGGGGGGGG	8-GGGGGGGGGGGG	5.507735	-472.760012	0	T:9559.0(18.52%),B:6506.0(13.69%),P:1e-205	Tpos:50.3,Tstd:21.1,Bpos:49.6,Bstd:25.7,StrandBias:1.9,Multiplicity:1.13
0.141	0.001	0.515	0.343
0.001	0.001	0.704	0.294
0.001	0.001	0.718	0.280
0.001	0.001	0.739	0.259
0.001	0.001	0.773	0.225
0.138	0.001	0.712	0.149
0.117	0.001	0.698	0.184
0.145	0.001	0.749	0.105
0.160	0.001	0.710	0.129
0.178	0.001	0.674	0.147
0.208	0.001	0.654	0.137
0.230	0.001	0.626	0.143
>GAGGAGGAGGAG	9-GAGGAGGAGGAG	6.742602	-466.576866	0	T:7049.0(13.66%),B:4518.7(9.51%),P:1e-202	Tpos:50.3,Tstd:24.3,Bpos:49.8,Bstd:31.7,StrandBias:1.5,Multiplicity:1.17
0.097	0.054	0.837	0.012
0.826	0.047	0.069	0.058
0.101	0.020	0.828	0.051
0.061	0.040	0.891	0.008
0.833	0.035	0.077	0.055
0.126	0.023	0.806	0.045
0.026	0.047	0.918	0.009
0.806	0.065	0.068	0.061
0.152	0.015	0.790	0.043
0.071	0.054	0.864	0.011
0.822	0.065	0.057	0.056
0.129	0.029	0.779	0.063
>GGGGGTGAGTTT	10-GGGGGTGAGTTT	5.917041	-432.804249	0	T:5370.0(10.41%),B:3285.1(6.91%),P:1e-187	Tpos:54.3,Tstd:24.2,Bpos:49.8,Bstd:29.0,StrandBias:1.4,Multiplicity:1.03
0.120	0.069	0.715	0.096
0.101	0.052	0.756	0.091
0.101	0.060	0.767	0.072
0.092	0.055	0.765	0.088
0.083	0.106	0.729	0.082
0.108	0.092	0.067	0.733
0.084	0.102	0.756	0.058
0.733	0.051	0.113	0.103
0.057	0.093	0.761	0.089
0.060	0.099	0.088	0.753
0.050	0.104	0.095	0.751
0.055	0.079	0.084	0.782
>TTTTCSCGCGAA	11-TTTTCSCGCGAA	-7.301378	-399.085263	0	T:13917.0(26.97%),B:10330.7(21.73%),P:1e-173	Tpos:51.1,Tstd:25.3,Bpos:49.9,Bstd:31.4,StrandBias:-0.2,Multiplicity:1.11
0.001	0.001	0.001	0.997
0.001	0.001	0.001	0.997
0.001	0.001	0.001	0.997
0.001	0.001	0.001	0.997
0.001	0.997	0.001	0.001
0.001	0.525	0.473	0.001
0.001	0.997	0.001	0.001
0.001	0.001	0.997	0.001
0.054	0.581	0.364	0.001
0.001	0.364	0.634	0.001
0.689	0.309	0.001	0.001
0.997	0.001	0.001	0.001
>WWTCTCGCGAGA	12-WWTCTCGCGAGA	11.295422	-311.913522	0	T:90.0(0.17%),B:0.0(0.00%),P:1e-135	Tpos:32.4,Tstd:21.0,Bpos:0.0,Bstd:0.0,StrandBias:-0.4,Multiplicity:1.00
0.442	0.041	0.170	0.348
0.323	0.171	0.135	0.371
0.001	0.306	0.087	0.606
0.277	0.721	0.001	0.001
0.009	0.307	0.032	0.652
0.001	0.971	0.001	0.027
0.001	0.009	0.986	0.004
0.001	0.944	0.028	0.027
0.001	0.001	0.997	0.001
0.696	0.028	0.248	0.028
0.001	0.165	0.824	0.010
0.992	0.005	0.002	0.001
>NAAAGGGGCGGN	13-NAAAGGGGCGGN	7.192964	-299.448751	0	T:1311.0(2.54%),B:572.0(1.20%),P:1e-130	Tpos:41.0,Tstd:23.9,Bpos:48.0,Bstd:34.4,StrandBias:0.6,Multiplicity:1.02
0.210	0.236	0.282	0.271
0.581	0.141	0.190	0.088
0.591	0.162	0.171	0.076
0.642	0.100	0.170	0.088
0.123	0.073	0.719	0.085
0.130	0.110	0.660	0.100
0.143	0.101	0.674	0.082
0.118	0.131	0.674	0.077
0.172	0.568	0.153	0.107
0.164	0.105	0.599	0.132
0.119	0.103	0.694	0.084
0.236	0.255	0.327	0.182
>CGGTCACGTGAC	14-CGGTCACGTGAC	7.864524	-236.320784	0	T:290.0(0.56%),B:55.0(0.12%),P:1e-102	Tpos:37.2,Tstd:19.7,Bpos:48.7,Bstd:34.3,StrandBias:-0.1,Multiplicity:1.05
0.056	0.707	0.141	0.096
0.044	0.227	0.685	0.044
0.015	0.023	0.959	0.003
0.003	0.082	0.003	0.912
0.002	0.996	0.001	0.001
0.997	0.001	0.001	0.001
0.001	0.936	0.007	0.056
0.033	0.002	0.964	0.001
0.002	0.001	0.001	0.996
0.001	0.001	0.996	0.002
0.974	0.002	0.023	0.001
0.003	0.925	0.069	0.003
>GCGCCTGCGCGT	15-GCGCCTGCGCGT	12.322836	-173.658065	0	T:107.0(0.21%),B:9.0(0.02%),P:1e-75	Tpos:38.3,Tstd:20.1,Bpos:68.0,Bstd:0.0,StrandBias:0.8,Multiplicity:1.00
0.031	0.010	0.958	0.001
0.010	0.979	0.001	0.010
0.001	0.001	0.997	0.001
0.001	0.968	0.030	0.001
0.001	0.863	0.135	0.001
0.010	0.001	0.031	0.958
0.001	0.010	0.988	0.001
0.001	0.988	0.001	0.010
0.060	0.011	0.918	0.011
0.001	0.979	0.010	0.010
0.001	0.135	0.804	0.060
0.179	0.001	0.001	0.819
>TTTAAAAAAAAA	16-TTTAAAAAAAAA	9.863232	-165.016951	0	T:1426.0(2.76%),B:788.6(1.66%),P:1e-71	Tpos:57.4,Tstd:29.1,Bpos:49.0,Bstd:30.0,StrandBias:-1.7,Multiplicity:1.04
0.187	0.196	0.108	0.509
0.135	0.025	0.124	0.716
0.269	0.017	0.176	0.538
0.636	0.014	0.142	0.208
0.833	0.018	0.090	0.059
0.956	0.010	0.019	0.015
0.819	0.027	0.115	0.039
0.724	0.037	0.132	0.107
0.689	0.090	0.116	0.105
0.857	0.021	0.103	0.019
0.892	0.050	0.022	0.036
0.864	0.018	0.087	0.031
>CCGCCTTAATGG	17-CCGCCTTAATGG	8.905591	-131.171950	0	T:214.0(0.41%),B:52.9(0.11%),P:1e-56	Tpos:49.4,Tstd:26.4,Bpos:47.2,Bstd:21.4,StrandBias:-0.6,Multiplicity:1.00
0.034	0.917	0.028	0.021
0.148	0.728	0.055	0.069
0.048	0.076	0.760	0.116
0.028	0.917	0.034	0.021
0.007	0.917	0.021	0.055
0.041	0.021	0.038	0.900
0.069	0.082	0.069	0.780
0.726	0.137	0.082	0.055
0.767	0.082	0.041	0.110
0.106	0.041	0.055	0.798
0.017	0.007	0.928	0.048
0.048	0.048	0.883	0.021
>CCGCTTCCTGTT	18-CCGCTTCCTGTT	10.982948	-118.386142	0	T:84.0(0.16%),B:8.6(0.02%),P:1e-51	Tpos:47.7,Tstd:25.4,Bpos:79.2,Bstd:0.4,StrandBias:-0.8,Multiplicity:1.00
0.034	0.756	0.075	0.135
0.108	0.809	0.051	0.032
0.159	0.070	0.654	0.117
0.043	0.807	0.060	0.090
0.014	0.062	0.038	0.886
0.014	0.024	0.052	0.910
0.010	0.823	0.038	0.129
0.029	0.904	0.024	0.043
0.029	0.048	0.024	0.899
0.051	0.024	0.858	0.067
0.038	0.038	0.055	0.869
0.038	0.040	0.084	0.838
>CGTCGCCATGAC	19-CGTCGCCATGAC	8.463612	-116.062482	0	T:350.0(0.68%),B:128.7(0.27%),P:1e-50	Tpos:55.0,Tstd:27.6,Bpos:52.6,Bstd:30.4,StrandBias:-0.4,Multiplicity:1.00
0.100	0.700	0.100	0.100
0.100	0.100	0.700	0.100
0.100	0.100	0.100	0.700
0.100	0.700	0.100	0.100
0.100	0.100	0.700	0.100
0.100	0.700	0.100	0.100
0.100	0.700	0.100	0.100
0.700	0.100	0.100	0.100
0.100	0.100	0.100	0.700
0.100	0.100	0.700	0.100
0.700	0.100	0.100	0.100
0.100	0.700	0.100	0.100
>GACGAGCCAATC	20-GACGAGCCAATC	9.260965	-103.843550	0	T:182.0(0.35%),B:47.1(0.10%),P:1e-45	Tpos:37.4,Tstd:27.4,Bpos:57.7,Bstd:30.7,StrandBias:-0.2,Multiplicity:1.00
0.048	0.062	0.869	0.021
0.728	0.170	0.088	0.014
0.151	0.617	0.155	0.077
0.118	0.192	0.647	0.043
0.889	0.021	0.069	0.021
0.036	0.029	0.914	0.021
0.007	0.937	0.035	0.021
0.035	0.903	0.048	0.014
0.882	0.035	0.055	0.028
0.867	0.028	0.014	0.091
0.021	0.034	0.069	0.876
0.029	0.888	0.048	0.035
>SCGACGTCACGS	21-SCGACGTCACGS	8.113409	-94.921360	0	T:61.0(0.12%),B:5.3(0.01%),P:1e-41	Tpos:35.5,Tstd:24.6,Bpos:52.1,Bstd:8.0,StrandBias:-0.3,Multiplicity:1.00
0.176	0.253	0.381	0.190
0.126	0.610	0.145	0.119
0.108	0.146	0.640	0.106
0.598	0.163	0.164	0.075
0.131	0.618	0.146	0.105
0.091	0.144	0.647	0.118
0.104	0.158	0.146	0.592
0.077	0.718	0.130	0.075
0.590	0.156	0.147	0.107
0.115	0.628	0.150	0.107
0.124	0.138	0.607	0.131
0.177	0.371	0.263	0.190
>CCAATCAGGCGC	22-CCAATCAGGCGC	10.582940	-78.194664	0	T:58.0(0.11%),B:6.7(0.01%),P:1e-33	Tpos:28.1,Tstd:19.5,Bpos:68.2,Bstd:3.8,StrandBias:2.0,Multiplicity:1.08
0.026	0.859	0.027	0.088
0.063	0.867	0.047	0.023
0.839	0.051	0.049	0.061
0.626	0.119	0.160	0.095
0.100	0.088	0.088	0.724
0.033	0.748	0.197	0.022
0.799	0.077	0.070	0.054
0.063	0.063	0.853	0.021
0.130	0.181	0.640	0.049
0.215	0.491	0.220	0.074
0.183	0.238	0.508	0.071
0.061	0.827	0.086	0.026
>CGGGAGCTGATT	23-CGGGAGCTGATT	10.154441	-55.827733	0	T:40.0(0.08%),B:4.9(0.01%),P:1e-24	Tpos:40.9,Tstd:24.4,Bpos:45.4,Bstd:7.2,StrandBias:1.4,Multiplicity:1.00
0.124	0.639	0.114	0.123
0.102	0.084	0.691	0.123
0.076	0.043	0.808	0.073
0.045	0.084	0.821	0.050
0.788	0.064	0.092	0.056
0.079	0.075	0.782	0.064
0.038	0.836	0.070	0.056
0.098	0.063	0.067	0.772
0.049	0.083	0.821	0.047
0.588	0.156	0.129	0.127
0.072	0.114	0.114	0.700
0.082	0.089	0.073	0.756
>CCGTCTCTATGG	24-CCGTCTCTATGG	10.577656	-45.296175	0	T:45.0(0.09%),B:7.2(0.02%),P:1e-19	Tpos:40.8,Tstd:24.5,Bpos:73.3,Bstd:18.7,StrandBias:-0.7,Multiplicity:1.00
0.061	0.803	0.073	0.063
0.061	0.720	0.123	0.096
0.060	0.084	0.760	0.096
0.061	0.048	0.060	0.831
0.048	0.890	0.025	0.037
0.036	0.073	0.096	0.795
0.013	0.903	0.060	0.024
0.001	0.048	0.061	0.890
0.865	0.037	0.085	0.013
0.060	0.036	0.036	0.868
0.060	0.001	0.915	0.024
0.024	0.144	0.795	0.037
>GTCCCGCCCACT	25-GTCCCGCCCACT	11.890683	-42.059652	0	T:135.0(0.26%),B:52.3(0.11%),P:1e-18	Tpos:35.2,Tstd:20.5,Bpos:62.0,Bstd:19.0,StrandBias:0.3,Multiplicity:1.00
0.013	0.083	0.903	0.001
0.054	0.333	0.106	0.507
0.001	0.997	0.001	0.001
0.013	0.910	0.076	0.001
0.013	0.973	0.013	0.001
0.283	0.001	0.715	0.001
0.001	0.997	0.001	0.001
0.013	0.985	0.001	0.001
0.001	0.985	0.013	0.001
0.717	0.001	0.186	0.096
0.001	0.779	0.207	0.013
0.140	0.040	0.214	0.606
>CGGAAA	1-CGGAAA	5.193353	-1276.088226	0	T:6832.0(13.24%),B:3302.4(6.95%),P:1e-554	Tpos:51.9,Tstd:27.6,Bpos:49.8,Bstd:36.9,StrandBias:0.1,Multiplicity:1.03
0.001	0.997	0.001	0.001
0.001	0.001	0.997	0.001
0.001	0.235	0.763	0.001
0.997	0.001	0.001	0.001
0.855	0.001	0.001	0.143
0.791	0.068	0.140	0.001
>CCGGAA	2-CCGGAA	6.955669	-1205.936503	0	T:4732.0(9.17%),B:1994.2(4.20%),P:1e-523	Tpos:46.0,Tstd:24.4,Bpos:50.2,Bstd:38.2,StrandBias:0.2,Multiplicity:1.26
0.001	0.738	0.260	0.001
0.001	0.997	0.001	0.001
0.001	0.001	0.997	0.001
0.001	0.001	0.997	0.001
0.997	0.001	0.001	0.001
0.997	0.001	0.001	0.001
>TCCTCC	3-TCCTCC	3.940459	-888.838972	0	T:26256.0(50.88%),B:19815.7(41.69%),P:1e-386	Tpos:50.8,Tstd:25.3,Bpos:49.9,Bstd:31.5,StrandBias:-1.1,Multiplicity:1.56
0.001	0.001	0.001	0.997
0.001	0.925	0.073	0.001
0.091	0.907	0.001	0.001
0.001	0.233	0.001	0.765
0.001	0.997	0.001	0.001
0.001	0.819	0.001	0.179
>TCGTCG	4-TCGTCG	3.096795	-695.877586	0	T:21788.0(42.22%),B:16318.0(34.33%),P:1e-302	Tpos:51.9,Tstd:28.0,Bpos:50.0,Bstd:36.5,StrandBias:-0.2,Multiplicity:1.36
0.085	0.100	0.096	0.719
0.113	0.635	0.089	0.163
0.146	0.065	0.568	0.221
0.168	0.093	0.152	0.587
0.111	0.780	0.001	0.108
0.177	0.018	0.710	0.095
>SCGKTT	5-SCGKTT	3.342290	-656.826536	0	T:27903.0(54.07%),B:21928.2(46.13%),P:1e-285	Tpos:50.0,Tstd:27.4,Bpos:50.0,Bstd:32.7,StrandBias:-0.2,Multiplicity:1.26
0.151	0.440	0.326	0.082
0.001	0.809	0.095	0.095
0.001	0.343	0.520	0.136
0.001	0.134	0.478	0.388
0.080	0.049	0.001	0.870
0.320	0.110	0.001	0.569
>ATGACG	6-ATGACG	5.086070	-552.739281	0	T:8003.0(15.51%),B:5102.6(10.73%),P:1e-240	Tpos:51.0,Tstd:28.0,Bpos:49.8,Bstd:32.2,StrandBias:0.6,Multiplicity:1.20
0.651	0.066	0.257	0.026
0.001	0.028	0.001	0.970
0.001	0.001	0.997	0.001
0.811	0.027	0.146	0.016
0.047	0.798	0.001	0.154
0.001	0.042	0.956	0.001
>GCCGTT	7-GCCGTT	3.628743	-530.727359	0	T:21653.0(41.96%),B:16664.1(35.06%),P:1e-230	Tpos:52.0,Tstd:27.8,Bpos:49.6,Bstd:33.8,StrandBias:0.0,Multiplicity:1.38
0.076	0.113	0.719	0.092
0.033	0.757	0.123	0.087
0.124	0.581	0.113	0.182
0.107	0.069	0.756	0.068
0.240	0.192	0.107	0.461
0.179	0.091	0.004	0.726
>ATCTTC	8-ATCTTC	4.451178	-457.319107	0	T:16895.0(32.74%),B:12715.5(26.75%),P:1e-198	Tpos:51.9,Tstd:27.4,Bpos:50.2,Bstd:32.1,StrandBias:-0.8,Multiplicity:1.12
0.846	0.152	0.001	0.001
0.001	0.166	0.001	0.832
0.001	0.997	0.001	0.001
0.118	0.001	0.044	0.837
0.001	0.001	0.001	0.997
0.001	0.997	0.001	0.001
>WCBGMH	9-WCBGMH	3.540699	-430.860115	0	T:21643.0(41.94%),B:16975.2(35.71%),P:1e-187	Tpos:50.5,Tstd:28.5,Bpos:50.0,Bstd:31.1,StrandBias:-0.4,Multiplicity:1.19
0.488	0.002	0.001	0.509
0.276	0.570	0.001	0.153
0.001	0.373	0.262	0.365
0.347	0.001	0.651	0.001
0.455	0.326	0.061	0.158
0.274	0.301	0.001	0.424
>GGGGWA	10-GGGGWA	0.845389	-399.393147	0	T:22048.0(42.73%),B:17446.7(36.70%),P:1e-173	Tpos:51.3,Tstd:27.4,Bpos:49.9,Bstd:32.6,StrandBias:0.5,Multiplicity:1.15
0.001	0.176	0.822	0.001
0.001	0.001	0.664	0.334
0.001	0.016	0.982	0.001
0.002	0.001	0.996	0.001
0.532	0.001	0.001	0.466
0.997	0.001	0.001	0.001
>AGGGGG	11-AGGGGG	6.087843	-384.627730	0	T:11073.0(21.46%),B:7970.0(16.77%),P:1e-167	Tpos:47.7,Tstd:25.5,Bpos:50.3,Bstd:30.4,StrandBias:0.8,Multiplicity:1.09
0.997	0.001	0.001	0.001
0.001	0.001	0.997	0.001
0.215	0.001	0.783	0.001
0.001	0.001	0.997	0.001
0.001	0.001	0.997	0.001
0.001	0.001	0.859	0.139
>GCARCT	12-GCARCT	5.412041	-319.628876	0	T:9113.0(17.66%),B:6519.9(13.72%),P:1e-138	Tpos:52.3,Tstd:28.3,Bpos:49.7,Bstd:30.9,StrandBias:-0.3,Multiplicity:1.07
0.035	0.269	0.695	0.001
0.001	0.924	0.074	0.001
0.722	0.001	0.276	0.001
0.496	0.001	0.426	0.077
0.088	0.758	0.062	0.092
0.006	0.001	0.172	0.821
>ATTGGC	13-ATTGGC	2.668648	-299.036740	0	T:9830.0(19.05%),B:7175.8(15.10%),P:1e-129	Tpos:48.5,Tstd:28.4,Bpos:50.3,Bstd:29.8,StrandBias:-0.0,Multiplicity:1.08
0.997	0.001	0.001	0.001
0.001	0.175	0.001	0.823
0.001	0.001	0.001	0.997
0.001	0.145	0.853	0.001
0.001	0.001	0.997	0.001
0.001	0.858	0.001	0.140
>CCCCAA	14-CCCCAA	6.008856	-234.097501	0	T:11723.0(22.72%),B:8998.4(18.93%),P:1e-101	Tpos:50.4,Tstd:27.3,Bpos:50.0,Bstd:29.4,StrandBias:-0.8,Multiplicity:1.09
0.001	0.997	0.001	0.001
0.225	0.617	0.001	0.157
0.163	0.835	0.001	0.001
0.001	0.997	0.001	0.001
0.997	0.001	0.001	0.001
0.997	0.001	0.001	0.001
>TATGGC	15-TATGGC	5.467386	-230.255371	0	T:12686.0(24.58%),B:9843.4(20.71%),P:1e-99	Tpos:50.9,Tstd:28.0,Bpos:50.7,Bstd:28.9,StrandBias:0.1,Multiplicity:1.11
0.001	0.001	0.161	0.837
0.550	0.150	0.100	0.200
0.001	0.001	0.183	0.815
0.069	0.001	0.894	0.036
0.001	0.001	0.997	0.001
0.001	0.951	0.047	0.001
>ACCGCC	16-ACCGCC	6.228791	-223.218334	0	T:8078.0(15.65%),B:5943.9(12.50%),P:1e-96	Tpos:50.6,Tstd:27.8,Bpos:49.8,Bstd:31.6,StrandBias:-0.7,Multiplicity:1.08
0.801	0.197	0.001	0.001
0.001	0.997	0.001	0.001
0.182	0.570	0.001	0.247
0.141	0.001	0.857	0.001
0.001	0.997	0.001	0.001
0.001	0.997	0.001	0.001
>TGCGCA	17-TGCGCA	6.177716	-193.202405	0	T:1049.0(2.03%),B:498.6(1.05%),P:1e-83	Tpos:41.9,Tstd:24.4,Bpos:51.8,Bstd:35.3,StrandBias:0.0,Multiplicity:1.06
0.100	0.100	0.100	0.700
0.100	0.100	0.700	0.100
0.100	0.700	0.100	0.100
0.100	0.100	0.700	0.100
0.100	0.700	0.100	0.100
0.700	0.100	0.100	0.100
>CTCTCG	18-CTCTCG	6.677967	-180.687757	0	T:8110.0(15.72%),B:6114.6(12.86%),P:1e-78	Tpos:52.1,Tstd:27.4,Bpos:49.9,Bstd:32.4,StrandBias:-0.7,Multiplicity:1.07
0.001	0.689	0.001	0.309
0.001	0.001	0.001	0.997
0.001	0.997	0.001	0.001
0.001	0.001	0.001	0.997
0.001	0.997	0.001	0.001
0.001	0.285	0.713	0.001
>CGTAAC	19-CGTAAC	2.327120	-176.141624	0	T:4357.0(8.44%),B:3021.0(6.36%),P:1e-76	Tpos:55.0,Tstd:28.6,Bpos:49.6,Bstd:30.5,StrandBias:0.3,Multiplicity:1.04
0.001	0.946	0.052	0.001
0.001	0.001	0.997	0.001
0.001	0.001	0.001	0.997
0.997	0.001	0.001	0.001
0.952	0.046	0.001	0.001
0.001	0.947	0.051	0.001
>ATGCYG	20-ATGCYG	4.976569	-152.182597	0	T:6788.0(13.15%),B:5102.1(10.73%),P:1e-66	Tpos:50.6,Tstd:29.2,Bpos:49.3,Bstd:29.6,StrandBias:0.1,Multiplicity:1.04
0.922	0.001	0.001	0.076
0.001	0.001	0.001	0.997
0.113	0.001	0.885	0.001
0.001	0.997	0.001	0.001
0.001	0.531	0.001	0.467
0.001	0.001	0.997	0.001
>TCRCGW	21-TCRCGW	5.491354	-150.923405	0	T:1987.0(3.85%),B:1221.1(2.57%),P:1e-65	Tpos:43.1,Tstd:27.1,Bpos:48.9,Bstd:38.0,StrandBias:-0.1,Multiplicity:1.05
0.001	0.001	0.001	0.997
0.171	0.827	0.001	0.001
0.436	0.001	0.562	0.001
0.001	0.614	0.384	0.001
0.384	0.001	0.614	0.001
0.391	0.171	0.001	0.437
>GTTGCT	22-GTTGCT	6.372184	-122.855128	0	T:4627.0(8.97%),B:3399.6(7.15%),P:1e-53	Tpos:52.2,Tstd:28.9,Bpos:49.8,Bstd:31.1,StrandBias:0.4,Multiplicity:1.03
0.001	0.001	0.997	0.001
0.001	0.001	0.001	0.997
0.001	0.001	0.001	0.997
0.001	0.001	0.997	0.001
0.190	0.808	0.001	0.001
0.001	0.001	0.179	0.819
>CGTACG	23-CGTACG	1.219463	-117.041528	0	T:3642.0(7.06%),B:2607.8(5.49%),P:1e-50	Tpos:52.1,Tstd:28.8,Bpos:50.5,Bstd:37.9,StrandBias:0.3,Multiplicity:1.04
0.001	0.875	0.001	0.123
0.001	0.001	0.997	0.001
0.045	0.001	0.001	0.953
0.876	0.001	0.001	0.122
0.001	0.996	0.002	0.001
0.001	0.001	0.997	0.001
>GCGCAT	24-GCGCAT	6.177716	-84.354246	0	T:1017.0(1.97%),B:613.7(1.29%),P:1e-36	Tpos:41.9,Tstd:25.3,Bpos:49.9,Bstd:36.4,StrandBias:0.1,Multiplicity:1.15
0.100	0.100	0.700	0.100
0.100	0.700	0.100	0.100
0.100	0.100	0.700	0.100
0.100	0.700	0.100	0.100
0.700	0.100	0.100	0.100
0.100	0.100	0.100	0.700
>CATCGA	25-CATCGA	6.532408	-75.565500	0	T:1311.0(2.54%),B:853.3(1.80%),P:1e-32	Tpos:51.6,Tstd:28.8,Bpos:52.4,Bstd:35.4,StrandBias:0.5,Multiplicity:1.00
0.001	0.921	0.001	0.077
0.717	0.001	0.001	0.281
0.001	0.001	0.001	0.997
0.001	0.997	0.001	0.001
0.154	0.191	0.654	0.001
0.997	0.001	0.001	0.001
>CCGGAAAV	1-CCGGAAAV	5.418404	-1295.773228	0	T:5674.0(11.00%),B:2520.9(5.30%),P:1e-562	Tpos:46.9,Tstd:24.4,Bpos:50.4,Bstd:37.1,StrandBias:0.2,Multiplicity:1.26
0.091	0.580	0.328	0.001
0.001	0.997	0.001	0.001
0.001	0.029	0.969	0.001
0.001	0.107	0.891	0.001
0.924	0.001	0.001	0.074
0.923	0.033	0.001	0.043
0.599	0.116	0.202	0.083
0.255	0.326	0.282	0.137
>CCCCCCCC	2-CCCCCCCC	4.604903	-1212.263489	0	T:22883.0(44.35%),B:16112.6(33.90%),P:1e-526	Tpos:46.3,Tstd:23.4,Bpos:49.9,Bstd:31.0,StrandBias:-1.2,Multiplicity:1.47
0.144	0.549	0.010	0.297
0.178	0.567	0.034	0.221
0.104	0.565	0.059	0.272
0.088	0.825	0.031	0.056
0.063	0.861	0.026	0.050
0.040	0.706	0.008	0.246
0.042	0.775	0.001	0.182
0.090	0.604	0.001	0.305
>CGGAADTR	3-CGGAADTR	6.763232	-1128.574706	0	T:2288.0(4.43%),B:654.3(1.38%),P:1e-490	Tpos:52.6,Tstd:27.8,Bpos:53.9,Bstd:37.5,StrandBias:0.5,Multiplicity:1.00
0.001	0.997	0.001	0.001
0.001	0.001	0.997	0.001
0.079	0.001	0.919	0.001
0.784	0.176	0.001	0.039
0.620	0.001	0.259	0.120
0.241	0.167	0.245	0.347
0.086	0.069	0.001	0.844
0.367	0.174	0.249	0.211
>CGTCRNCA	4-CGTCRNCA	3.620286	-765.084383	0	T:15559.0(30.15%),B:10796.3(22.71%),P:1e-332	Tpos:52.5,Tstd:27.4,Bpos:50.3,Bstd:34.0,StrandBias:-0.5,Multiplicity:1.25
0.055	0.742	0.102	0.101
0.226	0.030	0.544	0.200
0.162	0.210	0.188	0.440
0.076	0.769	0.104	0.051
0.424	0.067	0.326	0.183
0.211	0.227	0.216	0.346
0.126	0.444	0.233	0.197
0.487	0.101	0.165	0.247
>CTCCTCCD	5-CTCCTCCD	4.645089	-701.668704	0	T:18178.0(35.23%),B:13162.9(27.69%),P:1e-304	Tpos:53.0,Tstd:26.4,Bpos:49.5,Bstd:31.1,StrandBias:-1.0,Multiplicity:1.14
0.105	0.742	0.002	0.151
0.172	0.144	0.049	0.635
0.058	0.556	0.238	0.148
0.159	0.510	0.155	0.176
0.104	0.047	0.076	0.773
0.091	0.723	0.067	0.119
0.050	0.688	0.109	0.153
0.395	0.032	0.261	0.312
>TTGGCGGT	6-TTGGCGGT	4.466866	-621.049442	0	T:13405.0(25.98%),B:9323.6(19.61%),P:1e-269	Tpos:49.8,Tstd:27.5,Bpos:50.1,Bstd:31.1,StrandBias:0.4,Multiplicity:1.09
0.097	0.027	0.046	0.830
0.098	0.090	0.133	0.679
0.026	0.089	0.839	0.046
0.053	0.084	0.741	0.122
0.057	0.821	0.044	0.078
0.086	0.107	0.725	0.082
0.094	0.102	0.687	0.117
0.082	0.120	0.120	0.678
>CCGCTANA	7-CCGCTANA	3.275747	-572.061836	0	T:18952.0(36.73%),B:14169.8(29.81%),P:1e-248	Tpos:51.6,Tstd:26.9,Bpos:49.8,Bstd:33.8,StrandBias:-0.3,Multiplicity:1.28
0.024	0.586	0.188	0.202
0.090	0.472	0.246	0.193
0.048	0.054	0.849	0.049
0.208	0.524	0.133	0.135
0.176	0.213	0.200	0.410
0.450	0.085	0.277	0.188
0.315	0.182	0.258	0.245
0.477	0.165	0.119	0.239
>GWCGAWGA	8-GWCGAWGA	5.180365	-552.869664	0	T:7550.0(14.63%),B:4750.0(9.99%),P:1e-240	Tpos:53.7,Tstd:27.6,Bpos:49.7,Bstd:33.8,StrandBias:1.1,Multiplicity:1.05
0.084	0.093	0.669	0.154
0.402	0.112	0.121	0.365
0.222	0.421	0.121	0.236
0.036	0.050	0.905	0.009
0.663	0.146	0.086	0.105
0.426	0.055	0.069	0.450
0.079	0.117	0.774	0.030
0.801	0.111	0.062	0.026
>GCCGTTTA	9-GCCGTTTA	4.325284	-364.249086	0	T:11306.0(21.91%),B:8222.1(17.30%),P:1e-158	Tpos:49.8,Tstd:27.6,Bpos:49.4,Bstd:30.7,StrandBias:0.1,Multiplicity:1.09
0.059	0.104	0.790	0.047
0.037	0.833	0.081	0.049
0.092	0.729	0.107	0.072
0.094	0.131	0.712	0.063
0.051	0.048	0.149	0.752
0.102	0.093	0.052	0.753
0.067	0.076	0.114	0.743
0.689	0.128	0.120	0.063
>CGATTGGC	10-CGATTGGC	5.030129	-359.113772	0	T:4095.0(7.94%),B:2447.2(5.15%),P:1e-155	Tpos:44.3,Tstd:27.8,Bpos:50.4,Bstd:31.0,StrandBias:0.1,Multiplicity:1.04
0.030	0.760	0.086	0.124
0.099	0.113	0.730	0.058
0.808	0.033	0.080	0.079
0.057	0.148	0.071	0.724
0.080	0.110	0.019	0.791
0.064	0.034	0.789	0.113
0.072	0.102	0.772	0.054
0.105	0.629	0.082	0.184
>ACTGATCG	11-ACTGATCG	4.890845	-300.982292	0	T:5075.0(9.83%),B:3303.9(6.95%),P:1e-130	Tpos:52.1,Tstd:26.9,Bpos:50.4,Bstd:32.0,StrandBias:-0.2,Multiplicity:1.03
0.639	0.097	0.008	0.256
0.166	0.669	0.043	0.122
0.034	0.194	0.060	0.712
0.025	0.165	0.809	0.001
0.535	0.102	0.281	0.082
0.009	0.116	0.034	0.841
0.089	0.806	0.046	0.059
0.010	0.210	0.779	0.001
>TCMTTCAG	12-TCMTTCAG	6.382015	-291.249209	0	T:7497.0(14.53%),B:5266.3(11.08%),P:1e-126	Tpos:49.7,Tstd:27.6,Bpos:50.1,Bstd:29.3,StrandBias:0.2,Multiplicity:1.07
0.173	0.001	0.001	0.825
0.260	0.428	0.195	0.117
0.414	0.362	0.001	0.222
0.001	0.001	0.215	0.783
0.001	0.036	0.370	0.593
0.001	0.997	0.001	0.001
0.912	0.001	0.001	0.086
0.001	0.001	0.997	0.001
>GCGCACGC	13-GCGCACGC	4.854714	-277.958828	0	T:1616.0(3.13%),B:787.6(1.66%),P:1e-120	Tpos:38.9,Tstd:22.0,Bpos:50.5,Bstd:38.1,StrandBias:0.0,Multiplicity:1.13
0.001	0.001	0.997	0.001
0.001	0.997	0.001	0.001
0.001	0.001	0.997	0.001
0.001	0.997	0.001	0.001
0.997	0.001	0.001	0.001
0.291	0.699	0.002	0.008
0.001	0.001	0.997	0.001
0.001	0.997	0.001	0.001
>RYGACGCA	14-RYGACGCA	6.891566	-240.769354	0	T:1504.0(2.91%),B:751.6(1.58%),P:1e-104	Tpos:42.9,Tstd:27.7,Bpos:51.3,Bstd:33.8,StrandBias:-0.2,Multiplicity:1.02
0.377	0.159	0.463	0.001
0.001	0.458	0.001	0.540
0.132	0.001	0.845	0.022
0.808	0.001	0.001	0.190
0.045	0.953	0.001	0.001
0.001	0.001	0.727	0.271
0.001	0.997	0.001	0.001
0.665	0.035	0.129	0.171
>MCTTACCH	15-MCTTACCH	5.971214	-239.745160	0	T:3471.0(6.73%),B:2183.9(4.59%),P:1e-104	Tpos:56.3,Tstd:28.1,Bpos:50.0,Bstd:31.3,StrandBias:-0.8,Multiplicity:1.03
0.555	0.443	0.001	0.001
0.001	0.819	0.179	0.001
0.001	0.001	0.245	0.753
0.001	0.131	0.001	0.867
0.997	0.001	0.001	0.001
0.001	0.997	0.001	0.001
0.001	0.610	0.388	0.001
0.220	0.343	0.192	0.245
>ACTACCCC	16-ACTACCCC	5.129451	-228.734285	0	T:3846.0(7.45%),B:2494.2(5.25%),P:1e-99	Tpos:51.6,Tstd:26.2,Bpos:50.1,Bstd:29.4,StrandBias:-0.6,Multiplicity:1.02
0.788	0.067	0.052	0.093
0.088	0.761	0.085	0.066
0.104	0.050	0.083	0.763
0.835	0.032	0.052	0.081
0.051	0.783	0.057	0.109
0.103	0.641	0.186	0.070
0.117	0.714	0.099	0.070
0.037	0.715	0.168	0.080
>GTTGCTGY	17-GTTGCTGY	6.653731	-227.762404	0	T:4143.0(8.03%),B:2728.7(5.74%),P:1e-98	Tpos:51.2,Tstd:28.3,Bpos:50.3,Bstd:28.9,StrandBias:0.2,Multiplicity:1.04
0.170	0.004	0.825	0.001
0.001	0.314	0.001	0.684
0.374	0.003	0.001	0.622
0.001	0.001	0.997	0.001
0.205	0.690	0.104	0.001
0.068	0.001	0.001	0.930
0.061	0.001	0.937	0.001
0.001	0.454	0.001	0.544
>GTCACGTG	18-GTCACGTG	9.044369	-218.698286	0	T:422.0(0.82%),B:116.3(0.24%),P:1e-94	Tpos:36.5,Tstd:22.4,Bpos:48.2,Bstd:33.5,StrandBias:0.0,Multiplicity:1.05
0.132	0.001	0.866	0.001
0.001	0.001	0.001	0.997
0.001	0.997	0.001	0.001
0.997	0.001	0.001	0.001
0.001	0.997	0.001	0.001
0.001	0.001	0.997	0.001
0.001	0.001	0.001	0.997
0.001	0.001	0.997	0.001
>CACCAACT	19-CACCAACT	6.541562	-215.970449	0	T:3372.0(6.53%),B:2153.5(4.53%),P:1e-93	Tpos:51.2,Tstd:28.0,Bpos:48.4,Bstd:29.1,StrandBias:-0.8,Multiplicity:1.02
0.030	0.868	0.055	0.047
0.919	0.044	0.001	0.036
0.045	0.844	0.097	0.014
0.060	0.897	0.042	0.001
0.964	0.001	0.034	0.001
0.867	0.131	0.001	0.001
0.001	0.965	0.033	0.001
0.055	0.189	0.008	0.748
>CGGATTTG	20-CGGATTTG	5.841124	-199.249024	0	T:3230.0(6.26%),B:2077.8(4.37%),P:1e-86	Tpos:51.3,Tstd:27.9,Bpos:50.8,Bstd:34.6,StrandBias:-0.0,Multiplicity:1.03
0.001	0.997	0.001	0.001
0.001	0.001	0.894	0.104
0.135	0.001	0.863	0.001
0.634	0.195	0.051	0.120
0.001	0.152	0.001	0.846
0.001	0.288	0.188	0.523
0.001	0.087	0.065	0.847
0.117	0.199	0.511	0.173
>TGACGTCA	21-TGACGTCA	10.177724	-182.866348	0	T:307.0(0.59%),B:76.1(0.16%),P:1e-79	Tpos:26.3,Tstd:23.5,Bpos:47.3,Bstd:39.8,StrandBias:0.2,Multiplicity:1.00
0.001	0.001	0.001	0.997
0.001	0.001	0.997	0.001
0.588	0.001	0.001	0.410
0.001	0.997	0.001	0.001
0.001	0.001	0.997	0.001
0.001	0.001	0.001	0.997
0.001	0.997	0.001	0.001
0.997	0.001	0.001	0.001
>GGGGCGTA	22-GGGGCGTA	8.670776	-147.641845	0	T:1185.0(2.30%),B:641.8(1.35%),P:1e-64	Tpos:36.0,Tstd:24.4,Bpos:49.8,Bstd:41.8,StrandBias:0.5,Multiplicity:1.02
0.001	0.160	0.838	0.001
0.001	0.001	0.997	0.001
0.001	0.001	0.997	0.001
0.001	0.001	0.997	0.001
0.001	0.997	0.001	0.001
0.001	0.001	0.997	0.001
0.001	0.001	0.228	0.770
0.733	0.001	0.265	0.001
>TAAAAAAA	23-TAAAAAAA	7.869502	-125.652152	0	T:4327.0(8.39%),B:3142.0(6.61%),P:1e-54	Tpos:53.0,Tstd:29.8,Bpos:50.3,Bstd:32.4,StrandBias:-1.2,Multiplicity:1.10
0.001	0.001	0.095	0.903
0.713	0.001	0.001	0.285
0.997	0.001	0.001	0.001
0.997	0.001	0.001	0.001
0.997	0.001	0.001	0.001
0.925	0.073	0.001	0.001
0.890	0.001	0.108	0.001
0.963	0.035	0.001	0.001
>AGTTCGTC	24-AGTTCGTC	7.466645	-110.234509	0	T:694.0(1.34%),B:349.0(0.73%),P:1e-47	Tpos:50.8,Tstd:28.2,Bpos:49.6,Bstd:33.2,StrandBias:-0.4,Multiplicity:1.00
0.976	0.001	0.011	0.012
0.015	0.078	0.906	0.001
0.090	0.001	0.001	0.908
0.016	0.022	0.072	0.890
0.023	0.881	0.025	0.071
0.145	0.022	0.799	0.034
0.091	0.062	0.167	0.680
0.012	0.968	0.019	0.001
>AATGCCCC	25-AATGCCCC	5.825870	-109.905581	0	T:2250.0(4.36%),B:1508.9(3.17%),P:1e-47	Tpos:50.7,Tstd:25.0,Bpos:49.4,Bstd:29.3,StrandBias:-0.7,Multiplicity:1.01
0.924	0.074	0.001	0.001
0.904	0.001	0.038	0.057
0.027	0.044	0.001	0.928
0.021	0.001	0.945	0.033
0.071	0.877	0.023	0.029
0.109	0.882	0.008	0.001
0.001	0.902	0.079	0.018
0.001	0.834	0.125	0.040
