>GSBACTTCCG	1-GSBACTTCCG	6.128361	-1417.182288	0	T:3033.0(5.88%),B:906.6(1.90%),P:1e-615	Tpos:44.9,Tstd:22.7,Bpos:50.5,Bstd:36.3,StrandBias:-0.3,Multiplicity:1.19
0.205	0.196	0.394	0.205
0.001	0.444	0.329	0.226
0.163	0.218	0.320	0.298
0.574	0.001	0.288	0.137
0.001	0.894	0.001	0.104
0.001	0.001	0.001	0.997
0.001	0.001	0.001	0.997
0.001	0.997	0.001	0.001
0.001	0.997	0.001	0.001
0.001	0.001	0.997	0.001
>DGGGGGGGGR	2-DGGGGGGGGR	5.300851	-1153.226454	0	T:13833.0(26.81%),B:8685.0(18.23%),P:1e-500	Tpos:43.7,Tstd:22.5,Bpos:49.9,Bstd:30.4,StrandBias:1.2,Multiplicity:1.32
0.323	0.068	0.355	0.254
0.288	0.004	0.450	0.258
0.123	0.002	0.694	0.181
0.221	0.004	0.723	0.052
0.128	0.136	0.685	0.051
0.065	0.117	0.736	0.082
0.192	0.086	0.620	0.102
0.231	0.028	0.614	0.127
0.283	0.029	0.610	0.078
0.338	0.161	0.319	0.183
>CGGCGGAAAA	3-CGGCGGAAAA	4.098633	-934.438520	0	T:21441.0(41.55%),B:15471.0(32.48%),P:1e-405	Tpos:51.9,Tstd:26.1,Bpos:49.7,Bstd:33.1,StrandBias:0.3,Multiplicity:1.19
0.155	0.536	0.154	0.155
0.142	0.122	0.605	0.131
0.139	0.140	0.626	0.095
0.139	0.562	0.157	0.142
0.150	0.107	0.607	0.136
0.170	0.167	0.585	0.078
0.603	0.132	0.156	0.109
0.622	0.131	0.157	0.090
0.646	0.147	0.155	0.052
0.592	0.141	0.127	0.140
>GGGGCGKTRC	4-GGGGCGKTRC	8.535632	-894.956280	0	T:2667.0(5.17%),B:972.8(2.04%),P:1e-388	Tpos:34.4,Tstd:22.3,Bpos:52.3,Bstd:34.8,StrandBias:0.7,Multiplicity:1.03
0.006	0.061	0.743	0.190
0.111	0.001	0.834	0.054
0.001	0.001	0.997	0.001
0.005	0.001	0.993	0.001
0.001	0.873	0.001	0.125
0.001	0.001	0.997	0.001
0.001	0.001	0.564	0.434
0.184	0.052	0.294	0.470
0.465	0.183	0.352	0.001
0.067	0.792	0.081	0.060
>CCGCCATATT	5-CCGCCATATT	7.295801	-870.196176	0	T:549.0(1.06%),B:42.3(0.09%),P:1e-377	Tpos:71.1,Tstd:17.2,Bpos:49.4,Bstd:34.3,StrandBias:-1.8,Multiplicity:1.01
0.086	0.635	0.145	0.134
0.106	0.651	0.132	0.111
0.122	0.120	0.671	0.087
0.097	0.624	0.142	0.137
0.142	0.626	0.116	0.116
0.578	0.144	0.161	0.117
0.163	0.186	0.151	0.500
0.534	0.166	0.129	0.171
0.137	0.131	0.151	0.581
0.121	0.151	0.129	0.599
>GAWGAWGAWG	6-GAWGAWGAWG	4.698751	-828.367273	0	T:12583.0(24.38%),B:8242.9(17.30%),P:1e-359	Tpos:53.6,Tstd:26.3,Bpos:50.1,Bstd:30.4,StrandBias:1.3,Multiplicity:1.17
0.141	0.168	0.641	0.050
0.409	0.218	0.215	0.158
0.412	0.045	0.160	0.384
0.122	0.109	0.735	0.034
0.429	0.229	0.166	0.176
0.323	0.058	0.193	0.426
0.044	0.041	0.819	0.096
0.447	0.194	0.169	0.190
0.304	0.142	0.164	0.391
0.150	0.277	0.477	0.097
>CGCATGCGCA	7-CGCATGCGCA	8.833450	-712.277503	0	T:1120.0(2.17%),B:263.0(0.55%),P:1e-309	Tpos:38.2,Tstd:19.6,Bpos:49.1,Bstd:36.6,StrandBias:0.0,Multiplicity:1.09
0.025	0.968	0.001	0.006
0.019	0.001	0.971	0.009
0.001	0.997	0.001	0.001
0.776	0.119	0.065	0.040
0.073	0.050	0.144	0.733
0.001	0.005	0.993	0.001
0.001	0.974	0.001	0.024
0.001	0.001	0.990	0.008
0.001	0.974	0.008	0.017
0.754	0.077	0.102	0.067
>GGGGTAAGTT	8-GGGGTAAGTT	4.885526	-585.720888	0	T:9194.0(17.82%),B:5990.6(12.58%),P:1e-254	Tpos:54.0,Tstd:25.5,Bpos:50.1,Bstd:28.6,StrandBias:1.0,Multiplicity:1.05
0.108	0.081	0.717	0.094
0.118	0.048	0.744	0.090
0.094	0.054	0.762	0.090
0.098	0.100	0.696	0.106
0.129	0.129	0.100	0.642
0.609	0.128	0.162	0.101
0.702	0.056	0.126	0.116
0.080	0.092	0.733	0.095
0.093	0.090	0.097	0.720
0.110	0.095	0.122	0.673
>AATGGCGGCG	9-AATGGCGGCG	5.488883	-578.218374	0	T:6781.0(13.14%),B:4125.0(8.66%),P:1e-251	Tpos:55.0,Tstd:27.3,Bpos:49.2,Bstd:33.0,StrandBias:0.5,Multiplicity:1.11
0.506	0.165	0.188	0.141
0.572	0.095	0.119	0.214
0.047	0.115	0.016	0.822
0.060	0.085	0.849	0.006
0.077	0.016	0.888	0.019
0.076	0.733	0.097	0.094
0.212	0.034	0.533	0.221
0.119	0.161	0.606	0.114
0.149	0.687	0.056	0.108
0.137	0.146	0.595	0.122
>TTAAAGGGGG	10-TTAAAGGGGG	5.373559	-489.662641	0	T:5773.0(11.19%),B:3503.4(7.35%),P:1e-212	Tpos:49.8,Tstd:23.5,Bpos:51.5,Bstd:29.4,StrandBias:1.0,Multiplicity:1.06
0.088	0.216	0.168	0.528
0.080	0.091	0.069	0.760
0.593	0.052	0.078	0.277
0.713	0.078	0.066	0.143
0.680	0.087	0.183	0.050
0.183	0.013	0.763	0.041
0.095	0.068	0.743	0.094
0.094	0.043	0.757	0.106
0.059	0.035	0.853	0.053
0.169	0.267	0.479	0.085
>GGAGGAGTTG	11-GGAGGAGTTG	6.541311	-456.641848	0	T:6288.0(12.19%),B:3954.1(8.30%),P:1e-198	Tpos:52.5,Tstd:26.0,Bpos:50.9,Bstd:29.2,StrandBias:1.2,Multiplicity:1.05
0.137	0.005	0.857	0.001
0.013	0.060	0.926	0.001
0.773	0.052	0.040	0.135
0.320	0.002	0.657	0.021
0.004	0.107	0.839	0.050
0.549	0.031	0.114	0.306
0.127	0.028	0.770	0.075
0.029	0.145	0.160	0.666
0.056	0.116	0.223	0.605
0.077	0.090	0.674	0.159
>TCCTGTAGGA	12-TCCTGTAGGA	5.114395	-367.822376	0	T:7758.0(15.03%),B:5300.2(11.13%),P:1e-159	Tpos:50.1,Tstd:26.8,Bpos:49.5,Bstd:28.9,StrandBias:0.1,Multiplicity:1.05
0.126	0.107	0.130	0.637
0.107	0.652	0.127	0.114
0.090	0.752	0.046	0.112
0.125	0.045	0.058	0.772
0.037	0.091	0.788	0.084
0.125	0.049	0.119	0.707
0.662	0.087	0.114	0.137
0.111	0.073	0.715	0.101
0.121	0.133	0.654	0.092
0.661	0.126	0.100	0.113
>GGTGACGTCA	13-GGTGACGTCA	7.381191	-333.231785	0	T:1106.0(2.14%),B:424.8(0.89%),P:1e-144	Tpos:41.4,Tstd:24.9,Bpos:48.5,Bstd:30.1,StrandBias:0.2,Multiplicity:1.01
0.174	0.054	0.665	0.107
0.250	0.212	0.537	0.001
0.012	0.111	0.001	0.876
0.107	0.070	0.822	0.001
0.871	0.001	0.127	0.001
0.070	0.524	0.147	0.259
0.051	0.001	0.890	0.058
0.063	0.182	0.041	0.714
0.191	0.747	0.001	0.061
0.789	0.073	0.083	0.055
>ACAACTGCCG	14-ACAACTGCCG	5.676337	-322.535316	0	T:4436.0(8.60%),B:2773.6(5.82%),P:1e-140	Tpos:52.2,Tstd:26.6,Bpos:49.9,Bstd:31.4,StrandBias:-0.5,Multiplicity:1.03
0.581	0.119	0.167	0.133
0.146	0.692	0.095	0.067
0.723	0.097	0.093	0.087
0.628	0.088	0.183	0.101
0.094	0.740	0.098	0.068
0.131	0.121	0.049	0.699
0.048	0.101	0.800	0.051
0.087	0.774	0.084	0.055
0.136	0.644	0.080	0.140
0.135	0.148	0.641	0.076
>TTGGCGGTAG	15-TTGGCGGTAG	6.152579	-272.346522	0	T:3555.0(6.89%),B:2192.7(4.60%),P:1e-118	Tpos:52.1,Tstd:26.4,Bpos:49.6,Bstd:28.2,StrandBias:1.0,Multiplicity:1.02
0.039	0.088	0.101	0.772
0.038	0.017	0.067	0.878
0.031	0.021	0.892	0.056
0.022	0.055	0.890	0.033
0.154	0.567	0.156	0.123
0.069	0.028	0.764	0.139
0.019	0.098	0.841	0.042
0.054	0.055	0.153	0.738
0.768	0.036	0.104	0.092
0.035	0.050	0.892	0.023
>BTCTCGCGAG	16-BTCTCGCGAG	9.648542	-259.694427	0	T:145.0(0.28%),B:9.7(0.02%),P:1e-112	Tpos:35.4,Tstd:20.8,Bpos:45.4,Bstd:23.4,StrandBias:0.1,Multiplicity:1.01
0.140	0.293	0.265	0.302
0.007	0.090	0.095	0.808
0.190	0.737	0.059	0.014
0.007	0.099	0.023	0.871
0.013	0.938	0.045	0.004
0.002	0.001	0.971	0.026
0.001	0.958	0.015	0.026
0.029	0.095	0.849	0.027
0.844	0.127	0.027	0.002
0.175	0.172	0.642	0.011
>CGTCACGTGA	17-CGTCACGTGA	7.651982	-257.578077	0	T:635.0(1.23%),B:206.6(0.43%),P:1e-111	Tpos:36.5,Tstd:21.8,Bpos:47.6,Bstd:33.3,StrandBias:0.1,Multiplicity:1.07
0.036	0.653	0.238	0.073
0.097	0.116	0.729	0.058
0.019	0.110	0.015	0.856
0.012	0.852	0.115	0.021
0.852	0.056	0.038	0.054
0.022	0.851	0.057	0.070
0.061	0.036	0.881	0.022
0.035	0.084	0.091	0.790
0.017	0.132	0.836	0.015
0.701	0.142	0.103	0.054
>CGACCAATCG	18-CGACCAATCG	6.484611	-247.209644	0	T:1235.0(2.39%),B:569.2(1.19%),P:1e-107	Tpos:38.7,Tstd:27.0,Bpos:50.0,Bstd:32.4,StrandBias:-0.5,Multiplicity:1.02
0.071	0.724	0.057	0.148
0.148	0.139	0.678	0.035
0.677	0.056	0.189	0.078
0.020	0.924	0.039	0.017
0.025	0.944	0.018	0.013
0.940	0.039	0.010	0.011
0.887	0.057	0.026	0.030
0.022	0.071	0.074	0.833
0.149	0.746	0.074	0.031
0.194	0.091	0.650	0.065
>CTATCAGCAG	19-CTATCAGCAG	10.296193	-233.942104	0	T:118.0(0.23%),B:6.2(0.01%),P:1e-101	Tpos:67.7,Tstd:9.2,Bpos:56.1,Bstd:25.3,StrandBias:4.5,Multiplicity:1.00
0.100	0.700	0.100	0.100
0.100	0.100	0.100	0.700
0.700	0.100	0.100	0.100
0.100	0.100	0.100	0.700
0.100	0.700	0.100	0.100
0.700	0.100	0.100	0.100
0.100	0.100	0.700	0.100
0.100	0.700	0.100	0.100
0.700	0.100	0.100	0.100
0.100	0.100	0.700	0.100
>TATCGCGCGA	20-TATCGCGCGA	8.835776	-181.990099	0	T:71.0(0.14%),B:2.3(0.00%),P:1e-79	Tpos:35.1,Tstd:21.2,Bpos:79.0,Bstd:0.0,StrandBias:0.3,Multiplicity:1.02
0.180	0.114	0.016	0.690
0.622	0.180	0.072	0.126
0.038	0.212	0.073	0.677
0.024	0.837	0.048	0.091
0.019	0.049	0.720	0.212
0.029	0.905	0.052	0.014
0.019	0.057	0.785	0.139
0.223	0.620	0.106	0.051
0.038	0.052	0.881	0.029
0.895	0.001	0.044	0.060
>TGATCCGGAT	21-TGATCCGGAT	6.118613	-166.984424	0	T:1775.0(3.44%),B:1039.5(2.18%),P:1e-72	Tpos:50.9,Tstd:26.9,Bpos:49.4,Bstd:29.6,StrandBias:0.2,Multiplicity:1.03
0.118	0.054	0.099	0.729
0.027	0.085	0.853	0.035
0.827	0.040	0.090	0.043
0.099	0.128	0.071	0.702
0.024	0.864	0.037	0.075
0.136	0.728	0.037	0.099
0.054	0.052	0.802	0.092
0.058	0.031	0.868	0.043
0.855	0.050	0.041	0.054
0.088	0.039	0.103	0.770
>TTTTTTTWAN	22-TTTTTTTWAN	6.307409	-133.495906	0	T:3328.0(6.45%),B:2311.9(4.85%),P:1e-57	Tpos:55.0,Tstd:29.8,Bpos:49.6,Bstd:31.7,StrandBias:1.4,Multiplicity:1.06
0.027	0.226	0.192	0.555
0.026	0.180	0.119	0.675
0.147	0.028	0.315	0.510
0.082	0.125	0.267	0.526
0.217	0.208	0.116	0.459
0.210	0.070	0.032	0.688
0.230	0.021	0.022	0.727
0.353	0.160	0.018	0.469
0.513	0.282	0.024	0.181
0.327	0.286	0.189	0.197
>CGATGACGCA	23-CGATGACGCA	10.019683	-119.168396	0	T:43.0(0.08%),B:1.6(0.00%),P:1e-51	Tpos:39.5,Tstd:27.1,Bpos:40.0,Bstd:0.0,StrandBias:-0.6,Multiplicity:1.00
0.001	0.997	0.001	0.001
0.001	0.001	0.997	0.001
0.940	0.002	0.002	0.056
0.058	0.300	0.023	0.619
0.018	0.001	0.980	0.001
0.961	0.001	0.019	0.019
0.018	0.980	0.001	0.001
0.019	0.001	0.978	0.002
0.019	0.784	0.002	0.195
0.884	0.006	0.108	0.002
>CCCACAACGC	24-CCCACAACGC	10.980450	-115.515980	0	T:74.0(0.14%),B:6.7(0.01%),P:1e-50	Tpos:47.3,Tstd:24.8,Bpos:49.2,Bstd:16.0,StrandBias:-0.6,Multiplicity:1.00
0.001	0.997	0.001	0.001
0.001	0.865	0.133	0.001
0.001	0.917	0.081	0.001
0.941	0.001	0.057	0.001
0.001	0.758	0.001	0.240
0.997	0.001	0.001	0.001
0.997	0.001	0.001	0.001
0.001	0.805	0.001	0.193
0.001	0.001	0.997	0.001
0.240	0.519	0.001	0.240
>GATCGACCTT	25-GATCGACCTT	10.841345	-71.456084	0	T:42.0(0.08%),B:3.1(0.01%),P:1e-31	Tpos:58.9,Tstd:18.1,Bpos:32.7,Bstd:30.6,StrandBias:-2.1,Multiplicity:1.00
0.135	0.135	0.729	0.001
0.997	0.001	0.001	0.001
0.001	0.001	0.001	0.997
0.317	0.681	0.001	0.001
0.001	0.005	0.993	0.001
0.864	0.001	0.001	0.134
0.001	0.864	0.134	0.001
0.001	0.864	0.001	0.134
0.001	0.001	0.001	0.997
0.001	0.001	0.001	0.997
>RSCGGAAGYGVV	1-RSCGGAAGYGVV	7.554703	-1675.737037	0	T:2854.0(5.53%),B:721.0(1.51%),P:1e-727	Tpos:44.4,Tstd:21.8,Bpos:50.5,Bstd:36.2,StrandBias:0.3,Multiplicity:1.20
0.299	0.191	0.384	0.126
0.169	0.453	0.345	0.033
0.001	0.997	0.001	0.001
0.001	0.001	0.997	0.001
0.001	0.001	0.997	0.001
0.997	0.001	0.001	0.001
0.997	0.001	0.001	0.001
0.311	0.001	0.687	0.001
0.219	0.319	0.001	0.461
0.183	0.176	0.522	0.119
0.323	0.231	0.306	0.139
0.225	0.279	0.325	0.171
>RCCCCRCCCCBB	2-RCCCCRCCCCBB	8.800638	-1077.768921	0	T:4499.0(8.72%),B:1950.1(4.09%),P:1e-468	Tpos:33.7,Tstd:20.7,Bpos:49.3,Bstd:32.5,StrandBias:-0.7,Multiplicity:1.14
0.296	0.001	0.441	0.262
0.056	0.554	0.168	0.222
0.001	0.721	0.001	0.277
0.225	0.773	0.001	0.001
0.001	0.997	0.001	0.001
0.503	0.001	0.495	0.001
0.001	0.997	0.001	0.001
0.001	0.997	0.001	0.001
0.001	0.997	0.001	0.001
0.265	0.505	0.001	0.229
0.156	0.363	0.223	0.258
0.174	0.340	0.266	0.220
>SGCCGCCATBTT	3-SGCCGCCATBTT	9.131690	-1049.987600	0	T:1075.0(2.08%),B:164.6(0.35%),P:1e-456	Tpos:70.4,Tstd:18.8,Bpos:53.0,Bstd:31.6,StrandBias:-1.1,Multiplicity:1.01
0.218	0.440	0.307	0.035
0.036	0.001	0.792	0.171
0.051	0.675	0.168	0.106
0.153	0.660	0.121	0.066
0.032	0.004	0.963	0.001
0.001	0.997	0.001	0.001
0.001	0.997	0.001	0.001
0.997	0.001	0.001	0.001
0.001	0.038	0.001	0.960
0.047	0.314	0.310	0.329
0.053	0.012	0.272	0.663
0.001	0.246	0.011	0.742
>GGAGGAGGAGGA	4-GGAGGAGGAGGA	6.071078	-951.735783	0	T:11989.0(23.23%),B:7550.9(15.85%),P:1e-413	Tpos:50.9,Tstd:24.1,Bpos:50.0,Bstd:31.1,StrandBias:1.5,Multiplicity:1.20
0.219	0.006	0.573	0.202
0.062	0.084	0.853	0.001
0.793	0.023	0.117	0.067
0.252	0.004	0.571	0.173
0.005	0.015	0.979	0.001
0.784	0.005	0.203	0.008
0.275	0.002	0.550	0.173
0.005	0.015	0.979	0.001
0.730	0.071	0.136	0.063
0.334	0.003	0.500	0.163
0.167	0.037	0.787	0.009
0.752	0.054	0.105	0.089
>SYGCGCATGCGC	5-SYGCGCATGCGC	9.935551	-692.987127	0	T:1055.0(2.04%),B:240.8(0.51%),P:1e-300	Tpos:38.0,Tstd:18.7,Bpos:46.1,Bstd:38.3,StrandBias:-0.0,Multiplicity:1.09
0.103	0.425	0.344	0.129
0.111	0.393	0.184	0.313
0.146	0.001	0.852	0.001
0.148	0.850	0.001	0.001
0.089	0.001	0.903	0.007
0.001	0.938	0.060	0.001
0.628	0.196	0.114	0.062
0.024	0.012	0.192	0.772
0.001	0.043	0.955	0.001
0.001	0.943	0.001	0.055
0.001	0.052	0.908	0.039
0.001	0.829	0.017	0.153
>NTGGAGGAGATN	6-NTGGAGGAGATN	5.968211	-503.508601	0	T:5771.0(11.18%),B:3479.8(7.31%),P:1e-218	Tpos:52.2,Tstd:25.7,Bpos:50.5,Bstd:29.5,StrandBias:1.1,Multiplicity:1.03
0.209	0.241	0.210	0.340
0.134	0.100	0.158	0.608
0.127	0.090	0.659	0.124
0.147	0.104	0.656	0.093
0.684	0.097	0.113	0.106
0.164	0.070	0.659	0.107
0.150	0.100	0.661	0.089
0.665	0.098	0.128	0.109
0.163	0.113	0.625	0.099
0.621	0.130	0.142	0.107
0.164	0.132	0.167	0.537
0.251	0.224	0.286	0.239
>GCAGCWGCWGCN	7-GCAGCWGCWGCN	-2.091784	-448.930209	0	T:18435.0(35.73%),B:14111.2(29.62%),P:1e-194	Tpos:52.2,Tstd:26.6,Bpos:50.3,Bstd:29.7,StrandBias:0.1,Multiplicity:1.21
0.199	0.134	0.465	0.203
0.001	0.898	0.001	0.100
0.575	0.001	0.001	0.423
0.001	0.001	0.997	0.001
0.001	0.997	0.001	0.001
0.520	0.001	0.001	0.478
0.001	0.001	0.997	0.001
0.150	0.848	0.001	0.001
0.503	0.001	0.001	0.495
0.001	0.001	0.997	0.001
0.237	0.631	0.001	0.131
0.333	0.215	0.186	0.266
>GGGGTGAGTTTN	8-GGGGTGAGTTTN	5.127876	-414.512605	0	T:7643.0(14.81%),B:5103.9(10.71%),P:1e-180	Tpos:53.9,Tstd:24.9,Bpos:50.9,Bstd:28.8,StrandBias:1.2,Multiplicity:1.05
0.209	0.151	0.424	0.216
0.134	0.090	0.648	0.128
0.118	0.078	0.674	0.130
0.127	0.139	0.619	0.115
0.162	0.093	0.142	0.603
0.112	0.126	0.655	0.107
0.626	0.090	0.141	0.143
0.120	0.119	0.629	0.132
0.123	0.130	0.139	0.608
0.099	0.123	0.144	0.634
0.103	0.119	0.146	0.632
0.217	0.242	0.246	0.295
>GACGTCACTTCC	9-GACGTCACTTCC	10.038603	-376.069721	0	T:250.0(0.48%),B:21.4(0.04%),P:1e-163	Tpos:42.9,Tstd:24.8,Bpos:48.3,Bstd:28.9,StrandBias:-0.4,Multiplicity:1.01
0.033	0.086	0.851	0.030
0.842	0.052	0.066	0.040
0.039	0.873	0.061	0.027
0.107	0.030	0.635	0.228
0.073	0.138	0.022	0.767
0.039	0.908	0.035	0.018
0.892	0.043	0.043	0.022
0.043	0.822	0.061	0.074
0.039	0.081	0.059	0.821
0.022	0.056	0.119	0.803
0.048	0.883	0.035	0.034
0.022	0.913	0.026	0.039
>NNTATCAGCAND	10-NNTATCAGCAND	7.447259	-339.378829	0	T:113.0(0.22%),B:2.8(0.01%),P:1e-147	Tpos:69.3,Tstd:5.1,Bpos:43.9,Bstd:25.0,StrandBias:5.8,Multiplicity:1.00
0.252	0.228	0.213	0.307
0.234	0.344	0.206	0.216
0.123	0.125	0.183	0.569
0.674	0.100	0.112	0.114
0.126	0.124	0.113	0.637
0.119	0.634	0.129	0.118
0.449	0.240	0.238	0.074
0.141	0.138	0.606	0.115
0.112	0.611	0.141	0.136
0.463	0.205	0.238	0.094
0.237	0.198	0.347	0.218
0.213	0.191	0.234	0.362
>SYGACGTCACCG	11-SYGACGTCACCG	5.114921	-330.290930	0	T:1955.0(3.79%),B:961.5(2.02%),P:1e-143	Tpos:43.4,Tstd:25.4,Bpos:47.9,Bstd:36.5,StrandBias:-0.3,Multiplicity:1.05
0.166	0.241	0.380	0.213
0.089	0.423	0.111	0.376
0.116	0.235	0.476	0.174
0.797	0.009	0.105	0.089
0.001	0.997	0.001	0.001
0.001	0.001	0.997	0.001
0.001	0.001	0.001	0.997
0.001	0.997	0.001	0.001
0.968	0.001	0.030	0.001
0.009	0.464	0.284	0.243
0.192	0.574	0.027	0.207
0.227	0.227	0.545	0.001
>ACTGCGCATGCG	12-ACTGCGCATGCG	9.269260	-323.155029	0	T:344.0(0.67%),B:55.4(0.12%),P:1e-140	Tpos:35.4,Tstd:21.8,Bpos:41.1,Bstd:22.5,StrandBias:-0.5,Multiplicity:1.00
0.960	0.038	0.001	0.001
0.039	0.738	0.222	0.001
0.001	0.038	0.001	0.960
0.039	0.039	0.921	0.001
0.001	0.997	0.001	0.001
0.001	0.001	0.997	0.001
0.001	0.997	0.001	0.001
0.921	0.001	0.039	0.039
0.039	0.116	0.039	0.806
0.001	0.038	0.960	0.001
0.115	0.883	0.001	0.001
0.001	0.039	0.845	0.115
>NHTCTCGCGAGA	13-NHTCTCGCGAGA	10.021957	-271.073414	0	T:160.0(0.31%),B:12.0(0.03%),P:1e-117	Tpos:34.7,Tstd:20.8,Bpos:56.8,Bstd:31.8,StrandBias:0.0,Multiplicity:1.04
0.300	0.220	0.255	0.224
0.217	0.359	0.186	0.238
0.022	0.036	0.007	0.935
0.095	0.832	0.051	0.022
0.001	0.001	0.006	0.992
0.001	0.997	0.001	0.001
0.001	0.001	0.997	0.001
0.001	0.997	0.001	0.001
0.001	0.001	0.997	0.001
0.805	0.130	0.036	0.029
0.022	0.138	0.706	0.134
0.643	0.201	0.105	0.051
>KTTTTTGGGGGG	14-KTTTTTGGGGGG	5.204605	-229.279713	0	T:7656.0(14.84%),B:5584.1(11.72%),P:1e-99	Tpos:50.7,Tstd:23.1,Bpos:49.6,Bstd:27.8,StrandBias:1.3,Multiplicity:1.08
0.077	0.144	0.323	0.456
0.112	0.244	0.199	0.444
0.074	0.095	0.142	0.689
0.024	0.024	0.146	0.806
0.006	0.078	0.063	0.853
0.050	0.092	0.307	0.551
0.062	0.062	0.796	0.080
0.051	0.096	0.815	0.038
0.063	0.062	0.815	0.060
0.060	0.127	0.732	0.081
0.214	0.136	0.502	0.148
0.244	0.068	0.512	0.176
>CGGTCACGTGAC	15-CGGTCACGTGAC	5.488238	-182.376071	0	T:358.0(0.69%),B:100.5(0.21%),P:1e-79	Tpos:36.8,Tstd:20.4,Bpos:49.1,Bstd:30.5,StrandBias:-0.1,Multiplicity:1.05
0.137	0.556	0.156	0.151
0.001	0.142	0.755	0.102
0.001	0.079	0.919	0.001
0.001	0.001	0.001	0.997
0.001	0.997	0.001	0.001
0.997	0.001	0.001	0.001
0.001	0.997	0.001	0.001
0.001	0.001	0.997	0.001
0.001	0.001	0.001	0.997
0.001	0.001	0.997	0.001
0.896	0.001	0.102	0.001
0.001	0.862	0.136	0.001
>ATCACCAACACC	16-ATCACCAACACC	6.431644	-179.330084	0	T:3282.0(6.36%),B:2164.7(4.54%),P:1e-77	Tpos:53.0,Tstd:25.7,Bpos:49.9,Bstd:26.6,StrandBias:-1.2,Multiplicity:1.06
0.709	0.102	0.086	0.103
0.119	0.139	0.073	0.669
0.078	0.751	0.078	0.093
0.761	0.061	0.070	0.108
0.081	0.771	0.074	0.074
0.112	0.792	0.045	0.051
0.785	0.083	0.049	0.083
0.651	0.186	0.070	0.093
0.065	0.799	0.075	0.061
0.759	0.082	0.054	0.105
0.067	0.769	0.052	0.112
0.077	0.787	0.047	0.089
>GBGACTTCCTGC	17-GBGACTTCCTGC	11.279192	-166.772909	0	T:201.0(0.39%),B:37.8(0.08%),P:1e-72	Tpos:46.4,Tstd:22.4,Bpos:56.2,Bstd:21.2,StrandBias:0.1,Multiplicity:1.01
0.001	0.214	0.784	0.001
0.075	0.368	0.234	0.324
0.121	0.341	0.537	0.001
0.997	0.001	0.001	0.001
0.001	0.997	0.001	0.001
0.001	0.001	0.001	0.997
0.001	0.001	0.001	0.997
0.001	0.997	0.001	0.001
0.001	0.997	0.001	0.001
0.001	0.001	0.001	0.997
0.001	0.344	0.644	0.011
0.001	0.631	0.011	0.357
>ACGTCATCGCGC	18-ACGTCATCGCGC	10.941120	-166.750437	0	T:75.0(0.15%),B:3.9(0.01%),P:1e-72	Tpos:33.1,Tstd:18.8,Bpos:45.2,Bstd:7.4,StrandBias:-0.5,Multiplicity:1.06
0.960	0.001	0.038	0.001
0.013	0.973	0.013	0.001
0.001	0.001	0.997	0.001
0.001	0.012	0.001	0.986
0.001	0.997	0.001	0.001
0.986	0.001	0.001	0.012
0.013	0.117	0.346	0.524
0.001	0.887	0.074	0.038
0.074	0.013	0.912	0.001
0.013	0.961	0.013	0.013
0.001	0.012	0.986	0.001
0.001	0.986	0.012	0.001
>TGACGCAGCRCK	19-TGACGCAGCRCK	9.943439	-166.576063	0	T:82.0(0.16%),B:4.5(0.01%),P:1e-72	Tpos:40.5,Tstd:24.7,Bpos:47.5,Bstd:26.1,StrandBias:0.0,Multiplicity:1.02
0.001	0.080	0.034	0.885
0.001	0.001	0.965	0.033
0.836	0.076	0.087	0.001
0.025	0.764	0.143	0.068
0.090	0.098	0.629	0.183
0.033	0.754	0.001	0.212
0.650	0.171	0.175	0.004
0.301	0.046	0.652	0.001
0.153	0.608	0.174	0.065
0.450	0.059	0.445	0.046
0.025	0.848	0.126	0.001
0.001	0.001	0.450	0.548
>CTCYGATTGGCT	20-CTCYGATTGGCT	7.946054	-154.596788	0	T:453.0(0.88%),B:163.2(0.34%),P:1e-67	Tpos:29.2,Tstd:21.7,Bpos:46.2,Bstd:30.9,StrandBias:-0.3,Multiplicity:1.02
0.001	0.685	0.001	0.313
0.001	0.140	0.277	0.582
0.001	0.808	0.190	0.001
0.001	0.488	0.049	0.462
0.001	0.287	0.583	0.129
0.981	0.012	0.006	0.001
0.001	0.001	0.001	0.997
0.001	0.001	0.001	0.997
0.001	0.001	0.997	0.001
0.001	0.001	0.997	0.001
0.001	0.997	0.001	0.001
0.001	0.329	0.024	0.646
>TTTTTTTTHARR	21-TTTTTTTTHARR	8.542062	-153.533026	0	T:2885.0(5.59%),B:1910.6(4.01%),P:1e-66	Tpos:52.1,Tstd:28.7,Bpos:50.0,Bstd:31.3,StrandBias:1.1,Multiplicity:1.04
0.009	0.003	0.008	0.980
0.042	0.066	0.047	0.845
0.051	0.141	0.081	0.727
0.038	0.166	0.113	0.683
0.086	0.126	0.053	0.735
0.004	0.100	0.003	0.893
0.100	0.003	0.003	0.894
0.251	0.203	0.012	0.534
0.319	0.344	0.004	0.333
0.943	0.010	0.001	0.046
0.523	0.003	0.466	0.008
0.296	0.115	0.401	0.188
>GSCGGCGCTTTT	22-GSCGGCGCTTTT	11.167105	-143.147884	0	T:85.0(0.16%),B:6.8(0.01%),P:1e-62	Tpos:50.4,Tstd:23.2,Bpos:11.5,Bstd:0.8,StrandBias:0.3,Multiplicity:1.02
0.032	0.001	0.962	0.005
0.001	0.429	0.569	0.001
0.032	0.935	0.032	0.001
0.005	0.005	0.958	0.032
0.001	0.037	0.957	0.005
0.005	0.921	0.069	0.005
0.001	0.005	0.962	0.032
0.001	0.935	0.032	0.032
0.001	0.247	0.005	0.747
0.032	0.001	0.005	0.962
0.001	0.069	0.005	0.925
0.001	0.032	0.289	0.678
>AAGGTCTATCAG	23-AAGGTCTATCAG	11.441251	-113.081099	0	T:73.0(0.14%),B:6.0(0.01%),P:1e-49	Tpos:58.7,Tstd:17.3,Bpos:66.2,Bstd:18.8,StrandBias:1.9,Multiplicity:1.00
0.686	0.208	0.060	0.046
0.887	0.023	0.060	0.030
0.060	0.008	0.864	0.068
0.096	0.208	0.628	0.068
0.038	0.083	0.068	0.811
0.023	0.879	0.015	0.083
0.052	0.030	0.015	0.903
0.886	0.030	0.038	0.046
0.023	0.060	0.053	0.864
0.080	0.814	0.061	0.045
0.931	0.008	0.023	0.038
0.032	0.046	0.877	0.045
>GCGGKGCATTCT	24-GCGGKGCATTCT	11.850855	-94.520309	0	T:56.0(0.11%),B:4.9(0.01%),P:1e-41	Tpos:41.1,Tstd:22.8,Bpos:92.0,Bstd:0.0,StrandBias:0.7,Multiplicity:1.00
0.004	0.001	0.948	0.047
0.133	0.862	0.001	0.004
0.169	0.001	0.829	0.001
0.001	0.153	0.845	0.001
0.001	0.135	0.441	0.423
0.001	0.001	0.997	0.001
0.001	0.956	0.001	0.042
0.862	0.047	0.090	0.001
0.001	0.150	0.001	0.848
0.001	0.308	0.001	0.690
0.001	0.759	0.239	0.001
0.001	0.001	0.001	0.997
>CGCGTTATAACG	25-CGCGTTATAACG	7.465015	-52.731901	0	T:49.0(0.09%),B:7.2(0.02%),P:1e-22	Tpos:41.5,Tstd:25.3,Bpos:36.3,Bstd:13.6,StrandBias:0.5,Multiplicity:1.02
0.115	0.684	0.102	0.099
0.110	0.112	0.668	0.110
0.110	0.669	0.112	0.109
0.107	0.105	0.612	0.176
0.115	0.113	0.123	0.649
0.106	0.128	0.114	0.652
0.641	0.137	0.115	0.107
0.110	0.123	0.109	0.658
0.653	0.112	0.121	0.114
0.654	0.127	0.104	0.115
0.217	0.605	0.079	0.099
0.117	0.109	0.660	0.114
>CGGAAG	1-CGGAAG	6.738923	-1328.102892	0	T:4945.0(9.58%),B:2041.2(4.28%),P:1e-576	Tpos:46.2,Tstd:24.6,Bpos:50.4,Bstd:37.3,StrandBias:0.3,Multiplicity:1.23
0.001	0.997	0.001	0.001
0.001	0.001	0.997	0.001
0.001	0.001	0.997	0.001
0.953	0.001	0.001	0.045
0.997	0.001	0.001	0.001
0.219	0.001	0.779	0.001
>TAGGGG	2-TAGGGG	3.144781	-1093.576828	0	T:31901.0(61.82%),B:24586.6(51.61%),P:1e-474	Tpos:48.7,Tstd:24.8,Bpos:50.1,Bstd:31.2,StrandBias:1.0,Multiplicity:1.60
0.182	0.001	0.126	0.691
0.693	0.001	0.153	0.153
0.043	0.006	0.950	0.001
0.058	0.076	0.865	0.001
0.001	0.048	0.923	0.028
0.001	0.024	0.974	0.001
>SCGGTA	3-SCGGTA	3.447369	-916.666395	0	T:25296.0(49.02%),B:18924.6(39.73%),P:1e-398	Tpos:51.6,Tstd:27.9,Bpos:50.1,Bstd:31.4,StrandBias:0.2,Multiplicity:1.25
0.001	0.502	0.437	0.060
0.158	0.730	0.001	0.111
0.113	0.001	0.885	0.001
0.001	0.149	0.792	0.058
0.189	0.001	0.001	0.809
0.840	0.001	0.001	0.158
>GCCGAT	4-GCCGAT	4.181020	-705.289939	0	T:20305.0(39.35%),B:15025.9(31.54%),P:1e-306	Tpos:51.4,Tstd:28.2,Bpos:49.9,Bstd:31.6,StrandBias:0.0,Multiplicity:1.31
0.035	0.082	0.667	0.216
0.001	0.915	0.040	0.044
0.186	0.598	0.001	0.215
0.226	0.001	0.772	0.001
0.407	0.226	0.177	0.190
0.094	0.075	0.001	0.830
>ATGACG	5-ATGACG	3.792005	-677.485354	0	T:22581.0(43.76%),B:17104.6(35.91%),P:1e-294	Tpos:51.9,Tstd:27.7,Bpos:49.6,Bstd:31.8,StrandBias:0.7,Multiplicity:1.43
0.534	0.103	0.174	0.189
0.217	0.111	0.126	0.546
0.057	0.083	0.794	0.066
0.691	0.118	0.124	0.067
0.064	0.521	0.188	0.227
0.015	0.037	0.915	0.033
>TCGTCG	6-TCGTCG	3.746063	-560.971506	0	T:13806.0(26.75%),B:9820.1(20.62%),P:1e-243	Tpos:51.9,Tstd:28.0,Bpos:50.9,Bstd:37.3,StrandBias:-0.2,Multiplicity:1.17
0.103	0.077	0.195	0.625
0.079	0.664	0.072	0.185
0.049	0.089	0.651	0.211
0.124	0.078	0.106	0.692
0.119	0.745	0.013	0.123
0.252	0.059	0.624	0.065
>GCTKTT	7-GCTKTT	3.929021	-475.051331	0	T:28912.0(56.03%),B:23475.6(49.28%),P:1e-206	Tpos:50.2,Tstd:28.5,Bpos:50.0,Bstd:31.0,StrandBias:-0.0,Multiplicity:1.32
0.001	0.180	0.748	0.071
0.001	0.909	0.001	0.089
0.001	0.200	0.038	0.761
0.171	0.001	0.361	0.467
0.001	0.137	0.001	0.861
0.248	0.208	0.073	0.472
>TCCTCC	8-TCCTCC	4.779327	-433.879188	0	T:13371.0(25.91%),B:9786.2(20.54%),P:1e-188	Tpos:51.5,Tstd:26.7,Bpos:50.4,Bstd:32.4,StrandBias:-1.0,Multiplicity:1.25
0.001	0.001	0.001	0.997
0.001	0.865	0.133	0.001
0.146	0.819	0.034	0.001
0.001	0.001	0.001	0.997
0.001	0.997	0.001	0.001
0.001	0.997	0.001	0.001
>TGCTGC	9-TGCTGC	4.288911	-371.741102	0	T:17470.0(33.86%),B:13518.1(28.38%),P:1e-161	Tpos:51.4,Tstd:28.6,Bpos:50.6,Bstd:32.7,StrandBias:0.2,Multiplicity:1.12
0.001	0.001	0.001	0.997
0.001	0.001	0.997	0.001
0.064	0.934	0.001	0.001
0.001	0.095	0.177	0.727
0.152	0.001	0.846	0.001
0.128	0.763	0.001	0.108
>CAGTTG	10-CAGTTG	4.799179	-344.613922	0	T:7616.0(14.76%),B:5240.3(11.00%),P:1e-149	Tpos:51.5,Tstd:27.8,Bpos:50.1,Bstd:30.4,StrandBias:0.2,Multiplicity:1.04
0.001	0.997	0.001	0.001
0.791	0.040	0.168	0.001
0.001	0.001	0.997	0.001
0.001	0.076	0.001	0.922
0.001	0.187	0.001	0.811
0.001	0.001	0.997	0.001
>CTCTYC	11-CTCTYC	7.451771	-308.237162	0	T:10670.0(20.68%),B:7869.2(16.52%),P:1e-133	Tpos:51.1,Tstd:27.4,Bpos:49.9,Bstd:32.2,StrandBias:-0.8,Multiplicity:1.09
0.001	0.997	0.001	0.001
0.001	0.001	0.001	0.997
0.001	0.997	0.001	0.001
0.001	0.001	0.001	0.997
0.001	0.427	0.001	0.571
0.001	0.997	0.001	0.001
>WACGCG	12-WACGCG	1.835567	-299.275424	0	T:7696.0(14.91%),B:5419.1(11.38%),P:1e-129	Tpos:49.9,Tstd:27.9,Bpos:49.4,Bstd:36.5,StrandBias:0.1,Multiplicity:1.09
0.537	0.001	0.001	0.461
0.997	0.001	0.001	0.001
0.001	0.997	0.001	0.001
0.001	0.001	0.994	0.004
0.286	0.705	0.008	0.001
0.001	0.420	0.572	0.007
>TTGGCG	13-TTGGCG	6.549502	-293.302514	0	T:2987.0(5.79%),B:1734.3(3.64%),P:1e-127	Tpos:51.9,Tstd:27.3,Bpos:49.8,Bstd:37.2,StrandBias:0.2,Multiplicity:1.02
0.001	0.001	0.001	0.997
0.001	0.001	0.001	0.997
0.043	0.098	0.613	0.246
0.001	0.296	0.702	0.001
0.001	0.997	0.001	0.001
0.001	0.001	0.997	0.001
>CGAAGA	14-CGAAGA	4.361607	-287.511012	0	T:9580.0(18.57%),B:7015.7(14.73%),P:1e-124	Tpos:52.4,Tstd:27.8,Bpos:50.0,Bstd:36.0,StrandBias:0.0,Multiplicity:1.07
0.145	0.813	0.001	0.041
0.001	0.001	0.925	0.073
0.817	0.085	0.053	0.045
0.421	0.052	0.259	0.268
0.206	0.189	0.521	0.084
0.660	0.142	0.158	0.040
>TGACGT	15-TGACGT	6.177716	-251.265079	0	T:1200.0(2.33%),B:543.6(1.14%),P:1e-109	Tpos:38.0,Tstd:25.3,Bpos:3.0,Bstd:0.0,StrandBias:1.2,Multiplicity:1.00
0.100	0.100	0.100	0.700
0.100	0.100	0.700	0.100
0.700	0.100	0.100	0.100
0.100	0.700	0.100	0.100
0.100	0.100	0.700	0.100
0.100	0.100	0.100	0.700
>CCCACA	16-CCCACA	5.982255	-244.192841	0	T:11950.0(23.16%),B:9175.1(19.26%),P:1e-106	Tpos:51.0,Tstd:27.3,Bpos:49.7,Bstd:29.6,StrandBias:-0.6,Multiplicity:1.08
0.001	0.976	0.001	0.022
0.001	0.997	0.001	0.001
0.001	0.680	0.001	0.318
0.676	0.001	0.001	0.322
0.001	0.995	0.003	0.001
0.976	0.001	0.001	0.022
>TGCGCA	17-TGCGCA	6.177716	-213.550562	0	T:1052.0(2.04%),B:482.1(1.01%),P:1e-92	Tpos:42.3,Tstd:23.7,Bpos:49.6,Bstd:36.6,StrandBias:0.0,Multiplicity:1.06
0.100	0.100	0.100	0.700
0.100	0.100	0.700	0.100
0.100	0.700	0.100	0.100
0.100	0.100	0.700	0.100
0.100	0.700	0.100	0.100
0.700	0.100	0.100	0.100
>CGACTC	18-CGACTC	1.865492	-204.226033	0	T:6445.0(12.49%),B:4655.5(9.77%),P:1e-88	Tpos:50.8,Tstd:28.2,Bpos:50.2,Bstd:32.0,StrandBias:-0.9,Multiplicity:1.04
0.001	0.997	0.001	0.001
0.001	0.076	0.922	0.001
0.997	0.001	0.001	0.001
0.021	0.977	0.001	0.001
0.001	0.001	0.001	0.997
0.001	0.997	0.001	0.001
>TGACCG	19-TGACCG	5.061445	-203.710273	0	T:5438.0(10.54%),B:3830.9(8.04%),P:1e-88	Tpos:51.0,Tstd:28.1,Bpos:50.5,Bstd:30.2,StrandBias:0.2,Multiplicity:1.05
0.001	0.001	0.001	0.997
0.001	0.001	0.905	0.093
0.997	0.001	0.001	0.001
0.001	0.895	0.001	0.103
0.001	0.710	0.048	0.241
0.001	0.001	0.997	0.001
>ACTGGT	20-ACTGGT	5.804507	-194.789569	0	T:10398.0(20.15%),B:8027.1(16.85%),P:1e-84	Tpos:49.5,Tstd:28.5,Bpos:49.9,Bstd:29.8,StrandBias:0.1,Multiplicity:1.08
0.997	0.001	0.001	0.001
0.001	0.850	0.001	0.148
0.001	0.001	0.001	0.997
0.001	0.001	0.997	0.001
0.165	0.001	0.833	0.001
0.206	0.130	0.001	0.663
>AAGTCG	21-AAGTCG	5.375604	-146.645797	0	T:3943.0(7.64%),B:2772.0(5.82%),P:1e-63	Tpos:50.1,Tstd:28.0,Bpos:49.1,Bstd:37.3,StrandBias:0.3,Multiplicity:1.03
0.997	0.001	0.001	0.001
0.874	0.001	0.001	0.124
0.001	0.001	0.797	0.201
0.001	0.001	0.303	0.695
0.001	0.997	0.001	0.001
0.001	0.001	0.997	0.001
>GGTAAG	22-GGTAAG	7.121835	-142.134183	0	T:2447.0(4.74%),B:1594.0(3.35%),P:1e-61	Tpos:58.9,Tstd:28.5,Bpos:50.6,Bstd:32.2,StrandBias:0.7,Multiplicity:1.01
0.001	0.001	0.997	0.001
0.001	0.001	0.997	0.001
0.001	0.001	0.001	0.997
0.997	0.001	0.001	0.001
0.691	0.307	0.001	0.001
0.001	0.001	0.997	0.001
>GCGCAT	23-GCGCAT	6.356133	-139.385128	0	T:2727.0(5.28%),B:1818.7(3.82%),P:1e-60	Tpos:46.7,Tstd:26.9,Bpos:49.2,Bstd:37.9,StrandBias:0.1,Multiplicity:1.12
0.001	0.001	0.997	0.001
0.001	0.997	0.001	0.001
0.001	0.001	0.997	0.001
0.209	0.789	0.001	0.001
0.681	0.001	0.001	0.317
0.001	0.001	0.001	0.997
>TCGCGA	24-TCGCGA	6.177716	-111.642189	0	T:405.0(0.78%),B:163.0(0.34%),P:1e-48	Tpos:41.2,Tstd:26.2,Bpos:45.6,Bstd:38.2,StrandBias:0.0,Multiplicity:1.03
0.100	0.100	0.100	0.700
0.100	0.700	0.100	0.100
0.100	0.100	0.700	0.100
0.100	0.700	0.100	0.100
0.100	0.100	0.700	0.100
0.700	0.100	0.100	0.100
>TCACGT	25-TCACGT	6.444843	-89.103665	0	T:1589.0(3.08%),B:1041.7(2.19%),P:1e-38	Tpos:45.6,Tstd:27.7,Bpos:51.1,Bstd:34.8,StrandBias:-0.2,Multiplicity:1.02
0.001	0.001	0.001	0.997
0.001	0.997	0.001	0.001
0.842	0.001	0.156	0.001
0.001	0.997	0.001	0.001
0.001	0.001	0.997	0.001
0.001	0.001	0.001	0.997
>CCGGAAGT	1-CCGGAAGT	6.265819	-1695.590219	0	T:3609.0(6.99%),B:1078.5(2.26%),P:1e-736	Tpos:45.8,Tstd:23.5,Bpos:48.7,Bstd:36.5,StrandBias:0.3,Multiplicity:1.21
0.071	0.562	0.319	0.048
0.001	0.916	0.082	0.001
0.005	0.009	0.985	0.001
0.036	0.075	0.853	0.036
0.728	0.142	0.021	0.109
0.841	0.038	0.023	0.098
0.309	0.054	0.580	0.057
0.213	0.217	0.038	0.532
>TTKGCGSC	2-TTKGCGSC	4.151146	-1048.101681	0	T:16948.0(32.84%),B:11406.7(23.95%),P:1e-455	Tpos:51.0,Tstd:25.7,Bpos:49.3,Bstd:31.7,StrandBias:-0.1,Multiplicity:1.19
0.215	0.001	0.001	0.783
0.309	0.001	0.001	0.689
0.153	0.001	0.436	0.411
0.055	0.322	0.510	0.113
0.001	0.702	0.296	0.001
0.001	0.420	0.578	0.001
0.047	0.463	0.472	0.019
0.002	0.624	0.143	0.231
>TGGRGGAG	3-TGGRGGAG	4.797284	-1000.125814	0	T:25059.0(48.56%),B:18518.0(38.87%),P:1e-434	Tpos:49.6,Tstd:25.3,Bpos:50.0,Bstd:31.3,StrandBias:1.2,Multiplicity:1.45
0.350	0.082	0.065	0.503
0.166	0.001	0.807	0.026
0.181	0.001	0.796	0.022
0.434	0.160	0.314	0.092
0.070	0.001	0.887	0.042
0.156	0.048	0.779	0.017
0.688	0.087	0.166	0.059
0.118	0.015	0.825	0.042
>CGTCATCA	4-CGTCATCA	4.254729	-877.155649	0	T:17489.0(33.89%),B:12202.5(25.62%),P:1e-380	Tpos:51.2,Tstd:27.5,Bpos:50.1,Bstd:32.0,StrandBias:-0.5,Multiplicity:1.22
0.069	0.746	0.120	0.065
0.296	0.048	0.474	0.183
0.164	0.049	0.193	0.594
0.024	0.932	0.007	0.037
0.537	0.001	0.269	0.193
0.142	0.162	0.204	0.492
0.016	0.836	0.067	0.081
0.494	0.149	0.182	0.175
>CCGCTATA	5-CCGCTATA	3.269893	-731.849371	0	T:14607.0(28.31%),B:10096.2(21.19%),P:1e-317	Tpos:51.4,Tstd:26.9,Bpos:50.2,Bstd:32.6,StrandBias:-0.3,Multiplicity:1.13
0.061	0.510	0.230	0.199
0.172	0.491	0.175	0.162
0.008	0.238	0.728	0.026
0.070	0.559	0.168	0.203
0.196	0.165	0.192	0.447
0.398	0.174	0.221	0.207
0.094	0.212	0.164	0.530
0.514	0.146	0.113	0.227
>CGGAACAA	6-CGGAACAA	4.600272	-691.520815	0	T:8174.0(15.84%),B:5005.1(10.51%),P:1e-300	Tpos:51.6,Tstd:27.8,Bpos:50.3,Bstd:34.8,StrandBias:-0.1,Multiplicity:1.07
0.001	0.968	0.011	0.020
0.001	0.258	0.740	0.001
0.121	0.104	0.564	0.211
0.890	0.039	0.012	0.059
0.470	0.192	0.269	0.069
0.246	0.411	0.258	0.085
0.516	0.028	0.280	0.176
0.659	0.103	0.021	0.217
>SACCGGAA	7-SACCGGAA	3.631204	-673.837194	0	T:16586.0(32.14%),B:11895.5(24.97%),P:1e-292	Tpos:51.6,Tstd:27.5,Bpos:49.9,Bstd:31.9,StrandBias:0.1,Multiplicity:1.15
0.175	0.264	0.355	0.205
0.692	0.055	0.145	0.108
0.159	0.632	0.012	0.197
0.073	0.813	0.027	0.087
0.020	0.043	0.790	0.147
0.179	0.009	0.631	0.181
0.501	0.074	0.108	0.317
0.541	0.079	0.043	0.337
>CGCATTCG	8-CGCATTCG	6.150887	-671.383972	0	T:2808.0(5.44%),B:1208.6(2.54%),P:1e-291	Tpos:42.0,Tstd:24.3,Bpos:48.4,Bstd:38.2,StrandBias:-0.1,Multiplicity:1.12
0.130	0.868	0.001	0.001
0.001	0.001	0.997	0.001
0.133	0.494	0.191	0.182
0.945	0.001	0.001	0.053
0.310	0.072	0.140	0.478
0.193	0.057	0.278	0.472
0.105	0.893	0.001	0.001
0.001	0.001	0.997	0.001
>CCCGCCCC	9-CCCGCCCC	7.622533	-651.661965	0	T:5762.0(11.17%),B:3254.9(6.83%),P:1e-283	Tpos:33.6,Tstd:22.0,Bpos:50.0,Bstd:35.8,StrandBias:-0.8,Multiplicity:1.25
0.068	0.930	0.001	0.001
0.054	0.944	0.001	0.001
0.001	0.997	0.001	0.001
0.109	0.043	0.847	0.001
0.001	0.997	0.001	0.001
0.001	0.997	0.001	0.001
0.001	0.997	0.001	0.001
0.185	0.742	0.001	0.072
>ATGGCGDC	10-ATGGCGDC	4.670079	-531.342324	0	T:4440.0(8.60%),B:2456.5(5.16%),P:1e-230	Tpos:55.4,Tstd:28.5,Bpos:50.1,Bstd:32.0,StrandBias:0.2,Multiplicity:1.03
0.555	0.149	0.281	0.015
0.162	0.078	0.149	0.611
0.175	0.219	0.450	0.157
0.231	0.087	0.452	0.230
0.089	0.858	0.001	0.052
0.184	0.073	0.534	0.209
0.301	0.001	0.300	0.398
0.139	0.594	0.001	0.266
>AATNGBCG	11-AATNGBCG	4.773660	-454.960527	0	T:6381.0(12.37%),B:4030.0(8.46%),P:1e-197	Tpos:50.1,Tstd:27.4,Bpos:49.8,Bstd:35.7,StrandBias:0.2,Multiplicity:1.04
0.697	0.042	0.180	0.081
0.720	0.095	0.184	0.001
0.316	0.064	0.001	0.619
0.290	0.180	0.229	0.301
0.225	0.163	0.611	0.001
0.001	0.389	0.257	0.353
0.001	0.997	0.001	0.001
0.001	0.063	0.935	0.001
>GNRGYAGT	12-GNRGYAGT	4.704783	-435.449412	0	T:11962.0(23.18%),B:8594.7(18.04%),P:1e-189	Tpos:52.2,Tstd:27.7,Bpos:49.3,Bstd:30.1,StrandBias:0.5,Multiplicity:1.08
0.003	0.049	0.838	0.110
0.315	0.203	0.189	0.294
0.450	0.110	0.386	0.055
0.001	0.277	0.651	0.071
0.024	0.457	0.001	0.518
0.699	0.035	0.147	0.119
0.101	0.223	0.594	0.082
0.001	0.397	0.001	0.601
>GAAGWGGA	13-GAAGWGGA	6.365390	-414.217009	0	T:6211.0(12.04%),B:3973.7(8.34%),P:1e-179	Tpos:52.5,Tstd:27.9,Bpos:50.1,Bstd:32.5,StrandBias:1.1,Multiplicity:1.04
0.001	0.301	0.697	0.001
0.673	0.158	0.001	0.168
0.782	0.075	0.001	0.142
0.001	0.276	0.722	0.001
0.518	0.068	0.001	0.413
0.213	0.004	0.782	0.001
0.002	0.001	0.799	0.198
0.960	0.001	0.038	0.001
>CTGCAGAA	14-CTGCAGAA	4.922410	-366.756747	0	T:16370.0(31.72%),B:12573.4(26.40%),P:1e-159	Tpos:49.8,Tstd:27.5,Bpos:50.4,Bstd:29.6,StrandBias:-0.2,Multiplicity:1.13
0.001	0.895	0.084	0.020
0.065	0.092	0.092	0.751
0.001	0.001	0.997	0.001
0.272	0.444	0.052	0.231
0.532	0.001	0.184	0.283
0.275	0.067	0.454	0.204
0.598	0.097	0.170	0.135
0.560	0.011	0.213	0.216
>MATGCGCA	15-MATGCGCA	7.233439	-343.175730	0	T:988.0(1.91%),B:351.4(0.74%),P:1e-149	Tpos:46.2,Tstd:25.7,Bpos:47.7,Bstd:33.6,StrandBias:-0.2,Multiplicity:1.00
0.316	0.428	0.001	0.255
0.520	0.270	0.001	0.209
0.193	0.001	0.001	0.805
0.131	0.088	0.577	0.204
0.001	0.997	0.001	0.001
0.001	0.001	0.997	0.001
0.001	0.906	0.092	0.001
0.771	0.001	0.001	0.227
>CTGACGTG	16-CTGACGTG	7.522514	-338.437093	0	T:1349.0(2.61%),B:565.6(1.19%),P:1e-146	Tpos:39.3,Tstd:24.7,Bpos:48.8,Bstd:34.0,StrandBias:0.2,Multiplicity:1.04
0.001	0.482	0.290	0.227
0.001	0.001	0.001	0.997
0.001	0.269	0.729	0.001
0.715	0.001	0.001	0.283
0.001	0.997	0.001	0.001
0.001	0.001	0.997	0.001
0.001	0.001	0.001	0.997
0.198	0.289	0.512	0.001
>YGATTGGC	17-YGATTGGC	5.746180	-302.687176	0	T:3917.0(7.59%),B:2413.4(5.07%),P:1e-131	Tpos:46.5,Tstd:27.7,Bpos:51.0,Bstd:29.0,StrandBias:0.0,Multiplicity:1.05
0.001	0.556	0.036	0.407
0.093	0.121	0.638	0.148
0.714	0.001	0.260	0.025
0.226	0.124	0.001	0.649
0.177	0.001	0.001	0.821
0.054	0.001	0.928	0.017
0.327	0.117	0.555	0.001
0.014	0.936	0.049	0.001
>TCTCGCGA	18-TCTCGCGA	8.212034	-296.745948	0	T:224.0(0.43%),B:23.7(0.05%),P:1e-128	Tpos:36.0,Tstd:21.3,Bpos:53.3,Bstd:37.9,StrandBias:0.2,Multiplicity:1.05
0.001	0.001	0.001	0.997
0.205	0.734	0.060	0.001
0.001	0.001	0.078	0.920
0.001	0.997	0.001	0.001
0.001	0.001	0.997	0.001
0.001	0.997	0.001	0.001
0.001	0.001	0.997	0.001
0.997	0.001	0.001	0.001
>BGAACAGC	19-BGAACAGC	5.811432	-240.004163	0	T:6880.0(13.33%),B:4910.9(10.31%),P:1e-104	Tpos:52.3,Tstd:27.7,Bpos:51.0,Bstd:30.5,StrandBias:0.2,Multiplicity:1.04
0.117	0.293	0.351	0.238
0.059	0.166	0.737	0.038
0.927	0.001	0.071	0.001
0.919	0.079	0.001	0.001
0.004	0.603	0.289	0.104
0.994	0.004	0.001	0.001
0.001	0.344	0.654	0.001
0.001	0.786	0.001	0.212
>GGGTGAGT	20-GGGTGAGT	6.400268	-191.197012	0	T:2891.0(5.60%),B:1836.4(3.86%),P:1e-83	Tpos:57.0,Tstd:26.4,Bpos:49.9,Bstd:29.5,StrandBias:1.2,Multiplicity:1.03
0.110	0.001	0.776	0.113
0.001	0.001	0.973	0.025
0.001	0.021	0.932	0.046
0.067	0.029	0.001	0.903
0.170	0.043	0.733	0.054
0.874	0.001	0.102	0.023
0.031	0.001	0.885	0.083
0.056	0.001	0.001	0.942
>TTCGRYVA	21-TTCGRYVA	5.562589	-165.960827	0	T:2579.0(5.00%),B:1646.4(3.46%),P:1e-72	Tpos:53.5,Tstd:27.7,Bpos:49.7,Bstd:35.1,StrandBias:0.0,Multiplicity:1.01
0.211	0.001	0.313	0.475
0.202	0.001	0.085	0.712
0.001	0.997	0.001	0.001
0.001	0.001	0.997	0.001
0.386	0.205	0.408	0.001
0.246	0.312	0.028	0.414
0.315	0.211	0.317	0.157
0.949	0.049	0.001	0.001
>YGTGACGC	22-YGTGACGC	7.297867	-144.153347	0	T:406.0(0.79%),B:143.7(0.30%),P:1e-62	Tpos:36.0,Tstd:26.1,Bpos:41.1,Bstd:39.2,StrandBias:0.5,Multiplicity:1.01
0.001	0.548	0.028	0.423
0.001	0.001	0.997	0.001
0.001	0.001	0.001	0.997
0.043	0.001	0.955	0.001
0.997	0.001	0.001	0.001
0.001	0.997	0.001	0.001
0.001	0.001	0.997	0.001
0.001	0.971	0.001	0.027
>KTAAAAAA	23-KTAAAAAA	7.179739	-74.507252	0	T:4191.0(8.12%),B:3222.8(6.77%),P:1e-32	Tpos:54.3,Tstd:30.0,Bpos:50.0,Bstd:31.4,StrandBias:-1.2,Multiplicity:1.10
0.063	0.001	0.492	0.444
0.124	0.001	0.049	0.826
0.972	0.026	0.001	0.001
0.997	0.001	0.001	0.001
0.940	0.017	0.001	0.042
0.969	0.001	0.029	0.001
0.997	0.001	0.001	0.001
0.903	0.001	0.040	0.056
>TTCGCBKC	24-TTCGCBKC	7.853457	-67.379814	0	T:762.0(1.48%),B:454.4(0.95%),P:1e-29	Tpos:53.0,Tstd:27.4,Bpos:48.3,Bstd:39.0,StrandBias:0.2,Multiplicity:1.00
0.323	0.001	0.001	0.675
0.335	0.001	0.001	0.663
0.001	0.997	0.001	0.001
0.001	0.001	0.997	0.001
0.001	0.997	0.001	0.001
0.001	0.259	0.391	0.349
0.001	0.048	0.532	0.419
0.001	0.997	0.001	0.001
>AGTACGCT	25-AGTACGCT	8.897262	-51.344265	0	T:99.0(0.19%),B:28.2(0.06%),P:1e-22	Tpos:49.1,Tstd:27.1,Bpos:45.8,Bstd:42.2,StrandBias:-0.2,Multiplicity:1.03
0.622	0.376	0.001	0.001
0.001	0.343	0.655	0.001
0.001	0.001	0.001	0.997
0.997	0.001	0.001	0.001
0.001	0.997	0.001	0.001
0.001	0.001	0.997	0.001
0.001	0.997	0.001	0.001
0.001	0.278	0.001	0.720
