>RSCGGAARYG	1-RSCGGAARYG	7.471124	-1768.025464	0	T:2393.0(4.64%),B:494.6(1.04%),P:1e-767	Tpos:44.1,Tstd:22.1,Bpos:50.3,Bstd:35.3,StrandBias:0.3,Multiplicity:1.17
0.430	0.168	0.330	0.072
0.087	0.498	0.399	0.015
0.170	0.737	0.092	0.001
0.023	0.014	0.962	0.001
0.032	0.003	0.944	0.021
0.948	0.009	0.002	0.041
0.831	0.050	0.062	0.057
0.399	0.075	0.519	0.007
0.217	0.413	0.053	0.316
0.242	0.156	0.479	0.124
>ATTGGCGGAG	2-ATTGGCGGAG	4.816239	-1083.497298	0	T:14807.0(28.69%),B:9598.8(20.12%),P:1e-470	Tpos:50.4,Tstd:26.2,Bpos:50.1,Bstd:31.3,StrandBias:1.0,Multiplicity:1.14
0.646	0.108	0.129	0.117
0.122	0.131	0.122	0.625
0.081	0.086	0.102	0.731
0.073	0.065	0.784	0.078
0.068	0.104	0.760	0.068
0.152	0.612	0.109	0.127
0.110	0.067	0.722	0.101
0.084	0.099	0.758	0.059
0.612	0.128	0.128	0.132
0.099	0.073	0.751	0.077
>GGGGGGGGRR	3-GGGGGGGGRR	5.694521	-1064.236655	0	T:12038.0(23.33%),B:7419.7(15.55%),P:1e-462	Tpos:43.5,Tstd:22.6,Bpos:49.5,Bstd:31.5,StrandBias:1.2,Multiplicity:1.32
0.232	0.045	0.527	0.196
0.190	0.017	0.655	0.138
0.185	0.017	0.702	0.096
0.029	0.015	0.933	0.023
0.102	0.128	0.739	0.031
0.158	0.101	0.665	0.076
0.150	0.096	0.650	0.104
0.292	0.022	0.572	0.114
0.394	0.008	0.443	0.156
0.288	0.111	0.435	0.166
>CCGCCATCTT	4-CCGCCATCTT	8.354740	-749.903731	0	T:1183.0(2.29%),B:278.8(0.58%),P:1e-325	Tpos:66.8,Tstd:21.1,Bpos:53.0,Bstd:35.5,StrandBias:-1.1,Multiplicity:1.01
0.024	0.788	0.137	0.051
0.105	0.767	0.073	0.055
0.039	0.027	0.922	0.012
0.040	0.888	0.027	0.045
0.017	0.930	0.042	0.011
0.842	0.100	0.042	0.016
0.071	0.008	0.070	0.851
0.029	0.461	0.243	0.267
0.067	0.025	0.112	0.796
0.028	0.187	0.030	0.755
>GAWGAWGAWG	5-GAWGAWGAWG	5.071341	-737.242405	0	T:15143.0(29.35%),B:10548.7(22.11%),P:1e-320	Tpos:54.0,Tstd:26.0,Bpos:49.4,Bstd:30.5,StrandBias:1.3,Multiplicity:1.19
0.066	0.122	0.767	0.045
0.511	0.153	0.173	0.163
0.385	0.039	0.196	0.379
0.043	0.060	0.869	0.028
0.574	0.112	0.176	0.138
0.427	0.063	0.124	0.386
0.048	0.035	0.875	0.042
0.485	0.177	0.141	0.197
0.358	0.072	0.157	0.413
0.048	0.203	0.690	0.059
>CGCATGCGCR	6-CGCATGCGCR	8.846875	-681.111087	0	T:1062.0(2.06%),B:247.5(0.52%),P:1e-295	Tpos:37.9,Tstd:19.2,Bpos:49.9,Bstd:41.9,StrandBias:0.0,Multiplicity:1.09
0.074	0.848	0.064	0.014
0.032	0.007	0.932	0.029
0.044	0.878	0.053	0.025
0.647	0.200	0.052	0.101
0.083	0.056	0.171	0.690
0.005	0.050	0.921	0.024
0.023	0.940	0.004	0.033
0.015	0.015	0.901	0.069
0.011	0.821	0.035	0.133
0.421	0.093	0.383	0.102
>GGGGGAAAGT	7-GGGGGAAAGT	4.879784	-596.074191	0	T:10660.0(20.66%),B:7157.0(15.00%),P:1e-258	Tpos:53.6,Tstd:24.0,Bpos:50.0,Bstd:30.6,StrandBias:1.1,Multiplicity:1.07
0.134	0.060	0.728	0.078
0.110	0.081	0.704	0.105
0.093	0.093	0.701	0.113
0.098	0.061	0.738	0.103
0.135	0.098	0.676	0.091
0.657	0.117	0.128	0.098
0.733	0.095	0.094	0.078
0.699	0.081	0.100	0.120
0.111	0.104	0.656	0.129
0.110	0.090	0.092	0.708
>CAGCAGCWGC	8-CAGCAGCWGC	4.397600	-514.116920	0	T:16071.0(31.14%),B:11885.7(24.91%),P:1e-223	Tpos:53.1,Tstd:27.3,Bpos:49.2,Bstd:32.0,StrandBias:0.1,Multiplicity:1.19
0.068	0.635	0.113	0.184
0.558	0.007	0.146	0.289
0.173	0.001	0.711	0.115
0.084	0.905	0.010	0.001
0.591	0.042	0.222	0.145
0.163	0.001	0.835	0.001
0.004	0.950	0.001	0.045
0.487	0.070	0.098	0.346
0.247	0.022	0.730	0.001
0.124	0.540	0.040	0.296
>TTTTTACAGG	9-TTTTTACAGG	6.303684	-504.129191	0	T:5485.0(10.63%),B:3268.9(6.85%),P:1e-218	Tpos:48.7,Tstd:25.6,Bpos:50.7,Bstd:29.3,StrandBias:0.7,Multiplicity:1.05
0.034	0.296	0.059	0.611
0.218	0.126	0.032	0.624
0.076	0.121	0.047	0.756
0.065	0.271	0.075	0.589
0.260	0.044	0.001	0.695
0.523	0.158	0.015	0.304
0.031	0.597	0.001	0.371
0.997	0.001	0.001	0.001
0.029	0.001	0.969	0.001
0.051	0.139	0.809	0.001
>GGGCGGTATT	10-GGGCGGTATT	6.006398	-463.072124	0	T:5142.0(9.96%),B:3075.0(6.45%),P:1e-201	Tpos:49.7,Tstd:26.0,Bpos:49.9,Bstd:29.8,StrandBias:0.8,Multiplicity:1.03
0.082	0.019	0.880	0.019
0.008	0.049	0.938	0.005
0.085	0.076	0.759	0.080
0.087	0.575	0.094	0.244
0.189	0.027	0.590	0.194
0.003	0.029	0.885	0.083
0.100	0.231	0.232	0.437
0.534	0.155	0.131	0.180
0.076	0.175	0.064	0.685
0.015	0.096	0.129	0.760
>TCATCCGGAW	11-TCATCCGGAW	-6.881355	-439.428603	0	T:8868.0(17.19%),B:6043.8(12.67%),P:1e-190	Tpos:50.6,Tstd:26.9,Bpos:49.7,Bstd:30.7,StrandBias:-0.1,Multiplicity:1.07
0.001	0.001	0.001	0.997
0.001	0.997	0.001	0.001
0.997	0.001	0.001	0.001
0.001	0.001	0.001	0.997
0.001	0.997	0.001	0.001
0.001	0.997	0.001	0.001
0.001	0.001	0.997	0.001
0.001	0.001	0.997	0.001
0.997	0.001	0.001	0.001
0.499	0.001	0.001	0.499
>GGAAGTGACG	12-GGAAGTGACG	9.339061	-365.134546	0	T:322.0(0.62%),B:41.5(0.09%),P:1e-158	Tpos:39.5,Tstd:23.0,Bpos:33.1,Bstd:20.1,StrandBias:0.2,Multiplicity:1.00
0.003	0.003	0.991	0.003
0.001	0.001	0.991	0.007
0.982	0.001	0.015	0.002
0.857	0.127	0.001	0.015
0.111	0.082	0.806	0.001
0.001	0.001	0.001	0.997
0.001	0.002	0.941	0.056
0.966	0.001	0.032	0.001
0.001	0.883	0.001	0.115
0.001	0.001	0.997	0.001
>SSTGACGTCA	13-SSTGACGTCA	7.113803	-351.642498	0	T:1196.0(2.32%),B:465.8(0.98%),P:1e-152	Tpos:38.8,Tstd:23.6,Bpos:52.1,Bstd:36.2,StrandBias:0.0,Multiplicity:1.05
0.195	0.302	0.390	0.113
0.190	0.293	0.385	0.132
0.051	0.302	0.001	0.646
0.001	0.390	0.608	0.001
0.698	0.001	0.300	0.001
0.001	0.766	0.001	0.232
0.231	0.001	0.767	0.001
0.001	0.162	0.044	0.793
0.001	0.623	0.375	0.001
0.714	0.003	0.282	0.001
>CTATCCGCGG	14-CTATCCGCGG	6.786125	-270.792512	0	T:149.0(0.29%),B:9.1(0.02%),P:1e-117	Tpos:64.4,Tstd:14.5,Bpos:51.7,Bstd:32.8,StrandBias:3.3,Multiplicity:1.00
0.001	0.997	0.001	0.001
0.001	0.001	0.001	0.997
0.997	0.001	0.001	0.001
0.001	0.001	0.001	0.997
0.001	0.997	0.001	0.001
0.133	0.865	0.001	0.001
0.001	0.001	0.997	0.001
0.001	0.997	0.001	0.001
0.294	0.001	0.704	0.001
0.001	0.001	0.997	0.001
>TGTAGGCGGT	15-TGTAGGCGGT	5.167487	-257.717404	0	T:5620.0(10.89%),B:3845.4(8.06%),P:1e-111	Tpos:51.2,Tstd:26.7,Bpos:49.5,Bstd:28.6,StrandBias:0.8,Multiplicity:1.04
0.095	0.058	0.088	0.759
0.068	0.091	0.746	0.095
0.110	0.096	0.143	0.651
0.697	0.068	0.121	0.114
0.119	0.052	0.749	0.080
0.066	0.099	0.743	0.092
0.112	0.613	0.128	0.147
0.154	0.078	0.636	0.132
0.112	0.089	0.707	0.092
0.082	0.119	0.102	0.697
>CTCGCGAGAN	16-CTCGCGAGAN	8.374641	-253.634270	0	T:269.0(0.52%),B:43.0(0.09%),P:1e-110	Tpos:38.0,Tstd:23.6,Bpos:52.8,Bstd:28.3,StrandBias:-0.1,Multiplicity:1.05
0.077	0.825	0.082	0.016
0.011	0.036	0.087	0.866
0.041	0.892	0.053	0.014
0.037	0.043	0.862	0.058
0.053	0.896	0.038	0.013
0.041	0.020	0.930	0.009
0.868	0.060	0.059	0.013
0.018	0.059	0.807	0.116
0.717	0.180	0.059	0.044
0.204	0.211	0.246	0.338
>CGACGACGTA	17-CGACGACGTA	5.522324	-228.952840	0	T:1441.0(2.79%),B:724.5(1.52%),P:1e-99	Tpos:50.4,Tstd:26.8,Bpos:51.4,Bstd:40.3,StrandBias:-0.4,Multiplicity:1.03
0.058	0.769	0.059	0.114
0.084	0.086	0.722	0.108
0.636	0.185	0.082	0.097
0.053	0.803	0.058	0.086
0.117	0.065	0.719	0.099
0.615	0.140	0.146	0.099
0.073	0.765	0.087	0.075
0.086	0.109	0.667	0.138
0.135	0.123	0.116	0.626
0.679	0.101	0.071	0.149
>GCCATTGACG	18-GCCATTGACG	5.083699	-220.803157	0	T:6558.0(12.71%),B:4707.1(9.87%),P:1e-95	Tpos:50.4,Tstd:27.3,Bpos:49.7,Bstd:28.7,StrandBias:0.3,Multiplicity:1.05
0.081	0.072	0.772	0.075
0.109	0.681	0.100	0.110
0.062	0.820	0.051	0.067
0.719	0.104	0.050	0.127
0.093	0.134	0.135	0.638
0.085	0.072	0.109	0.734
0.075	0.100	0.742	0.083
0.705	0.129	0.088	0.078
0.141	0.573	0.143	0.143
0.147	0.113	0.614	0.126
>CGCCAATTGG	19-CGCCAATTGG	5.641774	-208.329271	0	T:2009.0(3.89%),B:1149.1(2.41%),P:1e-90	Tpos:45.2,Tstd:27.0,Bpos:49.5,Bstd:31.4,StrandBias:0.1,Multiplicity:1.02
0.123	0.603	0.140	0.134
0.133	0.127	0.574	0.166
0.075	0.736	0.105	0.084
0.096	0.762	0.067	0.075
0.706	0.108	0.112	0.074
0.681	0.104	0.132	0.083
0.092	0.110	0.108	0.690
0.085	0.077	0.109	0.729
0.074	0.061	0.759	0.106
0.073	0.094	0.761	0.072
>CGGCTTCCGT	20-CGGCTTCCGT	9.165101	-177.950312	0	T:163.0(0.32%),B:22.0(0.05%),P:1e-77	Tpos:46.2,Tstd:22.3,Bpos:13.6,Bstd:2.6,StrandBias:0.3,Multiplicity:1.00
0.056	0.857	0.011	0.076
0.012	0.240	0.608	0.140
0.242	0.073	0.558	0.127
0.084	0.667	0.227	0.022
0.133	0.001	0.073	0.793
0.194	0.148	0.022	0.636
0.177	0.697	0.083	0.043
0.011	0.904	0.084	0.001
0.024	0.022	0.953	0.001
0.073	0.002	0.251	0.674
>KTWAAAAAAA	21-KTWAAAAAAA	8.207575	-144.010088	0	T:3038.0(5.89%),B:2056.9(4.31%),P:1e-62	Tpos:56.0,Tstd:29.8,Bpos:49.8,Bstd:31.0,StrandBias:-1.3,Multiplicity:1.07
0.158	0.085	0.342	0.415
0.092	0.001	0.247	0.660
0.462	0.001	0.001	0.536
0.838	0.001	0.001	0.160
0.927	0.001	0.008	0.064
0.749	0.186	0.001	0.064
0.864	0.071	0.001	0.064
0.944	0.023	0.001	0.032
0.839	0.103	0.057	0.001
0.850	0.001	0.107	0.042
>TTACGGCCGA	22-TTACGGCCGA	7.400073	-106.220600	0	T:93.0(0.18%),B:12.1(0.03%),P:1e-46	Tpos:48.7,Tstd:25.6,Bpos:50.0,Bstd:29.0,StrandBias:0.6,Multiplicity:1.00
0.055	0.105	0.106	0.734
0.124	0.113	0.186	0.577
0.697	0.145	0.071	0.087
0.108	0.711	0.076	0.105
0.107	0.105	0.706	0.082
0.090	0.117	0.671	0.122
0.094	0.750	0.088	0.068
0.079	0.691	0.109	0.121
0.111	0.095	0.743	0.051
0.722	0.107	0.096	0.075
>GGGGCGTGGC	23-GGGGCGTGGC	10.233876	-97.154471	0	T:367.0(0.71%),B:151.3(0.32%),P:1e-42	Tpos:34.5,Tstd:23.0,Bpos:48.2,Bstd:33.7,StrandBias:1.0,Multiplicity:1.02
0.052	0.001	0.946	0.001
0.089	0.001	0.865	0.045
0.001	0.044	0.954	0.001
0.001	0.001	0.997	0.001
0.053	0.945	0.001	0.001
0.001	0.001	0.997	0.001
0.122	0.001	0.001	0.876
0.037	0.001	0.961	0.001
0.001	0.001	0.935	0.063
0.001	0.997	0.001	0.001
>TCGAACGGGA	24-TCGAACGGGA	7.299674	-87.898834	0	T:58.0(0.11%),B:5.8(0.01%),P:1e-38	Tpos:46.6,Tstd:28.0,Bpos:42.0,Bstd:0.0,StrandBias:0.3,Multiplicity:1.00
0.138	0.170	0.158	0.534
0.131	0.581	0.160	0.128
0.142	0.143	0.597	0.118
0.610	0.117	0.163	0.110
0.611	0.120	0.154	0.115
0.132	0.613	0.157	0.098
0.179	0.130	0.554	0.137
0.125	0.117	0.639	0.119
0.138	0.125	0.644	0.093
0.615	0.148	0.116	0.121
>TATATCCGGG	25-TATATCCGGG	8.599290	-61.109577	0	T:98.0(0.19%),B:24.5(0.05%),P:1e-26	Tpos:54.4,Tstd:23.0,Bpos:46.0,Bstd:24.7,StrandBias:-0.1,Multiplicity:1.03
0.081	0.121	0.172	0.626
0.806	0.103	0.071	0.020
0.054	0.008	0.097	0.841
0.675	0.112	0.041	0.172
0.054	0.048	0.064	0.834
0.037	0.852	0.056	0.055
0.008	0.957	0.031	0.004
0.114	0.030	0.721	0.135
0.065	0.072	0.838	0.025
0.098	0.020	0.855	0.027
>CCGGAAGTGGCG	1-CCGGAAGTGGCG	7.640469	-1248.208045	0	T:1487.0(2.88%),B:269.4(0.56%),P:1e-542	Tpos:43.8,Tstd:20.8,Bpos:54.2,Bstd:34.4,StrandBias:0.5,Multiplicity:1.10
0.001	0.818	0.180	0.001
0.016	0.982	0.001	0.001
0.001	0.001	0.997	0.001
0.001	0.001	0.997	0.001
0.997	0.001	0.001	0.001
0.997	0.001	0.001	0.001
0.001	0.001	0.997	0.001
0.054	0.330	0.001	0.615
0.001	0.070	0.920	0.009
0.361	0.100	0.538	0.001
0.260	0.551	0.159	0.030
0.208	0.186	0.552	0.054
>NNCCGGAARBNV	2-NNCCGGAARBNV	5.696845	-1088.798029	0	T:6415.0(12.43%),B:3213.7(6.74%),P:1e-472	Tpos:49.0,Tstd:24.8,Bpos:50.4,Bstd:34.2,StrandBias:0.2,Multiplicity:1.13
0.231	0.305	0.284	0.180
0.230	0.303	0.283	0.183
0.184	0.444	0.222	0.151
0.001	0.997	0.001	0.001
0.001	0.001	0.997	0.001
0.001	0.001	0.876	0.122
0.993	0.001	0.001	0.005
0.686	0.001	0.001	0.312
0.290	0.125	0.424	0.161
0.146	0.265	0.301	0.288
0.228	0.285	0.274	0.212
0.227	0.270	0.333	0.170
>KGGGCGGGGCCT	3-KGGGCGGGGCCT	8.935529	-877.413502	0	T:2639.0(5.11%),B:968.4(2.03%),P:1e-381	Tpos:30.0,Tstd:19.1,Bpos:50.0,Bstd:35.0,StrandBias:0.8,Multiplicity:1.08
0.133	0.021	0.428	0.418
0.001	0.001	0.970	0.028
0.001	0.001	0.997	0.001
0.001	0.001	0.997	0.001
0.009	0.906	0.001	0.084
0.012	0.019	0.958	0.011
0.001	0.001	0.788	0.210
0.056	0.001	0.941	0.002
0.083	0.111	0.802	0.004
0.001	0.980	0.001	0.018
0.045	0.645	0.153	0.157
0.137	0.148	0.114	0.601
>AAGATGGCGGCS	4-AAGATGGCGGCS	8.261264	-869.900357	0	T:1100.0(2.13%),B:211.7(0.44%),P:1e-377	Tpos:69.3,Tstd:20.4,Bpos:47.9,Bstd:36.1,StrandBias:1.2,Multiplicity:1.02
0.911	0.028	0.052	0.009
0.899	0.045	0.039	0.017
0.300	0.173	0.510	0.017
0.974	0.009	0.009	0.008
0.009	0.010	0.015	0.966
0.001	0.005	0.992	0.002
0.007	0.009	0.978	0.006
0.008	0.966	0.006	0.020
0.019	0.019	0.854	0.108
0.053	0.076	0.846	0.025
0.053	0.865	0.014	0.068
0.067	0.380	0.453	0.100
>GCGCATGCGCAB	5-GCGCATGCGCAB	8.178219	-767.197231	0	T:957.0(1.85%),B:182.0(0.38%),P:1e-333	Tpos:38.3,Tstd:18.3,Bpos:51.0,Bstd:38.0,StrandBias:0.0,Multiplicity:1.07
0.003	0.001	0.995	0.001
0.001	0.997	0.001	0.001
0.003	0.003	0.993	0.001
0.001	0.997	0.001	0.001
0.950	0.028	0.011	0.011
0.003	0.001	0.052	0.944
0.001	0.001	0.997	0.001
0.001	0.997	0.001	0.001
0.001	0.001	0.997	0.001
0.001	0.997	0.001	0.001
0.864	0.075	0.060	0.001
0.125	0.307	0.286	0.281
>GAGGAGGAGGAG	6-GAGGAGGAGGAG	3.289440	-517.920837	0	T:25028.0(48.50%),B:19802.3(41.51%),P:1e-224	Tpos:49.2,Tstd:24.4,Bpos:49.9,Bstd:31.6,StrandBias:1.2,Multiplicity:1.42
0.095	0.101	0.800	0.004
0.760	0.047	0.099	0.094
0.108	0.012	0.867	0.013
0.057	0.037	0.905	0.001
0.756	0.029	0.151	0.064
0.144	0.001	0.843	0.012
0.045	0.009	0.943	0.003
0.747	0.073	0.098	0.082
0.102	0.004	0.888	0.006
0.059	0.077	0.861	0.003
0.765	0.064	0.086	0.085
0.126	0.004	0.861	0.009
>GATGATGATGAT	7-GATGATGATGAT	4.915956	-442.165693	0	T:8673.0(16.81%),B:5879.9(12.32%),P:1e-192	Tpos:51.8,Tstd:27.0,Bpos:50.0,Bstd:28.6,StrandBias:1.1,Multiplicity:1.11
0.137	0.079	0.705	0.079
0.718	0.091	0.092	0.099
0.139	0.043	0.086	0.732
0.078	0.051	0.807	0.064
0.758	0.067	0.087	0.088
0.126	0.049	0.068	0.757
0.059	0.059	0.825	0.057
0.733	0.103	0.090	0.074
0.145	0.042	0.052	0.761
0.076	0.062	0.795	0.067
0.737	0.085	0.086	0.092
0.150	0.095	0.083	0.672
>CTATCAGCAGTT	8-CTATCAGCAGTT	10.292421	-435.739104	0	T:151.0(0.29%),B:3.6(0.01%),P:1e-189	Tpos:67.6,Tstd:11.8,Bpos:49.9,Bstd:20.7,StrandBias:4.1,Multiplicity:1.00
0.087	0.515	0.087	0.311
0.077	0.341	0.050	0.532
0.588	0.093	0.109	0.210
0.063	0.097	0.094	0.746
0.087	0.732	0.070	0.111
0.894	0.013	0.020	0.073
0.074	0.067	0.769	0.090
0.138	0.683	0.115	0.064
0.788	0.020	0.037	0.155
0.108	0.039	0.775	0.078
0.055	0.115	0.213	0.617
0.160	0.113	0.125	0.602
>GGGGGAGATTTT	9-GGGGGAGATTTT	5.675979	-404.250146	0	T:5442.0(10.55%),B:3402.7(7.13%),P:1e-175	Tpos:54.7,Tstd:23.5,Bpos:49.4,Bstd:28.8,StrandBias:1.4,Multiplicity:1.02
0.134	0.074	0.644	0.148
0.127	0.069	0.671	0.133
0.131	0.072	0.676	0.121
0.144	0.065	0.658	0.133
0.149	0.119	0.636	0.096
0.689	0.064	0.118	0.129
0.149	0.108	0.632	0.111
0.612	0.124	0.125	0.139
0.116	0.113	0.119	0.652
0.092	0.099	0.107	0.702
0.074	0.107	0.101	0.718
0.087	0.095	0.106	0.712
>NNTTTCCCCCNN	10-NNTTTCCCCCNN	4.488447	-375.834379	0	T:7565.0(14.66%),B:5134.7(10.76%),P:1e-163	Tpos:51.8,Tstd:23.6,Bpos:50.6,Bstd:29.3,StrandBias:-0.8,Multiplicity:1.03
0.260	0.234	0.226	0.280
0.232	0.305	0.169	0.294
0.084	0.150	0.113	0.653
0.164	0.126	0.112	0.598
0.106	0.197	0.164	0.533
0.104	0.480	0.198	0.218
0.180	0.540	0.100	0.180
0.186	0.537	0.124	0.153
0.142	0.530	0.188	0.140
0.186	0.487	0.143	0.183
0.226	0.236	0.268	0.270
0.285	0.198	0.326	0.191
>NSCAATCGGCNV	11-NSCAATCGGCNV	4.792300	-341.367185	0	T:5155.0(9.99%),B:3297.2(6.91%),P:1e-148	Tpos:47.9,Tstd:26.3,Bpos:49.6,Bstd:30.6,StrandBias:-0.2,Multiplicity:1.05
0.225	0.269	0.296	0.210
0.191	0.376	0.227	0.206
0.116	0.674	0.129	0.081
0.793	0.032	0.080	0.095
0.791	0.066	0.074	0.069
0.098	0.095	0.046	0.761
0.089	0.747	0.026	0.138
0.121	0.085	0.731	0.063
0.086	0.094	0.731	0.089
0.109	0.758	0.056	0.077
0.223	0.249	0.326	0.203
0.212	0.255	0.343	0.190
>TACGCCTGCGCA	12-TACGCCTGCGCA	10.730241	-304.259556	0	T:428.0(0.83%),B:92.0(0.19%),P:1e-132	Tpos:40.2,Tstd:23.5,Bpos:38.4,Bstd:21.2,StrandBias:-0.6,Multiplicity:1.00
0.018	0.152	0.165	0.665
0.617	0.027	0.329	0.027
0.070	0.876	0.027	0.027
0.029	0.123	0.807	0.041
0.004	0.935	0.043	0.018
0.068	0.850	0.081	0.001
0.014	0.084	0.096	0.806
0.001	0.013	0.985	0.001
0.015	0.943	0.027	0.015
0.013	0.124	0.862	0.001
0.001	0.769	0.001	0.229
0.598	0.302	0.096	0.004
>CAGCAGCAGCAG	13-CAGCAGCAGCAG	-0.755162	-294.759560	0	T:7862.0(15.24%),B:5577.0(11.69%),P:1e-128	Tpos:54.3,Tstd:27.4,Bpos:49.4,Bstd:30.9,StrandBias:0.3,Multiplicity:1.09
0.119	0.879	0.001	0.001
0.707	0.001	0.291	0.001
0.001	0.001	0.997	0.001
0.001	0.912	0.001	0.086
0.898	0.001	0.100	0.001
0.001	0.001	0.997	0.001
0.001	0.908	0.001	0.090
0.874	0.001	0.124	0.001
0.001	0.001	0.997	0.001
0.001	0.997	0.001	0.001
0.851	0.001	0.001	0.147
0.084	0.001	0.914	0.001
>TTAAAGGSGCSG	14-TTAAAGGSGCSG	6.168379	-261.488539	0	T:1650.0(3.20%),B:830.4(1.74%),P:1e-113	Tpos:47.4,Tstd:23.5,Bpos:50.6,Bstd:30.7,StrandBias:0.6,Multiplicity:1.03
0.031	0.010	0.104	0.855
0.151	0.208	0.032	0.609
0.792	0.010	0.031	0.167
0.875	0.001	0.071	0.053
0.926	0.021	0.011	0.042
0.031	0.010	0.958	0.001
0.011	0.031	0.957	0.001
0.022	0.489	0.468	0.021
0.001	0.116	0.841	0.042
0.189	0.665	0.136	0.010
0.014	0.548	0.416	0.022
0.041	0.156	0.772	0.031
>MDTCTCGCGAGA	15-MDTCTCGCGAGA	8.883785	-244.510885	0	T:227.0(0.44%),B:31.9(0.07%),P:1e-106	Tpos:35.5,Tstd:22.2,Bpos:47.8,Bstd:29.6,StrandBias:-0.1,Multiplicity:1.04
0.435	0.296	0.220	0.049
0.350	0.197	0.204	0.249
0.023	0.160	0.035	0.782
0.075	0.797	0.105	0.023
0.035	0.081	0.023	0.861
0.001	0.987	0.011	0.001
0.012	0.023	0.930	0.035
0.012	0.964	0.012	0.012
0.001	0.001	0.997	0.001
0.778	0.108	0.102	0.012
0.023	0.050	0.819	0.108
0.704	0.071	0.178	0.047
>TGACGTCACCGS	16-TGACGTCACCGS	8.204364	-241.522888	0	T:552.0(1.07%),B:171.6(0.36%),P:1e-104	Tpos:35.3,Tstd:21.0,Bpos:55.1,Bstd:37.3,StrandBias:0.1,Multiplicity:1.03
0.004	0.017	0.041	0.938
0.001	0.117	0.870	0.012
0.916	0.063	0.017	0.004
0.004	0.963	0.029	0.004
0.025	0.017	0.954	0.004
0.012	0.165	0.008	0.815
0.001	0.891	0.107	0.001
0.937	0.017	0.042	0.004
0.036	0.714	0.149	0.101
0.251	0.477	0.203	0.069
0.130	0.174	0.629	0.067
0.119	0.456	0.347	0.077
>TTTTTTTACAGG	17-TTTTTTTACAGG	8.476862	-200.027947	0	T:1630.0(3.16%),B:889.7(1.86%),P:1e-86	Tpos:51.9,Tstd:27.2,Bpos:49.9,Bstd:30.9,StrandBias:1.6,Multiplicity:1.02
0.030	0.017	0.016	0.937
0.021	0.036	0.029	0.914
0.043	0.043	0.047	0.867
0.056	0.078	0.063	0.803
0.036	0.050	0.036	0.878
0.030	0.052	0.013	0.905
0.078	0.077	0.015	0.830
0.590	0.152	0.039	0.219
0.185	0.668	0.031	0.116
0.914	0.010	0.031	0.045
0.052	0.008	0.884	0.056
0.094	0.055	0.811	0.040
>CGCATGCGCGCA	18-CGCATGCGCGCA	11.632844	-181.300039	0	T:128.0(0.25%),B:13.0(0.03%),P:1e-78	Tpos:37.0,Tstd:21.0,Bpos:0.0,Bstd:0.0,StrandBias:0.0,Multiplicity:1.00
0.048	0.894	0.039	0.019
0.138	0.029	0.809	0.024
0.024	0.961	0.005	0.010
0.772	0.086	0.103	0.039
0.080	0.213	0.062	0.645
0.037	0.010	0.929	0.024
0.019	0.923	0.024	0.034
0.019	0.029	0.923	0.029
0.014	0.852	0.029	0.105
0.014	0.053	0.899	0.034
0.043	0.866	0.077	0.014
0.727	0.075	0.086	0.112
>KGGKGGGGGGGG	19-KGGKGGGGGGGG	8.422603	-181.193745	0	T:1746.0(3.38%),B:998.7(2.09%),P:1e-78	Tpos:50.0,Tstd:18.6,Bpos:50.6,Bstd:26.6,StrandBias:2.6,Multiplicity:1.02
0.050	0.052	0.461	0.438
0.001	0.001	0.598	0.400
0.001	0.001	0.645	0.353
0.001	0.001	0.560	0.438
0.001	0.010	0.669	0.320
0.001	0.001	0.669	0.329
0.001	0.001	0.717	0.281
0.001	0.001	0.694	0.304
0.043	0.001	0.749	0.207
0.048	0.001	0.769	0.182
0.062	0.001	0.738	0.199
0.140	0.001	0.636	0.223
>GCGTCACGTGAC	20-GCGTCACGTGAC	8.843919	-162.707064	0	T:341.0(0.66%),B:100.3(0.21%),P:1e-70	Tpos:38.1,Tstd:21.8,Bpos:46.2,Bstd:29.9,StrandBias:-0.1,Multiplicity:1.06
0.060	0.100	0.736	0.104
0.164	0.460	0.306	0.070
0.049	0.136	0.798	0.017
0.021	0.120	0.041	0.818
0.001	0.958	0.025	0.016
0.942	0.021	0.033	0.004
0.013	0.869	0.037	0.081
0.038	0.061	0.880	0.021
0.008	0.021	0.021	0.950
0.017	0.017	0.962	0.004
0.813	0.037	0.133	0.017
0.037	0.821	0.109	0.033
>CGTCTCTATGGT	21-CGTCTCTATGGT	11.003964	-141.804711	0	T:49.0(0.09%),B:1.9(0.00%),P:1e-61	Tpos:41.7,Tstd:23.4,Bpos:31.9,Bstd:9.9,StrandBias:0.1,Multiplicity:1.00
0.052	0.793	0.103	0.052
0.001	0.051	0.947	0.001
0.051	0.001	0.001	0.947
0.001	0.897	0.051	0.051
0.001	0.001	0.001	0.997
0.001	0.947	0.051	0.001
0.001	0.051	0.051	0.897
0.947	0.001	0.051	0.001
0.001	0.001	0.001	0.997
0.001	0.001	0.997	0.001
0.103	0.103	0.742	0.052
0.028	0.167	0.028	0.777
>TTTAAAAAAAAA	22-TTTAAAAAAAAA	9.954161	-118.692007	0	T:1510.0(2.93%),B:924.1(1.94%),P:1e-51	Tpos:56.8,Tstd:30.0,Bpos:48.8,Bstd:28.9,StrandBias:-1.5,Multiplicity:1.04
0.185	0.002	0.078	0.735
0.102	0.030	0.061	0.807
0.084	0.040	0.067	0.809
0.875	0.001	0.008	0.116
0.941	0.001	0.001	0.057
0.898	0.001	0.053	0.048
0.861	0.002	0.100	0.037
0.715	0.038	0.172	0.075
0.794	0.018	0.102	0.086
0.762	0.035	0.106	0.097
0.811	0.058	0.031	0.100
0.910	0.048	0.038	0.004
>AGGTCTATCAGG	23-AGGTCTATCAGG	7.993428	-103.968901	0	T:54.0(0.10%),B:4.0(0.01%),P:1e-45	Tpos:60.9,Tstd:20.7,Bpos:45.9,Bstd:26.9,StrandBias:0.4,Multiplicity:1.00
0.557	0.099	0.165	0.179
0.201	0.060	0.588	0.151
0.151	0.159	0.525	0.165
0.151	0.134	0.152	0.563
0.130	0.588	0.107	0.175
0.140	0.173	0.089	0.598
0.477	0.132	0.172	0.219
0.143	0.149	0.143	0.565
0.138	0.594	0.177	0.091
0.794	0.023	0.050	0.133
0.149	0.079	0.623	0.149
0.197	0.190	0.440	0.173
>CTGTTGTAATAT	24-CTGTTGTAATAT	11.129655	-101.054595	0	T:38.0(0.07%),B:1.7(0.00%),P:1e-43	Tpos:51.3,Tstd:26.8,Bpos:48.0,Bstd:10.7,StrandBias:0.4,Multiplicity:1.00
0.043	0.744	0.091	0.122
0.055	0.018	0.001	0.926
0.043	0.073	0.805	0.079
0.056	0.067	0.043	0.834
0.068	0.018	0.031	0.883
0.031	0.037	0.763	0.169
0.025	0.043	0.088	0.844
0.836	0.031	0.049	0.084
0.890	0.019	0.043	0.048
0.055	0.056	0.062	0.827
0.800	0.061	0.074	0.065
0.049	0.037	0.050	0.864
>TAGGGGCGGGAC	25-TAGGGGCGGGAC	11.056068	-63.950206	0	T:126.0(0.24%),B:36.5(0.08%),P:1e-27	Tpos:44.0,Tstd:24.7,Bpos:52.7,Bstd:11.5,StrandBias:1.0,Multiplicity:1.00
0.032	0.109	0.106	0.753
0.702	0.088	0.166	0.044
0.063	0.013	0.850	0.074
0.051	0.019	0.905	0.025
0.044	0.026	0.898	0.032
0.038	0.045	0.885	0.032
0.032	0.863	0.025	0.080
0.114	0.044	0.785	0.057
0.045	0.013	0.917	0.025
0.025	0.070	0.861	0.044
0.768	0.076	0.082	0.074
0.032	0.828	0.083	0.057
>CGGAAG	1-CGGAAG	6.797665	-1194.334311	0	T:4899.0(9.49%),B:2115.5(4.43%),P:1e-518	Tpos:46.3,Tstd:24.6,Bpos:50.7,Bstd:37.9,StrandBias:0.3,Multiplicity:1.23
0.001	0.997	0.001	0.001
0.001	0.001	0.997	0.001
0.001	0.001	0.997	0.001
0.997	0.001	0.001	0.001
0.997	0.001	0.001	0.001
0.222	0.001	0.776	0.001
>TAGGGG	2-TAGGGG	3.272522	-964.005008	0	T:35327.0(68.46%),B:28208.6(59.12%),P:1e-418	Tpos:49.8,Tstd:26.2,Bpos:50.2,Bstd:31.2,StrandBias:0.8,Multiplicity:1.52
0.316	0.001	0.043	0.640
0.636	0.022	0.247	0.095
0.113	0.183	0.655	0.049
0.090	0.202	0.595	0.113
0.089	0.123	0.719	0.069
0.034	0.179	0.756	0.031
>GCGGAA	3-GCGGAA	3.613410	-709.057076	0	T:31440.0(60.93%),B:25153.0(52.72%),P:1e-307	Tpos:51.2,Tstd:26.3,Bpos:50.0,Bstd:33.1,StrandBias:0.9,Multiplicity:1.72
0.026	0.074	0.836	0.064
0.217	0.595	0.165	0.023
0.077	0.131	0.674	0.118
0.100	0.127	0.664	0.109
0.676	0.109	0.067	0.148
0.556	0.046	0.217	0.181
>AACAGC	4-AACAGC	3.523395	-611.732357	0	T:30812.0(59.71%),B:24847.0(52.08%),P:1e-265	Tpos:51.3,Tstd:28.1,Bpos:49.7,Bstd:30.9,StrandBias:-0.1,Multiplicity:1.47
0.850	0.026	0.052	0.072
0.817	0.001	0.181	0.001
0.049	0.949	0.001	0.001
0.705	0.058	0.102	0.135
0.001	0.039	0.959	0.001
0.001	0.875	0.097	0.027
>ATAGCG	5-ATAGCG	2.630129	-593.767323	0	T:12386.0(24.00%),B:8574.4(17.97%),P:1e-257	Tpos:50.6,Tstd:28.1,Bpos:49.3,Bstd:34.7,StrandBias:-0.0,Multiplicity:1.05
0.731	0.001	0.022	0.246
0.243	0.025	0.001	0.731
0.733	0.001	0.001	0.265
0.001	0.242	0.756	0.001
0.001	0.997	0.001	0.001
0.001	0.001	0.997	0.001
>TGACGA	6-TGACGA	4.379825	-541.363789	0	T:11626.0(22.53%),B:8066.4(16.91%),P:1e-235	Tpos:50.5,Tstd:28.1,Bpos:50.3,Bstd:33.2,StrandBias:0.6,Multiplicity:1.19
0.097	0.236	0.098	0.569
0.065	0.128	0.704	0.103
0.664	0.097	0.175	0.064
0.150	0.631	0.017	0.202
0.050	0.078	0.812	0.060
0.621	0.063	0.173	0.143
>TCCRGT	7-TCCRGT	4.334562	-492.372387	0	T:20350.0(39.44%),B:15686.8(32.88%),P:1e-213	Tpos:51.4,Tstd:28.2,Bpos:49.8,Bstd:31.5,StrandBias:0.1,Multiplicity:1.20
0.247	0.001	0.256	0.496
0.091	0.505	0.078	0.326
0.001	0.997	0.001	0.001
0.459	0.001	0.539	0.001
0.001	0.001	0.997	0.001
0.215	0.001	0.001	0.783
>YGACGA	8-YGACGA	3.379191	-456.939368	0	T:14647.0(28.38%),B:10824.7(22.69%),P:1e-198	Tpos:51.5,Tstd:27.8,Bpos:50.2,Bstd:38.2,StrandBias:0.1,Multiplicity:1.23
0.159	0.420	0.135	0.287
0.148	0.144	0.541	0.167
0.525	0.087	0.219	0.169
0.146	0.649	0.001	0.204
0.075	0.040	0.836	0.049
0.545	0.162	0.264	0.029
>GCGGAT	9-GCGGAT	4.813166	-353.932399	0	T:7057.0(13.68%),B:4775.1(10.01%),P:1e-153	Tpos:46.0,Tstd:27.5,Bpos:50.5,Bstd:31.2,StrandBias:-0.0,Multiplicity:1.11
0.040	0.138	0.730	0.092
0.001	0.997	0.001	0.001
0.001	0.313	0.515	0.171
0.250	0.219	0.409	0.122
0.760	0.001	0.001	0.238
0.157	0.065	0.001	0.777
>GATTGG	10-GATTGG	5.196186	-339.883681	0	T:9565.0(18.54%),B:6864.0(14.39%),P:1e-147	Tpos:49.4,Tstd:27.9,Bpos:50.4,Bstd:29.4,StrandBias:0.8,Multiplicity:1.05
0.001	0.117	0.881	0.001
0.909	0.001	0.089	0.001
0.001	0.001	0.353	0.645
0.001	0.001	0.001	0.997
0.001	0.121	0.877	0.001
0.001	0.001	0.997	0.001
>GAAGAT	11-GAAGAT	5.463375	-307.041710	0	T:8700.0(16.86%),B:6235.6(13.07%),P:1e-133	Tpos:53.4,Tstd:28.6,Bpos:49.6,Bstd:32.3,StrandBias:0.9,Multiplicity:1.07
0.001	0.001	0.997	0.001
0.997	0.001	0.001	0.001
0.642	0.081	0.001	0.276
0.001	0.001	0.997	0.001
0.791	0.001	0.207	0.001
0.001	0.001	0.091	0.907
>GATGTH	12-GATGTH	0.425131	-301.765051	0	T:18209.0(35.29%),B:14447.9(30.28%),P:1e-131	Tpos:50.8,Tstd:29.0,Bpos:50.2,Bstd:29.7,StrandBias:0.5,Multiplicity:1.14
0.001	0.001	0.997	0.001
0.997	0.001	0.001	0.001
0.001	0.001	0.001	0.997
0.001	0.001	0.997	0.001
0.027	0.378	0.001	0.594
0.283	0.357	0.001	0.359
>GGCGGT	13-GGCGGT	6.027010	-269.603964	0	T:10458.0(20.27%),B:7824.1(16.40%),P:1e-117	Tpos:51.3,Tstd:27.6,Bpos:50.1,Bstd:30.7,StrandBias:0.9,Multiplicity:1.10
0.092	0.001	0.906	0.001
0.001	0.001	0.997	0.001
0.001	0.802	0.001	0.196
0.159	0.001	0.575	0.265
0.001	0.001	0.997	0.001
0.001	0.001	0.001	0.997
>KWTGGC	14-KWTGGC	5.331282	-236.207736	0	T:6594.0(12.78%),B:4693.9(9.84%),P:1e-102	Tpos:51.8,Tstd:28.2,Bpos:50.3,Bstd:29.4,StrandBias:0.2,Multiplicity:1.05
0.109	0.039	0.415	0.437
0.450	0.001	0.227	0.321
0.184	0.064	0.001	0.751
0.001	0.101	0.677	0.221
0.001	0.001	0.991	0.007
0.003	0.714	0.159	0.124
>GGTACG	15-GGTACG	4.988227	-216.081053	0	T:2975.0(5.77%),B:1856.5(3.89%),P:1e-93	Tpos:57.4,Tstd:28.9,Bpos:52.0,Bstd:32.9,StrandBias:0.6,Multiplicity:1.02
0.233	0.152	0.548	0.067
0.056	0.173	0.770	0.001
0.001	0.116	0.001	0.882
0.761	0.043	0.001	0.195
0.234	0.560	0.127	0.079
0.117	0.001	0.814	0.068
>TACGCC	16-TACGCC	5.878511	-203.396262	0	T:3565.0(6.91%),B:2337.4(4.90%),P:1e-88	Tpos:50.1,Tstd:27.6,Bpos:50.8,Bstd:35.0,StrandBias:-0.4,Multiplicity:1.03
0.329	0.001	0.001	0.669
0.959	0.001	0.001	0.039
0.087	0.911	0.001	0.001
0.001	0.243	0.566	0.190
0.098	0.616	0.285	0.001
0.001	0.997	0.001	0.001
>TGCTCC	17-TGCTCC	6.509193	-187.756774	0	T:8641.0(16.75%),B:6562.4(13.75%),P:1e-81	Tpos:52.1,Tstd:28.1,Bpos:49.2,Bstd:31.0,StrandBias:-0.3,Multiplicity:1.04
0.001	0.001	0.001	0.997
0.001	0.001	0.997	0.001
0.001	0.889	0.109	0.001
0.001	0.001	0.001	0.997
0.001	0.736	0.262	0.001
0.001	0.710	0.288	0.001
>ATACGG	18-ATACGG	4.533515	-177.658185	0	T:7308.0(14.16%),B:5469.4(11.46%),P:1e-77	Tpos:50.9,Tstd:29.1,Bpos:50.2,Bstd:32.0,StrandBias:-0.0,Multiplicity:1.04
0.520	0.075	0.269	0.136
0.001	0.001	0.001	0.997
0.542	0.126	0.184	0.148
0.001	0.997	0.001	0.001
0.001	0.229	0.573	0.197
0.202	0.001	0.796	0.001
>TGCGCA	19-TGCGCA	6.177716	-174.870161	0	T:1059.0(2.05%),B:525.5(1.10%),P:1e-75	Tpos:43.3,Tstd:24.9,Bpos:47.2,Bstd:35.8,StrandBias:0.0,Multiplicity:1.02
0.100	0.100	0.100	0.700
0.100	0.100	0.700	0.100
0.100	0.700	0.100	0.100
0.100	0.100	0.700	0.100
0.100	0.700	0.100	0.100
0.700	0.100	0.100	0.100
>AYGTCG	20-AYGTCG	3.176666	-173.033606	0	T:3020.0(5.85%),B:1976.3(4.14%),P:1e-75	Tpos:52.8,Tstd:29.2,Bpos:49.1,Bstd:35.9,StrandBias:-0.1,Multiplicity:1.02
0.935	0.001	0.001	0.063
0.094	0.436	0.001	0.469
0.001	0.001	0.997	0.001
0.001	0.001	0.001	0.997
0.001	0.997	0.001	0.001
0.001	0.001	0.997	0.001
>KKCGGA	21-KKCGGA	3.625374	-168.655979	0	T:14420.0(27.94%),B:11668.1(24.46%),P:1e-73	Tpos:42.1,Tstd:27.3,Bpos:48.9,Bstd:37.7,StrandBias:0.6,Multiplicity:1.40
0.229	0.072	0.416	0.283
0.035	0.001	0.436	0.528
0.143	0.565	0.087	0.205
0.088	0.198	0.713	0.001
0.170	0.194	0.564	0.072
0.404	0.222	0.242	0.132
>CGGTTG	22-CGGTTG	6.707472	-155.950206	0	T:4027.0(7.80%),B:2819.2(5.91%),P:1e-67	Tpos:51.6,Tstd:27.9,Bpos:48.4,Bstd:30.2,StrandBias:0.6,Multiplicity:1.04
0.001	0.707	0.001	0.291
0.001	0.001	0.997	0.001
0.001	0.001	0.997	0.001
0.303	0.001	0.001	0.695
0.001	0.001	0.001	0.997
0.001	0.001	0.997	0.001
>CGTCGT	23-CGTCGT	5.071301	-148.500191	0	T:2377.0(4.61%),B:1529.0(3.20%),P:1e-64	Tpos:55.9,Tstd:38.0,Bpos:25.9,Bstd:30.3,StrandBias:0.1,Multiplicity:1.00
0.001	0.997	0.001	0.001
0.001	0.001	0.997	0.001
0.001	0.001	0.001	0.997
0.001	0.997	0.001	0.001
0.058	0.001	0.940	0.001
0.001	0.027	0.293	0.679
>TCGCGA	24-TCGCGA	6.177716	-116.522178	0	T:395.0(0.77%),B:154.4(0.32%),P:1e-50	Tpos:40.9,Tstd:26.7,Bpos:52.1,Bstd:37.8,StrandBias:0.0,Multiplicity:1.03
0.100	0.100	0.100	0.700
0.100	0.700	0.100	0.100
0.100	0.100	0.700	0.100
0.100	0.700	0.100	0.100
0.100	0.100	0.700	0.100
0.700	0.100	0.100	0.100
>TCACGT	25-TCACGT	6.177716	-71.649689	0	T:1137.0(2.20%),B:730.9(1.53%),P:1e-31	Tpos:45.1,Tstd:27.1,Bpos:47.7,Bstd:33.3,StrandBias:-0.2,Multiplicity:1.04
0.100	0.100	0.100	0.700
0.100	0.700	0.100	0.100
0.700	0.100	0.100	0.100
0.100	0.700	0.100	0.100
0.100	0.100	0.700	0.100
0.100	0.100	0.100	0.700
>CCGGAAGT	1-CCGGAAGT	7.451931	-1478.101865	0	T:2106.0(4.08%),B:455.7(0.96%),P:1e-641	Tpos:43.2,Tstd:21.8,Bpos:51.1,Bstd:37.3,StrandBias:0.4,Multiplicity:1.17
0.001	0.876	0.122	0.001
0.001	0.997	0.001	0.001
0.001	0.001	0.997	0.001
0.001	0.001	0.997	0.001
0.997	0.001	0.001	0.001
0.997	0.001	0.001	0.001
0.067	0.001	0.931	0.001
0.001	0.235	0.001	0.763
>CCGCWAWA	2-CCGCWAWA	3.265200	-1160.457689	0	T:24831.0(48.12%),B:17995.3(37.72%),P:1e-503	Tpos:52.3,Tstd:26.4,Bpos:49.8,Bstd:33.1,StrandBias:-0.2,Multiplicity:1.42
0.001	0.892	0.106	0.001
0.005	0.575	0.362	0.058
0.001	0.048	0.950	0.001
0.174	0.654	0.133	0.039
0.430	0.197	0.012	0.361
0.549	0.016	0.364	0.071
0.383	0.108	0.098	0.411
0.647	0.034	0.042	0.277
>YYCCCCCC	3-YYCCCCCC	5.115895	-1155.396804	0	T:15640.0(30.31%),B:10152.8(21.28%),P:1e-501	Tpos:42.6,Tstd:23.3,Bpos:49.9,Bstd:32.6,StrandBias:-1.0,Multiplicity:1.48
0.141	0.494	0.001	0.364
0.150	0.467	0.036	0.346
0.119	0.607	0.069	0.205
0.047	0.736	0.162	0.055
0.156	0.489	0.210	0.144
0.001	0.679	0.104	0.216
0.039	0.883	0.001	0.077
0.206	0.531	0.001	0.262
>GGGSGAGT	4-GGGSGAGT	4.902991	-853.686841	0	T:15402.0(29.85%),B:10518.5(22.05%),P:1e-370	Tpos:52.0,Tstd:26.1,Bpos:50.1,Bstd:30.4,StrandBias:1.0,Multiplicity:1.09
0.001	0.007	0.991	0.001
0.110	0.170	0.719	0.001
0.169	0.029	0.759	0.043
0.071	0.376	0.380	0.173
0.234	0.266	0.423	0.076
0.717	0.001	0.147	0.135
0.034	0.028	0.830	0.108
0.211	0.001	0.001	0.787
>GATGACGA	5-GATGACGA	4.026380	-710.378414	0	T:20064.0(38.88%),B:14825.9(31.08%),P:1e-308	Tpos:53.0,Tstd:27.0,Bpos:50.1,Bstd:32.2,StrandBias:1.0,Multiplicity:1.28
0.091	0.161	0.720	0.028
0.595	0.176	0.130	0.099
0.164	0.201	0.130	0.505
0.066	0.001	0.884	0.049
0.777	0.033	0.116	0.074
0.117	0.493	0.132	0.258
0.084	0.100	0.775	0.041
0.607	0.130	0.124	0.139
>TGGAGGAG	6-TGGAGGAG	5.573834	-619.865227	0	T:9389.0(18.20%),B:6090.0(12.76%),P:1e-269	Tpos:53.4,Tstd:26.4,Bpos:50.2,Bstd:31.0,StrandBias:1.2,Multiplicity:1.08
0.168	0.124	0.015	0.693
0.001	0.001	0.997	0.001
0.105	0.020	0.734	0.141
0.699	0.124	0.086	0.091
0.119	0.073	0.694	0.114
0.157	0.114	0.642	0.087
0.780	0.051	0.111	0.058
0.127	0.028	0.758	0.087
>AAGAGGMG	7-AAGAGGMG	4.939838	-608.596800	0	T:11468.0(22.22%),B:7787.2(16.32%),P:1e-264	Tpos:51.4,Tstd:26.1,Bpos:49.3,Bstd:30.6,StrandBias:0.8,Multiplicity:1.07
0.678	0.079	0.001	0.242
0.818	0.019	0.001	0.162
0.142	0.210	0.576	0.072
0.422	0.252	0.163	0.163
0.109	0.205	0.683	0.003
0.012	0.130	0.839	0.019
0.389	0.244	0.205	0.162
0.134	0.160	0.609	0.097
>RVTDWCCG	8-RVTDWCCG	4.360181	-549.156792	0	T:7510.0(14.55%),B:4742.0(9.94%),P:1e-238	Tpos:51.9,Tstd:27.0,Bpos:50.7,Bstd:35.1,StrandBias:-0.0,Multiplicity:1.10
0.394	0.182	0.415	0.009
0.314	0.340	0.317	0.030
0.175	0.178	0.096	0.551
0.373	0.023	0.260	0.344
0.467	0.017	0.014	0.502
0.077	0.804	0.038	0.081
0.025	0.579	0.376	0.020
0.091	0.086	0.781	0.042
>SRWCSGTA	9-SRWCSGTA	5.283594	-515.321017	0	T:4741.0(9.19%),B:2700.5(5.66%),P:1e-223	Tpos:51.3,Tstd:27.3,Bpos:49.3,Bstd:38.2,StrandBias:0.3,Multiplicity:1.04
0.222	0.389	0.388	0.001
0.515	0.001	0.419	0.065
0.402	0.001	0.229	0.369
0.001	0.997	0.001	0.001
0.001	0.500	0.498	0.001
0.015	0.001	0.983	0.001
0.300	0.060	0.113	0.527
0.685	0.001	0.001	0.313
>AGCTGTTG	10-AGCTGTTG	4.824320	-433.061738	0	T:15733.0(30.49%),B:11828.8(24.79%),P:1e-188	Tpos:51.4,Tstd:27.9,Bpos:49.9,Bstd:28.7,StrandBias:0.4,Multiplicity:1.14
0.575	0.100	0.183	0.142
0.112	0.125	0.762	0.001
0.007	0.698	0.126	0.169
0.229	0.125	0.011	0.635
0.001	0.001	0.997	0.001
0.001	0.202	0.102	0.695
0.029	0.076	0.087	0.808
0.072	0.114	0.675	0.139
>CGATTGGC	11-CGATTGGC	5.577148	-388.901872	0	T:2571.0(4.98%),B:1317.4(2.76%),P:1e-168	Tpos:41.3,Tstd:27.4,Bpos:49.6,Bstd:29.7,StrandBias:0.1,Multiplicity:1.03
0.069	0.754	0.063	0.114
0.080	0.203	0.654	0.063
0.842	0.032	0.075	0.051
0.073	0.081	0.099	0.747
0.049	0.132	0.014	0.805
0.122	0.101	0.723	0.054
0.105	0.025	0.833	0.037
0.109	0.645	0.054	0.192
>AGTWCGWC	12-AGTWCGWC	3.827747	-379.146716	0	T:10261.0(19.88%),B:7336.8(15.38%),P:1e-164	Tpos:51.5,Tstd:28.1,Bpos:50.8,Bstd:34.7,StrandBias:-0.0,Multiplicity:1.07
0.533	0.129	0.125	0.213
0.238	0.001	0.534	0.227
0.263	0.012	0.077	0.648
0.374	0.064	0.163	0.399
0.001	0.973	0.001	0.025
0.047	0.041	0.865	0.047
0.404	0.085	0.167	0.343
0.149	0.754	0.001	0.096
>GTGACGTS	13-GTGACGTS	7.077875	-357.376303	0	T:1007.0(1.95%),B:354.6(0.74%),P:1e-155	Tpos:35.9,Tstd:23.0,Bpos:50.1,Bstd:37.6,StrandBias:0.3,Multiplicity:1.05
0.046	0.001	0.815	0.138
0.001	0.001	0.001	0.997
0.075	0.144	0.747	0.034
0.997	0.001	0.001	0.001
0.001	0.997	0.001	0.001
0.001	0.001	0.933	0.065
0.034	0.066	0.073	0.827
0.195	0.387	0.289	0.129
>GCGCATGC	14-GCGCATGC	9.382280	-285.015123	0	T:1155.0(2.24%),B:488.6(1.02%),P:1e-123	Tpos:39.7,Tstd:21.3,Bpos:50.4,Bstd:37.1,StrandBias:0.1,Multiplicity:1.08
0.070	0.001	0.928	0.001
0.076	0.922	0.001	0.001
0.001	0.001	0.997	0.001
0.001	0.997	0.001	0.001
0.997	0.001	0.001	0.001
0.001	0.001	0.215	0.783
0.001	0.001	0.997	0.001
0.001	0.997	0.001	0.001
>TCTCGCGA	15-TCTCGCGA	9.059407	-277.095130	0	T:211.0(0.41%),B:22.8(0.05%),P:1e-120	Tpos:34.0,Tstd:22.0,Bpos:48.0,Bstd:29.3,StrandBias:0.2,Multiplicity:1.05
0.001	0.001	0.001	0.997
0.134	0.723	0.142	0.001
0.001	0.001	0.001	0.997
0.001	0.997	0.001	0.001
0.001	0.001	0.997	0.001
0.001	0.997	0.001	0.001
0.001	0.001	0.997	0.001
0.997	0.001	0.001	0.001
>TCGCWTTT	16-TCGCWTTT	4.854740	-257.705230	0	T:5198.0(10.07%),B:3507.0(7.35%),P:1e-111	Tpos:52.6,Tstd:27.2,Bpos:50.4,Bstd:34.7,StrandBias:-0.3,Multiplicity:1.07
0.001	0.001	0.219	0.779
0.001	0.997	0.001	0.001
0.001	0.001	0.997	0.001
0.336	0.585	0.001	0.078
0.455	0.189	0.001	0.355
0.210	0.001	0.229	0.560
0.288	0.200	0.001	0.511
0.389	0.001	0.001	0.609
>TGCGCAGT	17-TGCGCAGT	6.537521	-240.075184	0	T:1180.0(2.29%),B:541.3(1.13%),P:1e-104	Tpos:43.4,Tstd:26.5,Bpos:48.3,Bstd:33.8,StrandBias:0.1,Multiplicity:1.01
0.085	0.114	0.052	0.749
0.200	0.041	0.648	0.111
0.097	0.901	0.001	0.001
0.001	0.001	0.997	0.001
0.073	0.676	0.111	0.140
0.903	0.053	0.042	0.002
0.135	0.137	0.536	0.192
0.073	0.045	0.289	0.593
>GAWCTGGC	18-GAWCTGGC	5.597631	-239.359146	0	T:6832.0(13.24%),B:4880.6(10.23%),P:1e-103	Tpos:51.5,Tstd:27.6,Bpos:49.9,Bstd:29.6,StrandBias:0.3,Multiplicity:1.06
0.001	0.110	0.838	0.051
0.789	0.209	0.001	0.001
0.395	0.001	0.144	0.461
0.156	0.472	0.056	0.315
0.001	0.001	0.001	0.997
0.090	0.001	0.797	0.112
0.254	0.050	0.568	0.128
0.132	0.676	0.001	0.191
>CTGRTCGR	19-CTGRTCGR	5.749550	-225.131418	0	T:2142.0(4.15%),B:1221.6(2.56%),P:1e-97	Tpos:50.0,Tstd:27.8,Bpos:48.8,Bstd:29.4,StrandBias:0.2,Multiplicity:1.01
0.201	0.607	0.160	0.032
0.001	0.001	0.230	0.768
0.001	0.001	0.796	0.202
0.453	0.001	0.308	0.239
0.133	0.001	0.157	0.709
0.001	0.578	0.001	0.420
0.218	0.069	0.634	0.079
0.408	0.135	0.456	0.001
>GGTAAGTA	20-GGTAAGTA	7.335433	-144.884036	0	T:941.0(1.82%),B:478.2(1.00%),P:1e-62	Tpos:58.8,Tstd:28.2,Bpos:52.8,Bstd:31.8,StrandBias:0.8,Multiplicity:1.01
0.076	0.050	0.756	0.118
0.001	0.001	0.997	0.001
0.039	0.015	0.001	0.945
0.840	0.015	0.122	0.023
0.997	0.001	0.001	0.001
0.001	0.001	0.997	0.001
0.038	0.040	0.001	0.921
0.646	0.022	0.266	0.066
>CGTGACGC	21-CGTGACGC	5.024927	-143.053817	0	T:343.0(0.66%),B:110.3(0.23%),P:1e-62	Tpos:36.6,Tstd:24.4,Bpos:47.0,Bstd:35.7,StrandBias:-0.1,Multiplicity:1.00
0.001	0.997	0.001	0.001
0.001	0.001	0.997	0.001
0.001	0.001	0.001	0.997
0.087	0.321	0.591	0.001
0.997	0.001	0.001	0.001
0.001	0.997	0.001	0.001
0.001	0.001	0.997	0.001
0.001	0.994	0.001	0.004
>TCGTTCAG	22-TCGTTCAG	7.323948	-134.614031	0	T:1438.0(2.79%),B:844.9(1.77%),P:1e-58	Tpos:50.3,Tstd:27.0,Bpos:51.3,Bstd:31.6,StrandBias:0.3,Multiplicity:1.01
0.002	0.378	0.003	0.617
0.001	0.756	0.242	0.001
0.005	0.001	0.611	0.383
0.376	0.001	0.010	0.613
0.007	0.233	0.073	0.687
0.002	0.883	0.045	0.070
0.684	0.314	0.001	0.001
0.001	0.001	0.997	0.001
>ACCGACGY	23-ACCGACGY	7.638011	-117.522452	0	T:504.0(0.98%),B:219.5(0.46%),P:1e-51	Tpos:52.4,Tstd:27.3,Bpos:48.7,Bstd:40.6,StrandBias:-0.5,Multiplicity:1.01
0.658	0.001	0.001	0.340
0.089	0.909	0.001	0.001
0.001	0.659	0.001	0.339
0.001	0.001	0.997	0.001
0.997	0.001	0.001	0.001
0.121	0.877	0.001	0.001
0.001	0.001	0.781	0.217
0.001	0.444	0.224	0.331
>KTWAAAAA	24-KTWAAAAA	5.848338	-90.200775	0	T:7067.0(13.70%),B:5622.7(11.79%),P:1e-39	Tpos:51.9,Tstd:29.7,Bpos:50.1,Bstd:30.6,StrandBias:-0.9,Multiplicity:1.15
0.189	0.125	0.405	0.281
0.251	0.011	0.196	0.542
0.478	0.011	0.001	0.510
0.712	0.063	0.031	0.194
0.757	0.093	0.069	0.081
0.653	0.068	0.113	0.166
0.776	0.062	0.137	0.025
0.712	0.173	0.091	0.024
>GCGGCCAT	25-GCGGCCAT	9.939219	-88.288471	0	T:250.0(0.48%),B:89.6(0.19%),P:1e-38	Tpos:61.6,Tstd:28.8,Bpos:51.8,Bstd:35.4,StrandBias:0.1,Multiplicity:1.00
0.001	0.001	0.997	0.001
0.001	0.997	0.001	0.001
0.001	0.001	0.997	0.001
0.323	0.001	0.675	0.001
0.001	0.997	0.001	0.001
0.001	0.997	0.001	0.001
0.997	0.001	0.001	0.001
0.001	0.001	0.001	0.997
