>NRCTTCCGGY	1-NRCTTCCGGY	4.008925	-1553.002143	0	T:3423.0(6.63%),B:1043.4(2.20%),P:1e-674	Tpos:45.0,Tstd:23.0,Bpos:49.9,Bstd:35.0,StrandBias:-0.3,Multiplicity:1.20
0.233	0.320	0.245	0.202
0.512	0.001	0.374	0.113
0.001	0.893	0.034	0.072
0.001	0.001	0.001	0.997
0.001	0.001	0.001	0.997
0.001	0.997	0.001	0.001
0.001	0.997	0.001	0.001
0.001	0.001	0.997	0.001
0.001	0.325	0.629	0.045
0.150	0.400	0.001	0.449
>CYCCCCCCCC	2-CYCCCCCCCC	5.532506	-1125.921928	0	T:14649.0(28.39%),B:9361.8(19.70%),P:1e-488	Tpos:44.1,Tstd:22.7,Bpos:49.8,Bstd:30.9,StrandBias:-1.2,Multiplicity:1.35
0.202	0.417	0.124	0.256
0.139	0.496	0.001	0.364
0.116	0.604	0.007	0.273
0.097	0.709	0.062	0.132
0.041	0.764	0.072	0.123
0.039	0.731	0.113	0.117
0.019	0.915	0.001	0.065
0.001	0.753	0.001	0.245
0.072	0.601	0.001	0.326
0.196	0.500	0.001	0.303
>CCGCCATATT	3-CCGCCATATT	7.952626	-919.010144	0	T:711.0(1.38%),B:75.9(0.16%),P:1e-399	Tpos:69.3,Tstd:18.4,Bpos:52.9,Bstd:33.7,StrandBias:-1.4,Multiplicity:1.01
0.006	0.592	0.329	0.073
0.001	0.997	0.001	0.001
0.001	0.001	0.997	0.001
0.081	0.757	0.081	0.081
0.001	0.914	0.084	0.001
0.824	0.081	0.089	0.006
0.001	0.001	0.001	0.997
0.814	0.077	0.033	0.076
0.081	0.004	0.001	0.914
0.001	0.001	0.001	0.997
>GAWGAWGATG	4-GAWGAWGATG	5.283542	-775.733709	0	T:14224.0(27.56%),B:9664.0(20.33%),P:1e-336	Tpos:53.7,Tstd:26.2,Bpos:49.7,Bstd:31.0,StrandBias:1.3,Multiplicity:1.18
0.121	0.094	0.760	0.025
0.503	0.102	0.309	0.086
0.484	0.057	0.096	0.362
0.043	0.036	0.909	0.012
0.664	0.027	0.183	0.126
0.453	0.046	0.159	0.343
0.018	0.038	0.889	0.055
0.647	0.154	0.141	0.058
0.267	0.104	0.141	0.488
0.068	0.211	0.642	0.079
>TGGGCGGTGC	5-TGGGCGGTGC	8.722381	-727.098172	0	T:2330.0(4.52%),B:879.1(1.85%),P:1e-315	Tpos:35.1,Tstd:23.0,Bpos:55.1,Bstd:36.2,StrandBias:0.6,Multiplicity:1.02
0.033	0.001	0.117	0.849
0.001	0.063	0.935	0.001
0.001	0.001	0.997	0.001
0.001	0.001	0.981	0.017
0.001	0.997	0.001	0.001
0.001	0.001	0.964	0.034
0.023	0.001	0.975	0.001
0.123	0.002	0.276	0.599
0.035	0.011	0.943	0.011
0.001	0.833	0.030	0.136
>GGRGGHWDTT	6-GGRGGHWDTT	5.546012	-725.532339	0	T:10321.0(20.00%),B:6607.5(13.90%),P:1e-315	Tpos:52.5,Tstd:25.4,Bpos:49.5,Bstd:28.2,StrandBias:1.1,Multiplicity:1.07
0.289	0.001	0.709	0.001
0.001	0.001	0.997	0.001
0.353	0.001	0.471	0.176
0.308	0.001	0.602	0.089
0.001	0.320	0.489	0.190
0.296	0.299	0.136	0.270
0.513	0.001	0.121	0.365
0.203	0.179	0.344	0.275
0.212	0.001	0.001	0.786
0.244	0.001	0.252	0.503
>CGCAKGCGCA	7-CGCAKGCGCA	5.618107	-674.295736	0	T:1205.0(2.34%),B:312.4(0.66%),P:1e-292	Tpos:38.3,Tstd:19.8,Bpos:47.8,Bstd:39.1,StrandBias:-0.0,Multiplicity:1.10
0.001	0.997	0.001	0.001
0.001	0.001	0.997	0.001
0.001	0.997	0.001	0.001
0.997	0.001	0.001	0.001
0.001	0.001	0.434	0.564
0.001	0.001	0.997	0.001
0.001	0.997	0.001	0.001
0.001	0.001	0.997	0.001
0.001	0.997	0.001	0.001
0.480	0.250	0.269	0.001
>CGCCGCCATT	8-CGCCGCCATT	-0.959776	-655.203619	0	T:6176.0(11.97%),B:3545.1(7.46%),P:1e-284	Tpos:52.6,Tstd:27.0,Bpos:49.7,Bstd:35.3,StrandBias:-0.7,Multiplicity:1.12
0.001	0.997	0.001	0.001
0.001	0.001	0.997	0.001
0.001	0.997	0.001	0.001
0.001	0.997	0.001	0.001
0.001	0.001	0.997	0.001
0.001	0.997	0.001	0.001
0.001	0.997	0.001	0.001
0.997	0.001	0.001	0.001
0.373	0.001	0.001	0.625
0.001	0.001	0.001	0.997
>TTTCCGGCAA	9-TTTCCGGCAA	4.024427	-642.553056	0	T:12311.0(23.86%),B:8372.4(17.62%),P:1e-279	Tpos:50.9,Tstd:25.7,Bpos:49.9,Bstd:30.8,StrandBias:-0.2,Multiplicity:1.09
0.154	0.082	0.003	0.761
0.119	0.032	0.083	0.766
0.086	0.025	0.067	0.822
0.213	0.555	0.171	0.061
0.009	0.788	0.202	0.001
0.001	0.262	0.733	0.004
0.098	0.074	0.676	0.152
0.073	0.743	0.090	0.094
0.552	0.396	0.035	0.017
0.489	0.063	0.137	0.310
>CAGCAGCWGC	10-CAGCAGCWGC	4.918429	-462.841769	0	T:11865.0(22.99%),B:8422.1(17.72%),P:1e-201	Tpos:52.1,Tstd:27.4,Bpos:50.0,Bstd:29.6,StrandBias:-0.0,Multiplicity:1.14
0.145	0.588	0.191	0.076
0.552	0.015	0.126	0.307
0.197	0.001	0.616	0.186
0.099	0.647	0.108	0.146
0.547	0.046	0.066	0.341
0.223	0.023	0.749	0.005
0.061	0.772	0.027	0.140
0.459	0.147	0.044	0.350
0.299	0.081	0.550	0.070
0.168	0.545	0.017	0.270
>GGAAATGACG	11-GGAAATGACG	11.152466	-452.485926	0	T:204.0(0.40%),B:8.6(0.02%),P:1e-196	Tpos:37.0,Tstd:21.4,Bpos:14.5,Bstd:2.2,StrandBias:0.3,Multiplicity:1.00
0.054	0.226	0.719	0.001
0.001	0.054	0.873	0.072
0.997	0.001	0.001	0.001
0.997	0.001	0.001	0.001
0.534	0.233	0.232	0.001
0.001	0.001	0.001	0.997
0.226	0.307	0.465	0.001
0.997	0.001	0.001	0.001
0.001	0.997	0.001	0.001
0.001	0.001	0.997	0.001
>CGTSACGTSA	12-CGTSACGTSA	7.383034	-339.204107	0	T:860.0(1.67%),B:283.7(0.60%),P:1e-147	Tpos:34.6,Tstd:21.4,Bpos:50.8,Bstd:38.8,StrandBias:0.0,Multiplicity:1.07
0.022	0.557	0.361	0.060
0.091	0.211	0.652	0.046
0.014	0.067	0.017	0.902
0.001	0.476	0.521	0.002
0.950	0.012	0.032	0.006
0.020	0.932	0.025	0.023
0.039	0.029	0.926	0.006
0.011	0.065	0.017	0.907
0.005	0.486	0.508	0.001
0.823	0.073	0.062	0.042
>TATCAGCAGT	13-TATCAGCAGT	7.439173	-290.945386	0	T:178.0(0.34%),B:13.9(0.03%),P:1e-126	Tpos:67.7,Tstd:11.4,Bpos:51.0,Bstd:26.7,StrandBias:4.1,Multiplicity:1.00
0.001	0.001	0.001	0.997
0.997	0.001	0.001	0.001
0.001	0.001	0.001	0.997
0.001	0.997	0.001	0.001
0.997	0.001	0.001	0.001
0.001	0.001	0.997	0.001
0.001	0.997	0.001	0.001
0.705	0.292	0.002	0.001
0.001	0.001	0.997	0.001
0.001	0.001	0.167	0.831
>KCTGATTGGC	14-KCTGATTGGC	7.639458	-274.835829	0	T:1106.0(2.14%),B:464.4(0.98%),P:1e-119	Tpos:39.4,Tstd:26.5,Bpos:50.1,Bstd:27.1,StrandBias:-0.4,Multiplicity:1.01
0.001	0.203	0.351	0.444
0.048	0.800	0.151	0.001
0.001	0.275	0.001	0.723
0.001	0.389	0.609	0.001
0.997	0.001	0.001	0.001
0.034	0.134	0.054	0.778
0.001	0.001	0.001	0.997
0.001	0.001	0.997	0.001
0.001	0.001	0.997	0.001
0.057	0.941	0.001	0.001
>GTCATCAYTG	15-GTCATCAYTG	6.630042	-255.687087	0	T:2760.0(5.35%),B:1621.0(3.41%),P:1e-111	Tpos:50.1,Tstd:27.6,Bpos:49.7,Bstd:28.8,StrandBias:-0.2,Multiplicity:1.03
0.044	0.094	0.827	0.035
0.222	0.088	0.017	0.673
0.001	0.997	0.001	0.001
0.979	0.012	0.001	0.008
0.035	0.063	0.236	0.666
0.001	0.997	0.001	0.001
0.736	0.212	0.016	0.036
0.218	0.284	0.103	0.394
0.222	0.172	0.158	0.448
0.261	0.190	0.430	0.119
>CTCGCGAGAA	16-CTCGCGAGAA	9.446639	-251.031181	0	T:162.0(0.31%),B:13.5(0.03%),P:1e-109	Tpos:32.4,Tstd:21.0,Bpos:57.1,Bstd:26.0,StrandBias:-0.1,Multiplicity:1.03
0.350	0.596	0.023	0.031
0.040	0.108	0.093	0.759
0.013	0.841	0.137	0.009
0.001	0.001	0.950	0.048
0.004	0.982	0.013	0.001
0.032	0.086	0.869	0.013
0.612	0.070	0.269	0.049
0.124	0.054	0.705	0.117
0.769	0.001	0.212	0.018
0.389	0.218	0.192	0.201
>CCGCTGAAGA	17-CCGCTGAAGA	6.303989	-241.513352	0	T:3400.0(6.59%),B:2125.5(4.47%),P:1e-104	Tpos:52.2,Tstd:26.4,Bpos:50.6,Bstd:31.0,StrandBias:-0.2,Multiplicity:1.02
0.116	0.791	0.030	0.063
0.087	0.741	0.076	0.096
0.057	0.138	0.692	0.113
0.059	0.864	0.044	0.033
0.015	0.094	0.102	0.789
0.059	0.059	0.818	0.064
0.642	0.233	0.084	0.041
0.838	0.001	0.115	0.046
0.072	0.031	0.792	0.105
0.812	0.021	0.105	0.062
>CCGCCTACAA	18-CCGCCTACAA	7.335696	-191.532930	0	T:1220.0(2.36%),B:613.2(1.29%),P:1e-83	Tpos:48.6,Tstd:24.7,Bpos:48.8,Bstd:28.8,StrandBias:-1.2,Multiplicity:1.01
0.045	0.823	0.088	0.044
0.060	0.787	0.045	0.108
0.140	0.124	0.624	0.112
0.041	0.837	0.076	0.046
0.023	0.925	0.013	0.039
0.060	0.151	0.021	0.768
0.768	0.101	0.074	0.057
0.087	0.810	0.071	0.032
0.835	0.053	0.041	0.071
0.823	0.042	0.107	0.028
>TGATCCGGAT	19-TGATCCGGAT	5.787224	-183.985543	0	T:2602.0(5.04%),B:1625.2(3.42%),P:1e-79	Tpos:50.4,Tstd:26.7,Bpos:49.5,Bstd:31.6,StrandBias:0.2,Multiplicity:1.03
0.110	0.041	0.083	0.766
0.016	0.053	0.875	0.056
0.833	0.091	0.047	0.029
0.078	0.148	0.086	0.688
0.047	0.879	0.038	0.036
0.101	0.745	0.040	0.114
0.101	0.036	0.712	0.151
0.034	0.026	0.907	0.033
0.833	0.063	0.055	0.049
0.099	0.057	0.081	0.763
>GGGGCGTGGC	20-GGGGCGTGGC	10.400822	-183.771915	0	T:246.0(0.48%),B:50.8(0.11%),P:1e-79	Tpos:30.9,Tstd:19.3,Bpos:46.3,Bstd:25.7,StrandBias:0.8,Multiplicity:1.03
0.001	0.001	0.997	0.001
0.117	0.001	0.825	0.057
0.001	0.001	0.997	0.001
0.001	0.001	0.997	0.001
0.001	0.997	0.001	0.001
0.001	0.001	0.997	0.001
0.001	0.001	0.001	0.997
0.001	0.001	0.952	0.046
0.040	0.001	0.844	0.115
0.001	0.997	0.001	0.001
>CGCCCTATAA	21-CGCCCTATAA	6.404373	-158.460557	0	T:1715.0(3.32%),B:1006.4(2.12%),P:1e-68	Tpos:45.9,Tstd:24.7,Bpos:49.9,Bstd:28.1,StrandBias:-0.6,Multiplicity:1.01
0.100	0.700	0.100	0.100
0.100	0.100	0.700	0.100
0.100	0.700	0.100	0.100
0.100	0.700	0.100	0.100
0.100	0.700	0.100	0.100
0.100	0.100	0.100	0.700
0.700	0.100	0.100	0.100
0.100	0.100	0.100	0.700
0.700	0.100	0.100	0.100
0.700	0.100	0.100	0.100
>CSTSATGACG	22-CSTSATGACG	6.059345	-147.385513	0	T:113.0(0.22%),B:12.1(0.03%),P:1e-64	Tpos:41.7,Tstd:23.8,Bpos:35.5,Bstd:2.8,StrandBias:0.3,Multiplicity:1.00
0.001	0.997	0.001	0.001
0.001	0.529	0.469	0.001
0.001	0.109	0.001	0.889
0.001	0.498	0.500	0.001
0.997	0.001	0.001	0.001
0.001	0.001	0.001	0.997
0.001	0.001	0.997	0.001
0.997	0.001	0.001	0.001
0.001	0.997	0.001	0.001
0.001	0.001	0.997	0.001
>TTWAAAAAAA	23-TTWAAAAAAA	8.470557	-134.710833	0	T:2697.0(5.23%),B:1801.5(3.79%),P:1e-58	Tpos:55.0,Tstd:29.7,Bpos:48.5,Bstd:30.0,StrandBias:-1.3,Multiplicity:1.08
0.084	0.135	0.203	0.578
0.208	0.001	0.067	0.724
0.479	0.001	0.001	0.519
0.687	0.001	0.001	0.311
0.997	0.001	0.001	0.001
0.924	0.001	0.001	0.074
0.849	0.001	0.001	0.149
0.935	0.001	0.001	0.063
0.909	0.016	0.062	0.013
0.681	0.096	0.222	0.001
>GAAGATCGGC	24-GAAGATCGGC	6.714576	-132.055867	0	T:1862.0(3.61%),B:1161.3(2.44%),P:1e-57	Tpos:52.5,Tstd:26.6,Bpos:48.1,Bstd:32.2,StrandBias:0.4,Multiplicity:1.01
0.044	0.047	0.853	0.056
0.810	0.078	0.083	0.029
0.863	0.035	0.072	0.030
0.044	0.071	0.866	0.019
0.790	0.103	0.062	0.045
0.061	0.115	0.161	0.663
0.085	0.748	0.066	0.101
0.162	0.050	0.682	0.106
0.079	0.051	0.838	0.032
0.044	0.889	0.039	0.028
>ACTTACCGCT	25-ACTTACCGCT	7.880172	-118.157041	0	T:672.0(1.30%),B:325.9(0.69%),P:1e-51	Tpos:57.4,Tstd:26.7,Bpos:50.8,Bstd:30.5,StrandBias:-0.9,Multiplicity:1.01
0.852	0.046	0.006	0.096
0.001	0.901	0.045	0.053
0.007	0.133	0.001	0.859
0.011	0.169	0.025	0.795
0.748	0.056	0.006	0.190
0.001	0.997	0.001	0.001
0.141	0.778	0.051	0.030
0.206	0.097	0.468	0.230
0.116	0.707	0.129	0.048
0.009	0.087	0.011	0.893
>GCCGGAAGYNGC	1-GCCGGAAGYNGC	7.583963	-1424.345542	0	T:2016.0(3.91%),B:431.7(0.91%),P:1e-618	Tpos:43.7,Tstd:21.2,Bpos:52.8,Bstd:34.6,StrandBias:0.4,Multiplicity:1.16
0.236	0.260	0.453	0.050
0.046	0.627	0.313	0.014
0.001	0.997	0.001	0.001
0.001	0.001	0.997	0.001
0.001	0.001	0.997	0.001
0.997	0.001	0.001	0.001
0.997	0.001	0.001	0.001
0.001	0.001	0.997	0.001
0.001	0.514	0.001	0.484
0.238	0.336	0.190	0.236
0.199	0.240	0.472	0.089
0.208	0.401	0.210	0.180
>RVGGGGCGGGGC	2-RVGGGGCGGGGC	8.609072	-1119.089863	0	T:4387.0(8.50%),B:1844.8(3.88%),P:1e-486	Tpos:33.5,Tstd:20.6,Bpos:49.2,Bstd:34.3,StrandBias:0.6,Multiplicity:1.15
0.320	0.144	0.371	0.166
0.312	0.230	0.351	0.106
0.069	0.029	0.728	0.174
0.067	0.007	0.924	0.002
0.001	0.004	0.994	0.001
0.001	0.001	0.997	0.001
0.014	0.618	0.001	0.367
0.014	0.001	0.978	0.007
0.005	0.002	0.882	0.111
0.115	0.005	0.862	0.018
0.118	0.046	0.819	0.017
0.235	0.579	0.010	0.176
>AAGATGGCGGCG	3-AAGATGGCGGCG	9.421292	-1027.853599	0	T:887.0(1.72%),B:109.1(0.23%),P:1e-446	Tpos:70.5,Tstd:19.4,Bpos:55.6,Bstd:30.5,StrandBias:1.4,Multiplicity:1.01
0.945	0.019	0.029	0.007
0.909	0.037	0.046	0.008
0.285	0.114	0.585	0.016
0.969	0.008	0.017	0.006
0.010	0.008	0.017	0.965
0.001	0.005	0.993	0.001
0.005	0.008	0.982	0.005
0.028	0.943	0.013	0.016
0.032	0.025	0.871	0.072
0.051	0.070	0.854	0.025
0.111	0.773	0.027	0.089
0.075	0.289	0.512	0.124
>MDGGGGGAAAWT	4-MDGGGGGAAAWT	-0.061353	-703.971065	0	T:19670.0(38.12%),B:14441.2(30.39%),P:1e-305	Tpos:51.8,Tstd:24.1,Bpos:49.7,Bstd:30.0,StrandBias:0.7,Multiplicity:1.18
0.440	0.310	0.087	0.163
0.333	0.177	0.254	0.236
0.181	0.041	0.604	0.174
0.001	0.038	0.960	0.001
0.001	0.068	0.930	0.001
0.001	0.001	0.997	0.001
0.005	0.023	0.962	0.010
0.994	0.001	0.001	0.004
0.997	0.001	0.001	0.001
0.997	0.001	0.001	0.001
0.440	0.059	0.190	0.310
0.274	0.061	0.223	0.442
>CGGAAGTGACGT	5-CGGAAGTGACGT	10.409522	-688.092966	0	T:195.0(0.38%),B:2.9(0.01%),P:1e-298	Tpos:35.0,Tstd:16.8,Bpos:42.0,Bstd:0.0,StrandBias:0.4,Multiplicity:1.01
0.100	0.700	0.100	0.100
0.100	0.100	0.700	0.100
0.100	0.100	0.700	0.100
0.700	0.100	0.100	0.100
0.700	0.100	0.100	0.100
0.100	0.100	0.700	0.100
0.100	0.100	0.100	0.700
0.100	0.100	0.700	0.100
0.700	0.100	0.100	0.100
0.100	0.700	0.100	0.100
0.100	0.100	0.700	0.100
0.100	0.100	0.100	0.700
>KGGGGGGGGGGG	6-KGGGGGGGGGGG	5.554721	-535.418298	0	T:9809.0(19.01%),B:6569.1(13.82%),P:1e-232	Tpos:50.6,Tstd:21.4,Bpos:50.2,Bstd:25.7,StrandBias:1.8,Multiplicity:1.12
0.087	0.040	0.509	0.364
0.001	0.006	0.657	0.336
0.001	0.001	0.689	0.309
0.001	0.001	0.721	0.277
0.001	0.001	0.784	0.214
0.133	0.001	0.723	0.143
0.122	0.001	0.685	0.192
0.160	0.001	0.718	0.121
0.174	0.001	0.702	0.123
0.214	0.001	0.644	0.141
0.247	0.001	0.643	0.109
0.250	0.001	0.610	0.139
>CTGCGCATGCGC	7-CTGCGCATGCGC	8.463612	-533.473044	0	T:1329.0(2.58%),B:433.4(0.91%),P:1e-231	Tpos:38.9,Tstd:20.0,Bpos:50.0,Bstd:38.2,StrandBias:-0.1,Multiplicity:1.11
0.100	0.700	0.100	0.100
0.100	0.100	0.100	0.700
0.100	0.100	0.700	0.100
0.100	0.700	0.100	0.100
0.100	0.100	0.700	0.100
0.100	0.700	0.100	0.100
0.700	0.100	0.100	0.100
0.100	0.100	0.100	0.700
0.100	0.100	0.700	0.100
0.100	0.700	0.100	0.100
0.100	0.100	0.700	0.100
0.100	0.700	0.100	0.100
>TCTATCAGCAGK	8-TCTATCAGCAGK	11.797164	-436.507931	0	T:137.0(0.27%),B:2.0(0.00%),P:1e-189	Tpos:67.5,Tstd:10.6,Bpos:44.4,Bstd:11.5,StrandBias:4.2,Multiplicity:1.00
0.121	0.133	0.240	0.506
0.116	0.543	0.319	0.022
0.044	0.094	0.011	0.851
0.859	0.065	0.054	0.022
0.044	0.023	0.034	0.899
0.211	0.734	0.033	0.022
0.891	0.022	0.011	0.076
0.034	0.033	0.851	0.082
0.032	0.913	0.044	0.011
0.796	0.001	0.001	0.202
0.022	0.053	0.913	0.012
0.001	0.022	0.421	0.556
>TGAAGATGATGA	9-TGAAGATGATGA	4.942340	-417.561679	0	T:7984.0(15.47%),B:5357.8(11.27%),P:1e-181	Tpos:52.8,Tstd:26.6,Bpos:50.6,Bstd:30.2,StrandBias:1.2,Multiplicity:1.15
0.182	0.016	0.068	0.734
0.046	0.021	0.906	0.027
0.872	0.058	0.052	0.018
0.648	0.010	0.038	0.304
0.058	0.010	0.914	0.018
0.878	0.033	0.051	0.038
0.187	0.021	0.022	0.770
0.036	0.012	0.938	0.014
0.817	0.078	0.074	0.031
0.233	0.030	0.029	0.708
0.045	0.030	0.916	0.009
0.901	0.025	0.018	0.056
>GAGGAGGAGGAG	10-GAGGAGGAGGAG	6.932974	-401.403782	0	T:6599.0(12.79%),B:4292.6(9.03%),P:1e-174	Tpos:49.9,Tstd:24.2,Bpos:49.2,Bstd:30.3,StrandBias:1.5,Multiplicity:1.16
0.091	0.072	0.818	0.019
0.809	0.064	0.074	0.053
0.114	0.038	0.803	0.045
0.053	0.047	0.892	0.008
0.817	0.033	0.089	0.061
0.126	0.011	0.818	0.045
0.029	0.039	0.923	0.009
0.806	0.048	0.057	0.089
0.111	0.011	0.836	0.042
0.062	0.051	0.873	0.014
0.809	0.046	0.083	0.062
0.126	0.027	0.799	0.048
>TCTCGCGAGAYT	11-TCTCGCGAGAYT	9.556672	-370.203197	0	T:154.0(0.30%),B:5.3(0.01%),P:1e-160	Tpos:33.7,Tstd:20.3,Bpos:56.5,Bstd:7.5,StrandBias:0.1,Multiplicity:1.03
0.010	0.298	0.030	0.662
0.160	0.789	0.050	0.001
0.001	0.001	0.001	0.997
0.001	0.997	0.001	0.001
0.001	0.001	0.997	0.001
0.001	0.997	0.001	0.001
0.001	0.001	0.997	0.001
0.997	0.001	0.001	0.001
0.001	0.001	0.780	0.218
0.801	0.001	0.197	0.001
0.036	0.331	0.164	0.469
0.052	0.253	0.044	0.651
>AATGGCGGCGGC	12-AATGGCGGCGGC	8.463612	-307.735974	0	T:1367.0(2.65%),B:600.0(1.26%),P:1e-133	Tpos:57.7,Tstd:26.4,Bpos:49.2,Bstd:38.6,StrandBias:0.7,Multiplicity:1.05
0.700	0.100	0.100	0.100
0.700	0.100	0.100	0.100
0.100	0.100	0.100	0.700
0.100	0.100	0.700	0.100
0.100	0.100	0.700	0.100
0.100	0.700	0.100	0.100
0.100	0.100	0.700	0.100
0.100	0.100	0.700	0.100
0.100	0.700	0.100	0.100
0.100	0.100	0.700	0.100
0.100	0.100	0.700	0.100
0.100	0.700	0.100	0.100
>RGCCAATSRGAG	13-RGCCAATSRGAG	7.643967	-280.604464	0	T:1035.0(2.01%),B:417.9(0.88%),P:1e-121	Tpos:36.8,Tstd:25.9,Bpos:50.6,Bstd:29.5,StrandBias:0.2,Multiplicity:1.02
0.430	0.086	0.468	0.016
0.242	0.024	0.691	0.043
0.001	0.997	0.001	0.001
0.001	0.997	0.001	0.001
0.994	0.004	0.001	0.001
0.834	0.077	0.075	0.014
0.019	0.014	0.001	0.966
0.057	0.417	0.502	0.024
0.506	0.001	0.469	0.024
0.001	0.122	0.876	0.001
0.603	0.271	0.125	0.001
0.335	0.001	0.650	0.014
>CAGCAGCAGCAA	14-CAGCAGCAGCAA	5.842235	-277.588543	0	T:5263.0(10.20%),B:3500.9(7.37%),P:1e-120	Tpos:52.7,Tstd:27.1,Bpos:49.8,Bstd:29.1,StrandBias:0.1,Multiplicity:1.08
0.043	0.875	0.061	0.021
0.825	0.031	0.072	0.072
0.095	0.031	0.842	0.032
0.029	0.849	0.082	0.040
0.819	0.031	0.069	0.081
0.050	0.031	0.904	0.015
0.024	0.913	0.028	0.035
0.864	0.041	0.030	0.065
0.026	0.053	0.899	0.022
0.046	0.842	0.082	0.030
0.751	0.125	0.046	0.078
0.618	0.043	0.301	0.038
>SSGTCACGTGAC	15-SSGTCACGTGAC	8.572369	-274.732172	0	T:527.0(1.02%),B:144.1(0.30%),P:1e-119	Tpos:35.7,Tstd:20.8,Bpos:50.3,Bstd:33.9,StrandBias:-0.0,Multiplicity:1.05
0.099	0.357	0.429	0.115
0.123	0.383	0.335	0.158
0.096	0.208	0.689	0.007
0.024	0.194	0.036	0.746
0.003	0.598	0.390	0.009
0.932	0.039	0.023	0.006
0.010	0.817	0.101	0.072
0.047	0.090	0.850	0.013
0.006	0.044	0.031	0.919
0.009	0.363	0.624	0.004
0.725	0.031	0.227	0.017
0.033	0.687	0.179	0.101
>TGACGTCAKCGC	16-TGACGTCAKCGC	8.032897	-272.190868	0	T:638.0(1.24%),B:200.5(0.42%),P:1e-118	Tpos:40.3,Tstd:23.5,Bpos:48.2,Bstd:32.6,StrandBias:0.2,Multiplicity:1.02
0.023	0.065	0.082	0.830
0.028	0.032	0.907	0.033
0.792	0.024	0.161	0.023
0.042	0.782	0.037	0.139
0.080	0.037	0.855	0.028
0.019	0.122	0.014	0.845
0.009	0.976	0.014	0.001
0.878	0.056	0.009	0.057
0.033	0.235	0.326	0.406
0.126	0.684	0.074	0.116
0.215	0.051	0.664	0.070
0.084	0.551	0.213	0.152
>AGCGCCGCCRTG	17-AGCGCCGCCRTG	8.990409	-238.711107	0	T:97.0(0.19%),B:3.2(0.01%),P:1e-103	Tpos:56.9,Tstd:25.7,Bpos:58.4,Bstd:4.4,StrandBias:-0.1,Multiplicity:1.02
0.527	0.172	0.177	0.124
0.094	0.180	0.634	0.092
0.111	0.590	0.218	0.081
0.129	0.157	0.618	0.096
0.073	0.693	0.132	0.102
0.160	0.593	0.140	0.107
0.099	0.029	0.702	0.170
0.071	0.744	0.119	0.066
0.116	0.685	0.128	0.071
0.425	0.106	0.355	0.114
0.134	0.281	0.143	0.442
0.065	0.169	0.670	0.096
>AAGGTCTATCAG	18-AAGGTCTATCAG	11.329216	-238.379560	0	T:73.0(0.14%),B:1.6(0.00%),P:1e-103	Tpos:60.7,Tstd:16.6,Bpos:26.0,Bstd:0.0,StrandBias:2.0,Multiplicity:1.00
0.726	0.154	0.068	0.052
0.885	0.029	0.052	0.034
0.074	0.029	0.796	0.101
0.085	0.164	0.688	0.063
0.052	0.069	0.040	0.839
0.040	0.806	0.091	0.063
0.103	0.040	0.023	0.834
0.874	0.029	0.034	0.063
0.011	0.057	0.040	0.892
0.046	0.874	0.040	0.040
0.914	0.017	0.017	0.052
0.042	0.034	0.895	0.029
>TTCCGTTTCCGG	19-TTCCGTTTCCGG	10.471513	-185.686391	0	T:81.0(0.16%),B:3.9(0.01%),P:1e-80	Tpos:47.9,Tstd:21.3,Bpos:59.0,Bstd:0.0,StrandBias:0.7,Multiplicity:1.01
0.007	0.041	0.001	0.951
0.007	0.001	0.007	0.985
0.007	0.985	0.001	0.007
0.001	0.992	0.001	0.006
0.007	0.007	0.863	0.123
0.007	0.001	0.352	0.640
0.001	0.006	0.001	0.992
0.007	0.007	0.007	0.979
0.001	0.992	0.001	0.006
0.001	0.992	0.001	0.006
0.001	0.001	0.997	0.001
0.007	0.007	0.979	0.007
>YRAAGGMGCCGC	20-YRAAGGMGCCGC	10.310297	-185.686391	0	T:81.0(0.16%),B:3.7(0.01%),P:1e-80	Tpos:48.9,Tstd:24.5,Bpos:87.8,Bstd:3.3,StrandBias:-0.9,Multiplicity:1.00
0.125	0.361	0.091	0.423
0.534	0.028	0.412	0.026
0.815	0.062	0.080	0.043
0.789	0.051	0.154	0.006
0.017	0.001	0.950	0.032
0.114	0.086	0.793	0.007
0.405	0.338	0.204	0.053
0.047	0.223	0.729	0.001
0.068	0.860	0.062	0.010
0.118	0.619	0.162	0.101
0.109	0.054	0.795	0.042
0.043	0.789	0.135	0.033
>TTTAAAAAAAAA	21-TTTAAAAAAAAA	12.054800	-134.726981	0	T:599.0(1.16%),B:263.2(0.55%),P:1e-58	Tpos:60.4,Tstd:28.6,Bpos:47.7,Bstd:29.8,StrandBias:-1.9,Multiplicity:1.02
0.083	0.058	0.001	0.858
0.054	0.001	0.024	0.921
0.266	0.001	0.016	0.717
0.937	0.001	0.001	0.061
0.980	0.001	0.008	0.011
0.997	0.001	0.001	0.001
0.997	0.001	0.001	0.001
0.946	0.001	0.011	0.042
0.950	0.010	0.009	0.031
0.943	0.001	0.047	0.009
0.970	0.015	0.014	0.001
0.925	0.011	0.041	0.023
>GGGAGGTGTAGT	22-GGGAGGTGTAGT	10.781953	-108.352059	0	T:138.0(0.27%),B:27.6(0.06%),P:1e-47	Tpos:35.4,Tstd:21.7,Bpos:45.6,Bstd:33.1,StrandBias:0.6,Multiplicity:1.02
0.055	0.031	0.898	0.016
0.023	0.001	0.953	0.023
0.100	0.024	0.837	0.039
0.961	0.023	0.001	0.015
0.049	0.134	0.778	0.039
0.063	0.063	0.593	0.281
0.070	0.068	0.080	0.782
0.031	0.016	0.914	0.039
0.023	0.117	0.044	0.816
0.782	0.016	0.134	0.068
0.055	0.042	0.902	0.001
0.107	0.055	0.072	0.766
>CAGTCAGTCGGT	23-CAGTCAGTCGGT	10.239976	-72.762425	0	T:37.0(0.07%),B:2.9(0.01%),P:1e-31	Tpos:56.5,Tstd:20.6,Bpos:46.1,Bstd:7.1,StrandBias:1.8,Multiplicity:1.00
0.072	0.815	0.095	0.018
0.735	0.073	0.067	0.125
0.020	0.030	0.889	0.061
0.071	0.152	0.115	0.662
0.020	0.832	0.128	0.020
0.775	0.071	0.072	0.082
0.068	0.141	0.722	0.069
0.084	0.112	0.124	0.680
0.049	0.705	0.142	0.104
0.173	0.076	0.586	0.165
0.030	0.111	0.858	0.001
0.196	0.102	0.095	0.607
>NCAATCATCGGN	24-NCAATCATCGGN	7.379307	-72.718588	0	T:109.0(0.21%),B:25.3(0.05%),P:1e-31	Tpos:39.8,Tstd:23.9,Bpos:46.2,Bstd:22.8,StrandBias:0.2,Multiplicity:1.01
0.231	0.318	0.218	0.233
0.132	0.667	0.104	0.097
0.682	0.134	0.081	0.103
0.606	0.129	0.155	0.110
0.117	0.122	0.131	0.630
0.094	0.701	0.121	0.084
0.656	0.144	0.077	0.123
0.102	0.135	0.146	0.617
0.130	0.579	0.140	0.151
0.171	0.108	0.545	0.176
0.119	0.114	0.654	0.113
0.226	0.232	0.344	0.198
>ACTCGGCGGAGG	25-ACTCGGCGGAGG	10.409522	-38.684560	0	T:44.0(0.09%),B:8.7(0.02%),P:1e-16	Tpos:45.8,Tstd:25.6,Bpos:65.7,Bstd:8.3,StrandBias:0.1,Multiplicity:1.00
0.700	0.100	0.100	0.100
0.100	0.700	0.100	0.100
0.100	0.100	0.100	0.700
0.100	0.700	0.100	0.100
0.100	0.100	0.700	0.100
0.100	0.100	0.700	0.100
0.100	0.700	0.100	0.100
0.100	0.100	0.700	0.100
0.100	0.100	0.700	0.100
0.700	0.100	0.100	0.100
0.100	0.100	0.700	0.100
0.100	0.100	0.700	0.100
>ACGGAA	1-ACGGAA	2.088135	-1048.856731	0	T:5651.0(10.95%),B:2721.2(5.73%),P:1e-455	Tpos:46.7,Tstd:24.9,Bpos:50.4,Bstd:37.4,StrandBias:0.2,Multiplicity:1.26
0.991	0.006	0.002	0.001
0.001	0.997	0.001	0.001
0.001	0.001	0.997	0.001
0.001	0.001	0.997	0.001
0.997	0.001	0.001	0.001
0.997	0.001	0.001	0.001
>YRWCCG	2-YRWCCG	3.604817	-709.608703	0	T:19866.0(38.50%),B:14597.0(30.71%),P:1e-308	Tpos:51.3,Tstd:28.3,Bpos:49.7,Bstd:36.3,StrandBias:0.0,Multiplicity:1.23
0.188	0.368	0.001	0.443
0.392	0.007	0.413	0.188
0.490	0.001	0.001	0.508
0.257	0.609	0.001	0.133
0.001	0.997	0.001	0.001
0.001	0.001	0.997	0.001
>AGAAGG	3-AGAAGG	1.940676	-700.840654	0	T:32903.0(63.76%),B:26457.6(55.67%),P:1e-304	Tpos:50.8,Tstd:27.7,Bpos:49.7,Bstd:32.1,StrandBias:0.5,Multiplicity:1.36
0.560	0.260	0.001	0.179
0.261	0.001	0.737	0.001
0.997	0.001	0.001	0.001
0.702	0.001	0.296	0.001
0.001	0.001	0.997	0.001
0.014	0.001	0.984	0.001
>AGGGGG	4-AGGGGG	5.625711	-698.320997	0	T:16093.0(31.19%),B:11392.0(23.97%),P:1e-303	Tpos:47.7,Tstd:23.8,Bpos:49.7,Bstd:31.1,StrandBias:1.1,Multiplicity:1.29
0.574	0.001	0.350	0.075
0.298	0.001	0.700	0.001
0.001	0.001	0.997	0.001
0.001	0.001	0.997	0.001
0.001	0.001	0.997	0.001
0.279	0.001	0.719	0.001
>ATGACG	5-ATGACG	3.795655	-667.380641	0	T:20736.0(40.18%),B:15465.2(32.54%),P:1e-289	Tpos:51.2,Tstd:27.6,Bpos:50.6,Bstd:32.8,StrandBias:0.7,Multiplicity:1.39
0.612	0.105	0.141	0.142
0.293	0.130	0.119	0.457
0.067	0.064	0.806	0.063
0.720	0.109	0.104	0.067
0.107	0.475	0.174	0.244
0.024	0.034	0.931	0.011
>AACAGC	6-AACAGC	3.447122	-588.690721	0	T:31201.0(60.46%),B:25183.6(52.99%),P:1e-255	Tpos:51.1,Tstd:28.0,Bpos:50.1,Bstd:30.4,StrandBias:-0.2,Multiplicity:1.47
0.848	0.040	0.111	0.001
0.758	0.001	0.065	0.176
0.063	0.905	0.031	0.001
0.816	0.001	0.051	0.132
0.001	0.063	0.892	0.044
0.001	0.897	0.078	0.024
>GCGGTA	7-GCGGTA	3.252841	-518.556574	0	T:19476.0(37.74%),B:14777.1(31.09%),P:1e-225	Tpos:51.6,Tstd:27.8,Bpos:49.7,Bstd:33.7,StrandBias:0.3,Multiplicity:1.36
0.001	0.079	0.893	0.027
0.070	0.887	0.042	0.001
0.090	0.119	0.754	0.037
0.015	0.097	0.880	0.008
0.001	0.118	0.058	0.823
0.853	0.064	0.001	0.082
>TCGTCG	8-TCGTCG	3.656351	-503.099842	0	T:15919.0(30.85%),B:11739.8(24.70%),P:1e-218	Tpos:51.8,Tstd:27.0,Bpos:49.7,Bstd:36.9,StrandBias:-0.5,Multiplicity:1.38
0.038	0.092	0.133	0.737
0.088	0.691	0.067	0.154
0.128	0.213	0.505	0.154
0.077	0.096	0.161	0.666
0.066	0.816	0.022	0.096
0.133	0.205	0.585	0.077
>TTCCAC	9-TTCCAC	4.502668	-395.372008	0	T:14875.0(28.83%),B:11159.4(23.48%),P:1e-171	Tpos:52.5,Tstd:27.2,Bpos:50.7,Bstd:32.7,StrandBias:-0.9,Multiplicity:1.05
0.001	0.001	0.001	0.997
0.001	0.001	0.001	0.997
0.001	0.997	0.001	0.001
0.001	0.809	0.189	0.001
0.724	0.118	0.001	0.157
0.001	0.997	0.001	0.001
>GTCGGT	10-GTCGGT	4.497312	-353.618840	0	T:8720.0(16.90%),B:6104.5(12.84%),P:1e-153	Tpos:52.3,Tstd:27.9,Bpos:50.2,Bstd:33.2,StrandBias:0.6,Multiplicity:1.08
0.057	0.001	0.830	0.112
0.021	0.039	0.264	0.676
0.096	0.861	0.001	0.042
0.098	0.029	0.872	0.001
0.026	0.001	0.946	0.027
0.055	0.063	0.001	0.881
>TCATCA	11-TCATCA	5.601470	-320.567074	0	T:11671.0(22.62%),B:8658.7(18.22%),P:1e-139	Tpos:51.9,Tstd:28.5,Bpos:50.2,Bstd:31.4,StrandBias:-0.6,Multiplicity:1.08
0.001	0.001	0.122	0.876
0.001	0.997	0.001	0.001
0.674	0.001	0.001	0.324
0.001	0.001	0.001	0.997
0.001	0.997	0.001	0.001
0.885	0.113	0.001	0.001
>GCAGCT	12-GCAGCT	5.744858	-305.610859	0	T:13468.0(26.10%),B:10241.3(21.55%),P:1e-132	Tpos:53.0,Tstd:28.4,Bpos:50.6,Bstd:33.8,StrandBias:-0.0,Multiplicity:1.07
0.165	0.001	0.833	0.001
0.154	0.844	0.001	0.001
0.840	0.158	0.001	0.001
0.130	0.001	0.868	0.001
0.001	0.997	0.001	0.001
0.001	0.001	0.001	0.997
>TCACGT	13-TCACGT	3.995185	-283.403496	0	T:3647.0(7.07%),B:2237.5(4.71%),P:1e-123	Tpos:46.2,Tstd:27.8,Bpos:51.5,Bstd:35.6,StrandBias:-0.1,Multiplicity:1.03
0.001	0.001	0.001	0.997
0.001	0.861	0.137	0.001
0.900	0.001	0.001	0.098
0.001	0.997	0.001	0.001
0.001	0.001	0.997	0.001
0.001	0.001	0.001	0.997
>TTCGAA	14-TTCGAA	1.383893	-280.747449	0	T:1935.0(3.75%),B:999.6(2.10%),P:1e-121	Tpos:46.5,Tstd:25.9,Bpos:49.9,Bstd:36.4,StrandBias:0.0,Multiplicity:1.05
0.001	0.001	0.001	0.997
0.001	0.001	0.029	0.969
0.001	0.997	0.001	0.001
0.001	0.001	0.997	0.001
0.964	0.034	0.001	0.001
0.997	0.001	0.001	0.001
>GCCAAT	15-GCCAAT	5.079998	-268.325961	0	T:5530.0(10.72%),B:3733.6(7.86%),P:1e-116	Tpos:46.9,Tstd:28.6,Bpos:49.7,Bstd:29.5,StrandBias:-0.1,Multiplicity:1.06
0.001	0.001	0.997	0.001
0.001	0.997	0.001	0.001
0.001	0.910	0.088	0.001
0.944	0.001	0.054	0.001
0.997	0.001	0.001	0.001
0.192	0.001	0.001	0.806
>CCCCAA	16-CCCCAA	5.933983	-255.261655	0	T:8877.0(17.20%),B:6510.0(13.70%),P:1e-110	Tpos:50.0,Tstd:26.9,Bpos:50.1,Bstd:29.2,StrandBias:-0.9,Multiplicity:1.07
0.001	0.997	0.001	0.001
0.299	0.699	0.001	0.001
0.159	0.839	0.001	0.001
0.001	0.997	0.001	0.001
0.956	0.001	0.001	0.042
0.873	0.125	0.001	0.001
>AGCGTT	17-AGCGTT	5.335396	-244.155920	0	T:4827.0(9.35%),B:3230.5(6.80%),P:1e-106	Tpos:54.0,Tstd:28.2,Bpos:49.8,Bstd:35.8,StrandBias:0.6,Multiplicity:1.03
0.656	0.001	0.298	0.045
0.001	0.001	0.933	0.065
0.001	0.833	0.085	0.081
0.103	0.001	0.852	0.044
0.001	0.017	0.385	0.597
0.303	0.001	0.159	0.537
>CACTGG	18-CACTGG	1.245311	-236.401556	0	T:21972.0(42.58%),B:18031.8(37.94%),P:1e-102	Tpos:50.8,Tstd:27.7,Bpos:49.8,Bstd:30.2,StrandBias:-0.1,Multiplicity:1.22
0.306	0.692	0.001	0.001
0.992	0.001	0.001	0.006
0.001	0.997	0.001	0.001
0.001	0.299	0.001	0.699
0.294	0.001	0.704	0.001
0.001	0.001	0.997	0.001
>TATGGC	19-TATGGC	5.090669	-212.183409	0	T:10745.0(20.82%),B:8239.9(17.34%),P:1e-92	Tpos:52.6,Tstd:28.8,Bpos:49.6,Bstd:30.0,StrandBias:0.2,Multiplicity:1.11
0.001	0.215	0.139	0.645
0.771	0.001	0.227	0.001
0.075	0.001	0.001	0.923
0.001	0.041	0.886	0.072
0.001	0.001	0.997	0.001
0.001	0.997	0.001	0.001
>CAGTTG	20-CAGTTG	5.690613	-201.328420	0	T:4114.0(7.97%),B:2764.3(5.82%),P:1e-87	Tpos:51.1,Tstd:28.2,Bpos:49.7,Bstd:32.7,StrandBias:0.1,Multiplicity:1.02
0.001	0.997	0.001	0.001
0.822	0.176	0.001	0.001
0.001	0.001	0.997	0.001
0.001	0.001	0.001	0.997
0.001	0.089	0.001	0.909
0.001	0.001	0.997	0.001
>GGTAAG	21-GGTAAG	5.868682	-180.621893	0	T:5389.0(10.44%),B:3846.6(8.09%),P:1e-78	Tpos:54.7,Tstd:28.6,Bpos:50.3,Bstd:30.8,StrandBias:0.5,Multiplicity:1.03
0.001	0.001	0.997	0.001
0.001	0.001	0.997	0.001
0.001	0.001	0.001	0.997
0.997	0.001	0.001	0.001
0.767	0.099	0.133	0.001
0.001	0.115	0.883	0.001
>CTCTCG	22-CTCTCG	5.304633	-144.946303	0	T:5486.0(10.63%),B:4037.2(8.49%),P:1e-62	Tpos:49.7,Tstd:27.5,Bpos:49.6,Bstd:39.2,StrandBias:-0.2,Multiplicity:1.10
0.001	0.759	0.001	0.239
0.001	0.001	0.001	0.997
0.001	0.909	0.001	0.089
0.001	0.001	0.264	0.734
0.001	0.997	0.001	0.001
0.001	0.001	0.997	0.001
>CCGTAT	23-CCGTAT	4.957221	-84.719834	0	T:3391.0(6.57%),B:2505.4(5.27%),P:1e-36	Tpos:49.1,Tstd:29.2,Bpos:49.3,Bstd:30.9,StrandBias:0.1,Multiplicity:1.02
0.001	0.785	0.095	0.119
0.310	0.688	0.001	0.001
0.218	0.071	0.710	0.001
0.213	0.001	0.176	0.610
0.871	0.064	0.001	0.064
0.128	0.094	0.290	0.488
>ATTACG	24-ATTACG	3.666917	-51.598238	0	T:1296.0(2.51%),B:899.3(1.89%),P:1e-22	Tpos:49.2,Tstd:28.9,Bpos:51.4,Bstd:35.3,StrandBias:0.3,Multiplicity:1.02
0.987	0.001	0.011	0.001
0.001	0.001	0.001	0.997
0.001	0.001	0.001	0.997
0.879	0.001	0.001	0.119
0.001	0.997	0.001	0.001
0.001	0.001	0.997	0.001
>TTAAAA	25-TTAAAA	6.388790	-51.113526	0	T:7237.0(14.02%),B:5975.8(12.57%),P:1e-22	Tpos:46.7,Tstd:30.8,Bpos:49.7,Bstd:30.2,StrandBias:-0.3,Multiplicity:1.31
0.067	0.005	0.146	0.782
0.005	0.163	0.003	0.829
0.730	0.001	0.268	0.001
0.922	0.005	0.001	0.072
0.663	0.001	0.002	0.334
0.997	0.001	0.001	0.001
>CCGGAAGT	1-CCGGAAGT	4.603749	-1469.114546	0	T:2475.0(4.80%),B:616.5(1.30%),P:1e-638	Tpos:43.2,Tstd:22.0,Bpos:50.9,Bstd:37.5,StrandBias:0.2,Multiplicity:1.19
0.001	0.809	0.189	0.001
0.001	0.997	0.001	0.001
0.001	0.001	0.997	0.001
0.001	0.001	0.997	0.001
0.997	0.001	0.001	0.001
0.997	0.001	0.001	0.001
0.044	0.001	0.954	0.001
0.001	0.186	0.001	0.812
>CCCCCCCC	2-CCCCCCCC	5.386612	-1307.399920	0	T:17011.0(32.97%),B:10974.2(23.09%),P:1e-567	Tpos:44.7,Tstd:23.2,Bpos:49.7,Bstd:31.1,StrandBias:-1.2,Multiplicity:1.46
0.042	0.650	0.008	0.300
0.154	0.619	0.001	0.226
0.096	0.744	0.001	0.159
0.091	0.907	0.001	0.001
0.127	0.695	0.104	0.074
0.001	0.797	0.001	0.201
0.001	0.851	0.001	0.147
0.118	0.670	0.001	0.211
>NTTTCCGN	3-NTTTCCGN	3.653267	-1082.667464	0	T:11285.0(21.87%),B:6778.8(14.26%),P:1e-470	Tpos:51.3,Tstd:26.3,Bpos:49.3,Bstd:34.5,StrandBias:-0.2,Multiplicity:1.07
0.243	0.249	0.220	0.288
0.145	0.151	0.150	0.554
0.156	0.106	0.153	0.585
0.180	0.126	0.189	0.505
0.144	0.564	0.146	0.146
0.122	0.585	0.195	0.098
0.132	0.151	0.626	0.091
0.232	0.295	0.297	0.176
>CGYCRNCA	4-CGYCRNCA	3.930981	-901.298588	0	T:21686.0(42.03%),B:15723.6(33.09%),P:1e-391	Tpos:52.7,Tstd:27.1,Bpos:50.0,Bstd:34.2,StrandBias:-0.7,Multiplicity:1.38
0.032	0.842	0.075	0.051
0.294	0.050	0.486	0.169
0.133	0.315	0.162	0.390
0.029	0.955	0.001	0.015
0.431	0.046	0.289	0.234
0.215	0.198	0.246	0.341
0.207	0.520	0.114	0.159
0.463	0.071	0.231	0.236
>AGCGGMAA	5-AGCGGMAA	3.487913	-865.788559	0	T:19125.0(37.06%),B:13589.7(28.59%),P:1e-376	Tpos:52.0,Tstd:27.3,Bpos:49.9,Bstd:31.9,StrandBias:0.3,Multiplicity:1.21
0.513	0.057	0.165	0.265
0.185	0.221	0.387	0.207
0.051	0.713	0.150	0.086
0.192	0.202	0.424	0.182
0.162	0.095	0.610	0.133
0.272	0.416	0.205	0.107
0.454	0.172	0.079	0.295
0.498	0.058	0.320	0.124
>GARGAWGA	6-GARGAWGA	5.315518	-686.490727	0	T:17571.0(34.05%),B:12676.7(26.67%),P:1e-298	Tpos:53.3,Tstd:26.8,Bpos:49.7,Bstd:32.0,StrandBias:1.0,Multiplicity:1.17
0.048	0.001	0.950	0.001
0.606	0.067	0.184	0.143
0.398	0.238	0.273	0.091
0.001	0.001	0.997	0.001
0.922	0.001	0.001	0.076
0.420	0.001	0.191	0.389
0.185	0.256	0.558	0.001
0.483	0.214	0.001	0.302
>GCCGCYTT	7-GCCGCYTT	4.824114	-669.210254	0	T:8165.0(15.82%),B:5023.5(10.57%),P:1e-290	Tpos:49.9,Tstd:26.3,Bpos:48.6,Bstd:32.7,StrandBias:-0.3,Multiplicity:1.06
0.001	0.062	0.710	0.227
0.072	0.740	0.089	0.099
0.042	0.547	0.360	0.051
0.117	0.269	0.613	0.001
0.098	0.588	0.172	0.142
0.094	0.442	0.016	0.448
0.309	0.031	0.025	0.635
0.298	0.001	0.001	0.700
>TVCNRCAG	8-TVCNRCAG	4.625777	-484.013014	0	T:17310.0(33.55%),B:12992.4(27.34%),P:1e-210	Tpos:50.2,Tstd:27.5,Bpos:50.3,Bstd:30.7,StrandBias:0.0,Multiplicity:1.11
0.001	0.001	0.001	0.997
0.359	0.378	0.237	0.026
0.001	0.544	0.126	0.329
0.182	0.222	0.297	0.298
0.309	0.189	0.386	0.115
0.001	0.656	0.033	0.310
0.583	0.001	0.415	0.001
0.356	0.001	0.642	0.001
>TGGAGGAG	9-TGGAGGAG	6.935533	-399.264338	0	T:4470.0(8.66%),B:2662.1(5.60%),P:1e-173	Tpos:53.3,Tstd:26.4,Bpos:50.7,Bstd:30.0,StrandBias:1.1,Multiplicity:1.02
0.199	0.001	0.001	0.799
0.038	0.001	0.941	0.020
0.001	0.108	0.815	0.076
0.997	0.001	0.001	0.001
0.001	0.129	0.823	0.047
0.140	0.031	0.828	0.001
0.997	0.001	0.001	0.001
0.001	0.025	0.936	0.038
>GGTCRGTW	10-GGTCRGTW	4.847320	-384.949260	0	T:9196.0(17.82%),B:6415.5(13.50%),P:1e-167	Tpos:52.1,Tstd:27.4,Bpos:50.5,Bstd:30.6,StrandBias:0.6,Multiplicity:1.08
0.157	0.197	0.645	0.001
0.306	0.034	0.659	0.001
0.159	0.110	0.159	0.572
0.168	0.726	0.105	0.001
0.448	0.156	0.318	0.078
0.001	0.001	0.997	0.001
0.001	0.151	0.001	0.847
0.326	0.080	0.200	0.395
>GTGACGCG	11-GTGACGCG	4.197550	-377.762258	0	T:1434.0(2.78%),B:586.3(1.23%),P:1e-164	Tpos:36.7,Tstd:23.3,Bpos:51.0,Bstd:40.1,StrandBias:0.3,Multiplicity:1.13
0.001	0.001	0.997	0.001
0.001	0.001	0.001	0.997
0.001	0.011	0.987	0.001
0.997	0.001	0.001	0.001
0.001	0.997	0.001	0.001
0.001	0.001	0.997	0.001
0.001	0.650	0.001	0.348
0.003	0.006	0.663	0.328
>GCSAATCG	12-GCSAATCG	5.469889	-349.651523	0	T:3956.0(7.67%),B:2358.9(4.96%),P:1e-151	Tpos:44.5,Tstd:28.0,Bpos:49.6,Bstd:30.7,StrandBias:-0.1,Multiplicity:1.05
0.059	0.208	0.728	0.005
0.001	0.871	0.014	0.114
0.001	0.538	0.394	0.067
0.980	0.001	0.018	0.001
0.538	0.115	0.052	0.295
0.066	0.165	0.001	0.768
0.117	0.536	0.346	0.001
0.311	0.091	0.565	0.033
>CGGTTGRT	13-CGGTTGRT	5.116008	-336.907357	0	T:6213.0(12.04%),B:4122.3(8.67%),P:1e-146	Tpos:51.0,Tstd:27.9,Bpos:48.8,Bstd:32.4,StrandBias:0.2,Multiplicity:1.04
0.051	0.947	0.001	0.001
0.325	0.198	0.476	0.001
0.001	0.001	0.727	0.271
0.221	0.043	0.001	0.735
0.001	0.383	0.001	0.615
0.001	0.234	0.764	0.001
0.341	0.164	0.325	0.171
0.086	0.201	0.207	0.506
>ATCCGGAT	14-ATCCGGAT	5.551587	-319.270160	0	T:2680.0(5.19%),B:1472.2(3.10%),P:1e-138	Tpos:51.2,Tstd:27.7,Bpos:48.8,Bstd:36.3,StrandBias:-0.1,Multiplicity:1.01
0.865	0.064	0.064	0.007
0.126	0.105	0.122	0.647
0.032	0.757	0.070	0.141
0.037	0.861	0.022	0.080
0.001	0.076	0.905	0.018
0.062	0.037	0.759	0.142
0.652	0.134	0.034	0.180
0.165	0.093	0.182	0.560
>AGTCAGCG	15-AGTCAGCG	4.853825	-295.819523	0	T:6499.0(12.59%),B:4444.4(9.35%),P:1e-128	Tpos:51.2,Tstd:27.8,Bpos:50.0,Bstd:31.7,StrandBias:0.1,Multiplicity:1.05
0.813	0.037	0.074	0.076
0.148	0.080	0.670	0.102
0.068	0.129	0.080	0.723
0.141	0.753	0.068	0.038
0.714	0.079	0.119	0.088
0.116	0.073	0.691	0.120
0.060	0.838	0.005	0.097
0.036	0.072	0.800	0.092
>CATGCGCA	16-CATGCGCA	10.846255	-286.825368	0	T:288.0(0.56%),B:43.1(0.09%),P:1e-124	Tpos:39.3,Tstd:21.5,Bpos:47.5,Bstd:31.0,StrandBias:-0.2,Multiplicity:1.07
0.001	0.953	0.001	0.045
0.997	0.001	0.001	0.001
0.001	0.001	0.001	0.997
0.001	0.001	0.997	0.001
0.001	0.997	0.001	0.001
0.001	0.001	0.997	0.001
0.001	0.997	0.001	0.001
0.837	0.001	0.161	0.001
>YGCGAAAG	17-YGCGAAAG	4.067160	-272.735728	0	T:6069.0(11.76%),B:4154.8(8.74%),P:1e-118	Tpos:50.2,Tstd:27.0,Bpos:49.6,Bstd:35.8,StrandBias:0.2,Multiplicity:1.06
0.207	0.323	0.079	0.390
0.169	0.064	0.572	0.195
0.053	0.787	0.108	0.052
0.050	0.209	0.644	0.097
0.564	0.214	0.069	0.153
0.507	0.090	0.213	0.190
0.503	0.197	0.134	0.166
0.111	0.230	0.443	0.217
>TTTAKGGG	18-TTTAKGGG	5.973640	-254.752381	0	T:4313.0(8.36%),B:2803.6(5.90%),P:1e-110	Tpos:50.0,Tstd:25.6,Bpos:50.0,Bstd:28.6,StrandBias:1.1,Multiplicity:1.03
0.001	0.001	0.001	0.997
0.001	0.001	0.387	0.611
0.055	0.001	0.001	0.943
0.538	0.026	0.055	0.381
0.001	0.001	0.571	0.427
0.311	0.080	0.608	0.001
0.001	0.001	0.997	0.001
0.001	0.037	0.961	0.001
>TCTCGCGA	19-TCTCGCGA	8.346469	-236.832302	0	T:236.0(0.46%),B:36.0(0.08%),P:1e-102	Tpos:35.2,Tstd:22.7,Bpos:52.2,Bstd:30.4,StrandBias:0.1,Multiplicity:1.05
0.001	0.001	0.001	0.997
0.113	0.885	0.001	0.001
0.001	0.001	0.001	0.997
0.001	0.997	0.001	0.001
0.001	0.001	0.997	0.001
0.001	0.997	0.001	0.001
0.074	0.001	0.924	0.001
0.997	0.001	0.001	0.001
>CGTACGCG	20-CGTACGCG	8.105309	-207.421879	0	T:635.0(1.23%),B:233.3(0.49%),P:1e-90	Tpos:37.2,Tstd:21.8,Bpos:47.8,Bstd:46.2,StrandBias:-0.2,Multiplicity:1.06
0.001	0.997	0.001	0.001
0.001	0.001	0.997	0.001
0.001	0.240	0.001	0.758
0.997	0.001	0.001	0.001
0.001	0.725	0.001	0.273
0.001	0.001	0.997	0.001
0.001	0.997	0.001	0.001
0.001	0.001	0.783	0.215
>CTATCAGG	21-CTATCAGG	6.670791	-170.183872	0	T:2130.0(4.13%),B:1294.3(2.72%),P:1e-73	Tpos:49.1,Tstd:26.6,Bpos:50.7,Bstd:28.2,StrandBias:0.3,Multiplicity:1.01
0.049	0.882	0.001	0.068
0.065	0.147	0.001	0.787
0.772	0.047	0.079	0.102
0.017	0.090	0.016	0.877
0.001	0.919	0.063	0.017
0.932	0.001	0.066	0.001
0.001	0.001	0.997	0.001
0.074	0.030	0.879	0.017
>CGGGAAGT	22-CGGGAAGT	6.914937	-131.211288	0	T:1364.0(2.64%),B:792.6(1.67%),P:1e-56	Tpos:50.1,Tstd:26.0,Bpos:50.9,Bstd:34.0,StrandBias:0.4,Multiplicity:1.01
0.001	0.997	0.001	0.001
0.047	0.001	0.951	0.001
0.001	0.001	0.997	0.001
0.021	0.121	0.837	0.021
0.699	0.001	0.001	0.299
0.997	0.001	0.001	0.001
0.001	0.329	0.669	0.001
0.155	0.001	0.001	0.843
>TAAAAAAA	23-TAAAAAAA	10.406602	-96.073934	0	T:1380.0(2.67%),B:864.2(1.82%),P:1e-41	Tpos:56.0,Tstd:29.7,Bpos:47.3,Bstd:29.3,StrandBias:-1.5,Multiplicity:1.04
0.001	0.001	0.001	0.997
0.603	0.001	0.001	0.395
0.997	0.001	0.001	0.001
0.942	0.001	0.001	0.056
0.997	0.001	0.001	0.001
0.997	0.001	0.001	0.001
0.997	0.001	0.001	0.001
0.902	0.001	0.096	0.001
>CGACGCCA	24-CGACGCCA	10.130275	-60.068888	0	T:127.0(0.25%),B:38.4(0.08%),P:1e-26	Tpos:52.7,Tstd:29.1,Bpos:64.9,Bstd:36.9,StrandBias:-0.8,Multiplicity:1.00
0.001	0.997	0.001	0.001
0.001	0.001	0.997	0.001
0.997	0.001	0.001	0.001
0.001	0.997	0.001	0.001
0.001	0.001	0.997	0.001
0.001	0.997	0.001	0.001
0.391	0.607	0.001	0.001
0.997	0.001	0.001	0.001
>GCGCTAWT	25-GCGCTAWT	8.079774	-39.593302	0	T:149.0(0.29%),B:62.2(0.13%),P:1e-17	Tpos:40.4,Tstd:27.6,Bpos:41.2,Bstd:30.6,StrandBias:0.3,Multiplicity:1.00
0.001	0.009	0.984	0.006
0.001	0.997	0.001	0.001
0.001	0.001	0.997	0.001
0.005	0.989	0.005	0.001
0.100	0.186	0.007	0.707
0.997	0.001	0.001	0.001
0.460	0.001	0.100	0.439
0.401	0.001	0.001	0.597
