>RCCGGAAGTG	1-RCCGGAAGTG	7.915654	-1627.229325	0	T:2410.0(4.67%),B:539.4(1.13%),P:1e-706	Tpos:43.5,Tstd:21.5,Bpos:52.0,Bstd:36.7,StrandBias:0.2,Multiplicity:1.17
0.388	0.186	0.290	0.137
0.016	0.680	0.303	0.001
0.001	0.997	0.001	0.001
0.001	0.001	0.997	0.001
0.001	0.001	0.997	0.001
0.997	0.001	0.001	0.001
0.997	0.001	0.001	0.001
0.211	0.106	0.682	0.001
0.144	0.337	0.021	0.497
0.225	0.156	0.535	0.084
>GGGGGNWDTT	2-GGGGGNWDTT	5.175421	-1259.658820	0	T:18108.0(35.09%),B:11981.5(25.16%),P:1e-547	Tpos:52.2,Tstd:24.2,Bpos:50.2,Bstd:28.5,StrandBias:1.3,Multiplicity:1.12
0.333	0.001	0.593	0.073
0.001	0.001	0.997	0.001
0.177	0.001	0.765	0.057
0.176	0.001	0.822	0.001
0.120	0.215	0.577	0.088
0.341	0.219	0.199	0.240
0.444	0.001	0.249	0.306
0.333	0.001	0.362	0.304
0.196	0.057	0.292	0.455
0.001	0.001	0.244	0.754
>NYCCCCCCCY	3-NYCCCCCCCY	4.842328	-1143.767755	0	T:12772.0(24.75%),B:7856.0(16.50%),P:1e-496	Tpos:43.7,Tstd:22.4,Bpos:49.7,Bstd:30.7,StrandBias:-1.2,Multiplicity:1.32
0.215	0.310	0.185	0.290
0.167	0.420	0.031	0.382
0.164	0.466	0.062	0.309
0.144	0.527	0.104	0.225
0.129	0.500	0.166	0.205
0.061	0.640	0.202	0.097
0.064	0.732	0.010	0.194
0.169	0.525	0.042	0.264
0.226	0.517	0.001	0.256
0.231	0.391	0.038	0.339
>CCGCCATCTT	4-CCGCCATCTT	9.738907	-1039.321300	0	T:542.0(1.05%),B:29.2(0.06%),P:1e-451	Tpos:72.0,Tstd:16.6,Bpos:43.4,Bstd:28.1,StrandBias:-1.9,Multiplicity:1.01
0.001	0.997	0.001	0.001
0.001	0.997	0.001	0.001
0.001	0.001	0.997	0.001
0.003	0.995	0.001	0.001
0.001	0.997	0.001	0.001
0.997	0.001	0.001	0.001
0.001	0.001	0.001	0.997
0.043	0.722	0.122	0.113
0.023	0.001	0.001	0.975
0.001	0.001	0.001	0.997
>CATCATCWTC	5-CATCATCWTC	5.868299	-871.380431	0	T:10458.0(20.27%),B:6477.6(13.60%),P:1e-378	Tpos:53.6,Tstd:26.0,Bpos:49.9,Bstd:30.2,StrandBias:-1.3,Multiplicity:1.15
0.095	0.669	0.229	0.007
0.449	0.126	0.129	0.295
0.228	0.176	0.157	0.439
0.001	0.997	0.001	0.001
0.511	0.166	0.040	0.283
0.192	0.210	0.130	0.467
0.001	0.979	0.001	0.019
0.499	0.090	0.015	0.397
0.189	0.222	0.172	0.417
0.001	0.927	0.001	0.071
>CGCATGCGCA	6-CGCATGCGCA	8.770351	-664.926588	0	T:1026.0(1.99%),B:236.4(0.50%),P:1e-288	Tpos:38.5,Tstd:19.7,Bpos:48.2,Bstd:41.1,StrandBias:0.0,Multiplicity:1.09
0.059	0.879	0.034	0.028
0.085	0.041	0.828	0.046
0.004	0.852	0.038	0.106
0.652	0.211	0.051	0.086
0.175	0.075	0.179	0.571
0.064	0.070	0.862	0.004
0.028	0.902	0.007	0.063
0.001	0.055	0.858	0.086
0.029	0.763	0.057	0.151
0.527	0.110	0.234	0.129
>GGGCGGARCT	7-GGGCGGARCT	9.445858	-660.823106	0	T:2201.0(4.27%),B:848.2(1.78%),P:1e-286	Tpos:36.8,Tstd:23.7,Bpos:49.5,Bstd:32.4,StrandBias:0.7,Multiplicity:1.02
0.001	0.001	0.997	0.001
0.001	0.001	0.997	0.001
0.001	0.001	0.997	0.001
0.001	0.580	0.001	0.418
0.001	0.001	0.997	0.001
0.001	0.001	0.997	0.001
0.724	0.001	0.274	0.001
0.462	0.001	0.536	0.001
0.001	0.587	0.155	0.257
0.001	0.340	0.001	0.658
>AATGGCGGCS	8-AATGGCGGCS	4.595502	-653.917394	0	T:8529.0(16.53%),B:5340.1(11.22%),P:1e-283	Tpos:54.1,Tstd:26.9,Bpos:49.0,Bstd:34.2,StrandBias:0.3,Multiplicity:1.15
0.579	0.087	0.090	0.244
0.686	0.091	0.119	0.104
0.093	0.303	0.060	0.544
0.214	0.139	0.591	0.056
0.077	0.082	0.794	0.047
0.101	0.721	0.081	0.097
0.120	0.111	0.658	0.111
0.186	0.208	0.436	0.170
0.193	0.490	0.134	0.184
0.076	0.385	0.377	0.162
>TCTGCTGCAG	9-TCTGCTGCAG	4.574128	-547.512728	0	T:16712.0(32.39%),B:12320.4(25.88%),P:1e-237	Tpos:51.5,Tstd:26.7,Bpos:49.9,Bstd:30.2,StrandBias:-0.1,Multiplicity:1.18
0.115	0.088	0.129	0.668
0.084	0.707	0.091	0.118
0.120	0.080	0.089	0.711
0.081	0.107	0.695	0.117
0.088	0.716	0.081	0.115
0.143	0.090	0.093	0.674
0.095	0.098	0.683	0.124
0.094	0.723	0.098	0.085
0.693	0.105	0.076	0.126
0.110	0.079	0.730	0.081
>TTTCCGGTCG	10-TTTCCGGTCG	5.543663	-389.874920	0	T:2983.0(5.78%),B:1599.9(3.36%),P:1e-169	Tpos:50.5,Tstd:25.9,Bpos:48.8,Bstd:34.3,StrandBias:-0.0,Multiplicity:1.02
0.055	0.131	0.101	0.713
0.049	0.108	0.084	0.759
0.049	0.131	0.088	0.732
0.040	0.799	0.092	0.069
0.115	0.707	0.069	0.109
0.119	0.101	0.667	0.113
0.066	0.118	0.724	0.092
0.089	0.121	0.133	0.657
0.091	0.625	0.146	0.138
0.112	0.140	0.620	0.128
>TSACGTCACS	11-TSACGTCACS	7.333325	-350.459900	0	T:883.0(1.71%),B:290.9(0.61%),P:1e-152	Tpos:36.0,Tstd:22.0,Bpos:54.6,Bstd:33.7,StrandBias:-0.0,Multiplicity:1.06
0.029	0.120	0.089	0.762
0.052	0.453	0.454	0.041
0.832	0.076	0.081	0.011
0.001	0.855	0.062	0.082
0.021	0.050	0.899	0.030
0.009	0.014	0.019	0.958
0.009	0.574	0.415	0.002
0.835	0.058	0.089	0.018
0.023	0.547	0.282	0.148
0.111	0.374	0.321	0.193
>CAACAGTTCC	12-CAACAGTTCC	5.001231	-326.158424	0	T:6758.0(13.10%),B:4589.2(9.64%),P:1e-141	Tpos:51.1,Tstd:27.1,Bpos:49.9,Bstd:29.5,StrandBias:-0.6,Multiplicity:1.04
0.145	0.657	0.111	0.087
0.736	0.096	0.075	0.093
0.686	0.092	0.102	0.120
0.108	0.722	0.092	0.078
0.732	0.076	0.066	0.126
0.112	0.132	0.665	0.091
0.086	0.124	0.113	0.677
0.104	0.085	0.104	0.707
0.105	0.675	0.110	0.110
0.096	0.745	0.054	0.105
>CTATCAGCAG	13-CTATCAGCAG	10.296193	-306.341703	0	T:126.0(0.24%),B:4.6(0.01%),P:1e-133	Tpos:66.8,Tstd:11.0,Bpos:60.2,Bstd:21.4,StrandBias:4.5,Multiplicity:1.00
0.100	0.700	0.100	0.100
0.100	0.100	0.100	0.700
0.700	0.100	0.100	0.100
0.100	0.100	0.100	0.700
0.100	0.700	0.100	0.100
0.700	0.100	0.100	0.100
0.100	0.100	0.700	0.100
0.100	0.700	0.100	0.100
0.700	0.100	0.100	0.100
0.100	0.100	0.700	0.100
>TSWTTGGNKG	14-TSWTTGGNKG	6.678025	-274.722318	0	T:1764.0(3.42%),B:891.4(1.87%),P:1e-119	Tpos:47.4,Tstd:26.5,Bpos:50.2,Bstd:26.5,StrandBias:0.6,Multiplicity:1.01
0.040	0.055	0.279	0.626
0.034	0.447	0.430	0.089
0.442	0.133	0.129	0.296
0.036	0.285	0.146	0.533
0.085	0.060	0.074	0.781
0.049	0.026	0.863	0.062
0.054	0.066	0.793	0.087
0.261	0.236	0.211	0.292
0.071	0.176	0.420	0.333
0.082	0.077	0.758	0.083
>TCGCGAGADN	15-TCGCGAGADN	7.151595	-261.237488	0	T:215.0(0.42%),B:25.5(0.05%),P:1e-113	Tpos:34.9,Tstd:21.8,Bpos:52.1,Bstd:48.5,StrandBias:-0.1,Multiplicity:1.35
0.093	0.175	0.239	0.493
0.050	0.673	0.185	0.092
0.087	0.019	0.724	0.170
0.104	0.633	0.167	0.096
0.082	0.094	0.801	0.023
0.626	0.125	0.199	0.050
0.172	0.031	0.754	0.043
0.548	0.196	0.119	0.137
0.197	0.163	0.336	0.304
0.186	0.243	0.237	0.334
>TGATCYGGAT	16-TGATCYGGAT	7.402634	-245.398247	0	T:1594.0(3.09%),B:808.4(1.70%),P:1e-106	Tpos:50.7,Tstd:26.7,Bpos:48.9,Bstd:28.8,StrandBias:0.6,Multiplicity:1.03
0.146	0.001	0.274	0.579
0.001	0.032	0.966	0.001
0.857	0.028	0.082	0.033
0.130	0.259	0.198	0.414
0.060	0.786	0.001	0.153
0.163	0.490	0.001	0.346
0.178	0.001	0.594	0.227
0.001	0.001	0.997	0.001
0.856	0.142	0.001	0.001
0.305	0.003	0.115	0.577
>CGCCAATTGG	17-CGCCAATTGG	5.888679	-228.261761	0	T:2660.0(5.15%),B:1594.3(3.35%),P:1e-99	Tpos:45.2,Tstd:26.9,Bpos:48.2,Bstd:30.4,StrandBias:0.0,Multiplicity:1.02
0.250	0.422	0.143	0.185
0.187	0.054	0.462	0.296
0.025	0.772	0.143	0.060
0.008	0.905	0.014	0.073
0.604	0.123	0.162	0.111
0.749	0.083	0.124	0.044
0.031	0.115	0.095	0.759
0.166	0.083	0.170	0.581
0.011	0.003	0.952	0.034
0.090	0.086	0.810	0.014
>TTACGCGACG	18-TTACGCGACG	-0.783526	-206.861967	0	T:1032.0(2.00%),B:475.3(1.00%),P:1e-89	Tpos:48.8,Tstd:26.0,Bpos:49.8,Bstd:37.1,StrandBias:0.1,Multiplicity:1.03
0.001	0.332	0.001	0.666
0.001	0.001	0.001	0.997
0.997	0.001	0.001	0.001
0.001	0.997	0.001	0.001
0.001	0.001	0.997	0.001
0.001	0.997	0.001	0.001
0.001	0.001	0.997	0.001
0.997	0.001	0.001	0.001
0.001	0.997	0.001	0.001
0.001	0.001	0.666	0.332
>KKAAAAAAAA	19-KKAAAAAAAA	7.157422	-205.476112	0	T:4659.0(9.03%),B:3194.3(6.71%),P:1e-89	Tpos:53.1,Tstd:29.4,Bpos:51.0,Bstd:30.6,StrandBias:-1.2,Multiplicity:1.11
0.151	0.026	0.345	0.477
0.209	0.001	0.341	0.448
0.599	0.001	0.006	0.394
0.866	0.001	0.001	0.132
0.678	0.125	0.001	0.196
0.684	0.001	0.002	0.313
0.602	0.271	0.114	0.013
0.500	0.202	0.143	0.155
0.836	0.008	0.155	0.001
0.623	0.101	0.275	0.001
>TTGGCGGCAA	20-TTGGCGGCAA	6.817809	-160.756525	0	T:1675.0(3.25%),B:975.1(2.05%),P:1e-69	Tpos:52.9,Tstd:25.6,Bpos:48.5,Bstd:28.9,StrandBias:0.6,Multiplicity:1.01
0.024	0.065	0.113	0.798
0.065	0.071	0.049	0.815
0.020	0.019	0.918	0.043
0.059	0.015	0.899	0.027
0.136	0.613	0.128	0.123
0.113	0.028	0.730	0.129
0.050	0.028	0.892	0.030
0.139	0.702	0.133	0.026
0.837	0.056	0.089	0.018
0.798	0.136	0.028	0.038
>CGCWGACGCA	21-CGCWGACGCA	9.152353	-151.867588	0	T:170.0(0.33%),B:29.8(0.06%),P:1e-65	Tpos:44.0,Tstd:24.3,Bpos:40.3,Bstd:24.7,StrandBias:-0.4,Multiplicity:1.00
0.001	0.990	0.001	0.008
0.001	0.001	0.997	0.001
0.382	0.577	0.009	0.032
0.484	0.011	0.001	0.504
0.011	0.001	0.977	0.011
0.956	0.011	0.001	0.032
0.010	0.988	0.001	0.001
0.001	0.001	0.997	0.001
0.001	0.860	0.001	0.138
0.625	0.373	0.001	0.001
>ATCCGCAGTT	22-ATCCGCAGTT	9.298885	-139.835547	0	T:189.0(0.37%),B:39.1(0.08%),P:1e-60	Tpos:63.0,Tstd:20.6,Bpos:50.5,Bstd:13.3,StrandBias:1.0,Multiplicity:1.00
0.689	0.133	0.133	0.045
0.001	0.001	0.402	0.596
0.001	0.997	0.001	0.001
0.035	0.956	0.008	0.001
0.001	0.001	0.997	0.001
0.001	0.909	0.045	0.045
0.943	0.011	0.045	0.001
0.001	0.001	0.997	0.001
0.035	0.059	0.001	0.905
0.001	0.011	0.045	0.943
>AGCGCATGCT	23-AGCGCATGCT	10.536078	-85.124949	0	T:65.0(0.13%),B:7.4(0.02%),P:1e-36	Tpos:39.1,Tstd:21.4,Bpos:39.5,Bstd:20.7,StrandBias:0.3,Multiplicity:1.00
0.722	0.009	0.033	0.236
0.189	0.033	0.777	0.001
0.001	0.997	0.001	0.001
0.001	0.001	0.997	0.001
0.332	0.601	0.001	0.066
0.935	0.063	0.001	0.001
0.001	0.098	0.001	0.900
0.001	0.001	0.932	0.066
0.066	0.900	0.033	0.001
0.374	0.001	0.001	0.624
>GTCGCAACGT	24-GTCGCAACGT	9.051224	-83.062368	0	T:56.0(0.11%),B:5.8(0.01%),P:1e-36	Tpos:46.4,Tstd:26.2,Bpos:62.2,Bstd:23.3,StrandBias:0.4,Multiplicity:1.00
0.001	0.024	0.951	0.024
0.001	0.072	0.137	0.790
0.023	0.975	0.001	0.001
0.001	0.024	0.951	0.024
0.024	0.951	0.024	0.001
0.766	0.072	0.138	0.024
0.951	0.024	0.024	0.001
0.072	0.832	0.072	0.024
0.024	0.072	0.903	0.001
0.024	0.024	0.001	0.951
>GTTCGCTACG	25-GTTCGCTACG	8.900342	-40.403638	0	T:45.0(0.09%),B:8.8(0.02%),P:1e-17	Tpos:57.6,Tstd:26.2,Bpos:77.6,Bstd:2.1,StrandBias:1.6,Multiplicity:1.00
0.043	0.054	0.887	0.016
0.066	0.070	0.031	0.833
0.020	0.063	0.089	0.828
0.077	0.701	0.169	0.053
0.055	0.024	0.800	0.121
0.027	0.922	0.031	0.020
0.062	0.030	0.050	0.858
0.606	0.065	0.192	0.137
0.081	0.759	0.075	0.085
0.062	0.070	0.815	0.053
>ACCGGAAGTGGC	1-ACCGGAAGTGGC	5.643703	-1337.803606	0	T:1769.0(3.43%),B:355.3(0.75%),P:1e-580	Tpos:44.3,Tstd:21.8,Bpos:51.5,Bstd:34.0,StrandBias:0.5,Multiplicity:1.10
0.612	0.097	0.262	0.029
0.001	0.926	0.071	0.002
0.007	0.989	0.002	0.002
0.002	0.001	0.995	0.002
0.001	0.001	0.997	0.001
0.992	0.006	0.001	0.001
0.997	0.001	0.001	0.001
0.001	0.001	0.997	0.001
0.013	0.096	0.001	0.890
0.013	0.007	0.960	0.020
0.097	0.072	0.802	0.029
0.039	0.920	0.039	0.002
>AAKATGGCGGCG	2-AAKATGGCGGCG	8.927458	-1099.118118	0	T:881.0(1.71%),B:98.9(0.21%),P:1e-477	Tpos:70.8,Tstd:19.5,Bpos:44.4,Bstd:31.5,StrandBias:1.4,Multiplicity:1.02
0.774	0.053	0.139	0.034
0.736	0.122	0.074	0.068
0.167	0.150	0.307	0.376
0.791	0.063	0.083	0.063
0.056	0.052	0.073	0.819
0.026	0.025	0.926	0.023
0.027	0.031	0.913	0.029
0.069	0.797	0.061	0.073
0.082	0.081	0.759	0.078
0.045	0.058	0.847	0.050
0.147	0.671	0.095	0.087
0.075	0.244	0.593	0.088
>NTTGGGGGAGAR	3-NTTGGGGGAGAR	5.222730	-837.205023	0	T:13231.0(25.64%),B:8746.7(18.37%),P:1e-363	Tpos:51.8,Tstd:23.1,Bpos:50.3,Bstd:28.7,StrandBias:1.3,Multiplicity:1.08
0.199	0.206	0.346	0.249
0.154	0.225	0.227	0.394
0.178	0.095	0.268	0.459
0.140	0.059	0.631	0.170
0.159	0.065	0.632	0.144
0.236	0.068	0.586	0.110
0.205	0.044	0.646	0.105
0.194	0.136	0.610	0.060
0.620	0.067	0.203	0.110
0.280	0.057	0.614	0.049
0.529	0.134	0.265	0.072
0.248	0.183	0.382	0.187
>TVGCCCCGCCCC	4-TVGCCCCGCCCC	10.051007	-816.763757	0	T:2159.0(4.18%),B:733.1(1.54%),P:1e-354	Tpos:28.9,Tstd:18.8,Bpos:50.9,Bstd:33.4,StrandBias:-0.7,Multiplicity:1.07
0.141	0.207	0.206	0.446
0.356	0.252	0.340	0.051
0.016	0.010	0.955	0.019
0.020	0.898	0.041	0.041
0.014	0.897	0.007	0.082
0.069	0.907	0.017	0.007
0.022	0.950	0.012	0.016
0.024	0.003	0.937	0.036
0.003	0.967	0.013	0.017
0.009	0.973	0.009	0.009
0.009	0.878	0.011	0.102
0.118	0.838	0.012	0.032
>YNNTTCCGGNDV	5-YNNTTCCGGNDV	3.970049	-737.453360	0	T:6570.0(12.73%),B:3728.4(7.83%),P:1e-320	Tpos:49.4,Tstd:24.9,Bpos:49.8,Bstd:33.8,StrandBias:0.1,Multiplicity:1.10
0.115	0.379	0.214	0.292
0.291	0.303	0.226	0.181
0.190	0.265	0.211	0.333
0.279	0.101	0.080	0.540
0.191	0.123	0.124	0.562
0.267	0.441	0.156	0.135
0.067	0.654	0.234	0.045
0.089	0.190	0.686	0.035
0.190	0.202	0.474	0.134
0.300	0.266	0.255	0.179
0.203	0.147	0.334	0.315
0.345	0.248	0.226	0.181
>STGCGCATGCGC	6-STGCGCATGCGC	2.789976	-725.410580	0	T:804.0(1.56%),B:134.0(0.28%),P:1e-315	Tpos:37.7,Tstd:18.6,Bpos:45.7,Bstd:36.0,StrandBias:-0.1,Multiplicity:1.06
0.001	0.562	0.436	0.001
0.001	0.001	0.001	0.997
0.001	0.001	0.997	0.001
0.001	0.997	0.001	0.001
0.001	0.001	0.997	0.001
0.001	0.997	0.001	0.001
0.997	0.001	0.001	0.001
0.001	0.001	0.001	0.997
0.001	0.001	0.997	0.001
0.001	0.997	0.001	0.001
0.001	0.001	0.997	0.001
0.001	0.997	0.001	0.001
>GAGGAGGAGGAG	7-GAGGAGGAGGAG	5.907126	-686.763831	0	T:6810.0(13.20%),B:3977.7(8.35%),P:1e-298	Tpos:51.7,Tstd:24.4,Bpos:50.5,Bstd:32.0,StrandBias:1.6,Multiplicity:1.19
0.034	0.001	0.942	0.023
0.852	0.046	0.053	0.049
0.216	0.011	0.671	0.102
0.094	0.001	0.904	0.001
0.893	0.001	0.098	0.008
0.247	0.001	0.751	0.001
0.001	0.001	0.993	0.005
0.840	0.105	0.021	0.034
0.365	0.010	0.624	0.001
0.022	0.007	0.960	0.011
0.960	0.001	0.001	0.038
0.189	0.040	0.706	0.065
>ATCATCATCATC	8-ATCATCATCATC	5.059636	-477.096693	0	T:9124.0(17.68%),B:6154.3(12.93%),P:1e-207	Tpos:51.9,Tstd:26.5,Bpos:49.5,Bstd:28.2,StrandBias:-1.1,Multiplicity:1.14
0.621	0.111	0.103	0.165
0.126	0.117	0.112	0.645
0.090	0.717	0.093	0.100
0.672	0.102	0.063	0.163
0.114	0.119	0.131	0.636
0.091	0.718	0.083	0.108
0.662	0.105	0.062	0.171
0.108	0.127	0.131	0.634
0.082	0.712	0.087	0.119
0.655	0.115	0.056	0.174
0.108	0.129	0.119	0.644
0.089	0.682	0.098	0.131
>ATTGGCAGCGGC	9-ATTGGCAGCGGC	4.571791	-423.737631	0	T:21262.0(41.20%),B:16687.9(35.05%),P:1e-184	Tpos:52.0,Tstd:26.4,Bpos:49.6,Bstd:31.7,StrandBias:0.4,Multiplicity:1.35
0.700	0.100	0.100	0.100
0.100	0.100	0.100	0.700
0.100	0.100	0.100	0.700
0.100	0.100	0.700	0.100
0.100	0.100	0.700	0.100
0.100	0.700	0.100	0.100
0.700	0.100	0.100	0.100
0.100	0.100	0.700	0.100
0.100	0.700	0.100	0.100
0.100	0.100	0.700	0.100
0.100	0.100	0.700	0.100
0.100	0.700	0.100	0.100
>GGGGGGGGGGGG	10-GGGGGGGGGGGG	6.930047	-419.622752	0	T:6529.0(12.65%),B:4209.1(8.84%),P:1e-182	Tpos:40.3,Tstd:21.4,Bpos:49.0,Bstd:31.7,StrandBias:0.9,Multiplicity:1.13
0.111	0.081	0.673	0.135
0.110	0.074	0.711	0.105
0.122	0.046	0.738	0.094
0.111	0.035	0.774	0.080
0.103	0.058	0.781	0.058
0.083	0.072	0.801	0.044
0.086	0.076	0.771	0.067
0.084	0.091	0.765	0.060
0.092	0.085	0.750	0.073
0.110	0.079	0.736	0.075
0.133	0.094	0.723	0.050
0.128	0.103	0.696	0.073
>TTYYTTTTCMGG	11-TTYYTTTTCMGG	7.648644	-384.242492	0	T:3777.0(7.32%),B:2177.9(4.57%),P:1e-166	Tpos:51.1,Tstd:25.6,Bpos:51.1,Bstd:30.5,StrandBias:0.3,Multiplicity:1.02
0.001	0.171	0.058	0.770
0.005	0.138	0.094	0.763
0.012	0.494	0.092	0.402
0.082	0.394	0.053	0.470
0.071	0.269	0.181	0.479
0.001	0.294	0.068	0.637
0.001	0.225	0.001	0.773
0.001	0.324	0.009	0.666
0.001	0.881	0.001	0.117
0.412	0.367	0.001	0.220
0.383	0.001	0.612	0.004
0.060	0.194	0.678	0.068
>KTCTATCAGCAG	12-KTCTATCAGCAG	11.145401	-370.481278	0	T:154.0(0.30%),B:5.3(0.01%),P:1e-160	Tpos:65.6,Tstd:12.3,Bpos:63.4,Bstd:10.6,StrandBias:4.1,Multiplicity:1.00
0.178	0.097	0.388	0.337
0.096	0.107	0.189	0.608
0.105	0.497	0.200	0.198
0.105	0.086	0.026	0.783
0.776	0.100	0.027	0.097
0.052	0.035	0.044	0.869
0.020	0.879	0.026	0.075
0.965	0.001	0.008	0.026
0.009	0.060	0.922	0.009
0.112	0.793	0.086	0.009
0.912	0.001	0.027	0.060
0.052	0.060	0.879	0.009
>STGACGTCASCG	13-STGACGTCASCG	7.254286	-276.436321	0	T:827.0(1.60%),B:300.5(0.63%),P:1e-120	Tpos:37.0,Tstd:22.7,Bpos:53.3,Bstd:33.7,StrandBias:-0.1,Multiplicity:1.03
0.224	0.280	0.386	0.110
0.139	0.176	0.126	0.559
0.077	0.144	0.671	0.108
0.850	0.001	0.075	0.074
0.001	0.876	0.001	0.122
0.093	0.047	0.823	0.037
0.056	0.001	0.010	0.933
0.081	0.879	0.030	0.010
0.809	0.020	0.170	0.001
0.077	0.392	0.311	0.220
0.178	0.397	0.199	0.226
0.217	0.219	0.378	0.185
>SGGTCACGTGAC	14-SGGTCACGTGAC	9.133264	-235.196390	0	T:330.0(0.64%),B:70.0(0.15%),P:1e-102	Tpos:35.8,Tstd:19.8,Bpos:55.4,Bstd:29.7,StrandBias:-0.0,Multiplicity:1.07
0.130	0.491	0.346	0.033
0.077	0.216	0.624	0.083
0.029	0.192	0.763	0.016
0.016	0.166	0.033	0.785
0.010	0.974	0.014	0.002
0.966	0.016	0.006	0.012
0.014	0.948	0.019	0.019
0.041	0.044	0.903	0.012
0.014	0.006	0.018	0.962
0.006	0.018	0.970	0.006
0.803	0.021	0.154	0.022
0.014	0.812	0.145	0.029
>GGGGGTGTGGTT	15-GGGGGTGTGGTT	7.419092	-227.775915	0	T:1155.0(2.24%),B:535.0(1.12%),P:1e-98	Tpos:51.5,Tstd:24.0,Bpos:49.0,Bstd:27.3,StrandBias:1.5,Multiplicity:1.01
0.109	0.083	0.688	0.120
0.113	0.085	0.663	0.139
0.128	0.082	0.685	0.105
0.109	0.077	0.688	0.126
0.101	0.161	0.625	0.113
0.112	0.095	0.134	0.659
0.066	0.109	0.715	0.110
0.101	0.089	0.158	0.652
0.086	0.067	0.729	0.118
0.090	0.112	0.658	0.140
0.097	0.164	0.149	0.590
0.088	0.119	0.146	0.647
>TCTCGCGAGANY	16-TCTCGCGAGANY	9.001455	-205.002140	0	T:203.0(0.39%),B:30.8(0.06%),P:1e-89	Tpos:33.7,Tstd:20.3,Bpos:45.7,Bstd:37.8,StrandBias:0.0,Multiplicity:1.05
0.025	0.147	0.068	0.760
0.115	0.790	0.076	0.019
0.013	0.032	0.051	0.904
0.001	0.997	0.001	0.001
0.001	0.001	0.997	0.001
0.005	0.993	0.001	0.001
0.001	0.001	0.997	0.001
0.956	0.025	0.006	0.013
0.032	0.006	0.799	0.163
0.861	0.006	0.108	0.025
0.175	0.249	0.269	0.307
0.194	0.263	0.150	0.393
>ACTGCGCAGACG	17-ACTGCGCAGACG	11.243848	-160.864490	0	T:115.0(0.22%),B:11.6(0.02%),P:1e-69	Tpos:41.9,Tstd:20.8,Bpos:33.4,Bstd:30.2,StrandBias:-0.7,Multiplicity:1.00
0.795	0.040	0.121	0.044
0.010	0.908	0.067	0.015
0.044	0.107	0.079	0.770
0.020	0.015	0.930	0.035
0.044	0.858	0.083	0.015
0.034	0.064	0.868	0.034
0.034	0.887	0.069	0.010
0.810	0.102	0.059	0.029
0.020	0.034	0.941	0.005
0.563	0.125	0.254	0.058
0.049	0.853	0.083	0.015
0.049	0.067	0.830	0.054
>TTTAAAAAAAAA	18-TTTAAAAAAAAA	10.727147	-150.267752	0	T:1000.0(1.94%),B:511.8(1.08%),P:1e-65	Tpos:59.7,Tstd:28.9,Bpos:50.2,Bstd:30.6,StrandBias:-1.9,Multiplicity:1.03
0.204	0.033	0.133	0.630
0.189	0.016	0.114	0.681
0.378	0.028	0.019	0.575
0.755	0.016	0.005	0.224
0.822	0.010	0.106	0.062
0.948	0.012	0.016	0.024
0.799	0.051	0.119	0.031
0.639	0.098	0.123	0.140
0.713	0.113	0.065	0.109
0.848	0.021	0.062	0.069
0.846	0.083	0.064	0.007
0.732	0.025	0.118	0.125
>DVKGGGCGGGAC	19-DVKGGGCGGGAC	9.767991	-110.835751	0	T:169.0(0.33%),B:39.4(0.08%),P:1e-48	Tpos:35.2,Tstd:21.1,Bpos:47.7,Bstd:1.9,StrandBias:0.5,Multiplicity:1.00
0.331	0.083	0.242	0.343
0.287	0.274	0.406	0.034
0.215	0.072	0.390	0.323
0.196	0.015	0.769	0.020
0.166	0.023	0.784	0.027
0.023	0.167	0.792	0.018
0.028	0.722	0.020	0.230
0.212	0.089	0.557	0.142
0.109	0.012	0.856	0.023
0.110	0.146	0.717	0.027
0.535	0.273	0.166	0.026
0.304	0.632	0.029	0.035
>CCAATCAGGVGC	20-CCAATCAGGVGC	8.640271	-98.260060	0	T:52.0(0.10%),B:3.4(0.01%),P:1e-42	Tpos:26.3,Tstd:16.9,Bpos:70.0,Bstd:13.3,StrandBias:1.2,Multiplicity:1.04
0.102	0.657	0.088	0.153
0.128	0.682	0.112	0.078
0.645	0.152	0.100	0.103
0.478	0.206	0.201	0.115
0.155	0.180	0.167	0.499
0.073	0.673	0.180	0.074
0.676	0.101	0.098	0.125
0.108	0.127	0.689	0.076
0.217	0.268	0.419	0.096
0.250	0.383	0.238	0.129
0.182	0.227	0.449	0.142
0.126	0.656	0.143	0.075
>GGGAGTTGTAGT	21-GGGAGTTGTAGT	11.110927	-80.307118	0	T:119.0(0.23%),B:27.5(0.06%),P:1e-34	Tpos:36.0,Tstd:22.5,Bpos:47.4,Bstd:22.4,StrandBias:0.9,Multiplicity:1.02
0.001	0.001	0.959	0.039
0.039	0.001	0.921	0.039
0.079	0.039	0.803	0.079
0.959	0.001	0.039	0.001
0.352	0.001	0.646	0.001
0.024	0.058	0.274	0.644
0.004	0.039	0.039	0.918
0.039	0.039	0.921	0.001
0.039	0.079	0.041	0.841
0.917	0.001	0.043	0.039
0.039	0.001	0.959	0.001
0.001	0.078	0.039	0.882
>CGTTGCCATGGA	22-CGTTGCCATGGA	11.145399	-68.876873	0	T:41.0(0.08%),B:3.9(0.01%),P:1e-29	Tpos:42.3,Tstd:20.6,Bpos:50.3,Bstd:12.4,StrandBias:0.5,Multiplicity:1.00
0.074	0.717	0.112	0.097
0.025	0.025	0.900	0.050
0.012	0.086	0.084	0.818
0.074	0.103	0.068	0.755
0.020	0.031	0.875	0.074
0.037	0.895	0.025	0.043
0.025	0.907	0.019	0.049
0.779	0.097	0.043	0.081
0.062	0.050	0.103	0.785
0.038	0.049	0.875	0.038
0.037	0.047	0.879	0.037
0.833	0.062	0.031	0.074
>GGGATGATTCAC	23-GGGATGATTCAC	10.353945	-62.708689	0	T:43.0(0.08%),B:4.9(0.01%),P:1e-27	Tpos:40.8,Tstd:22.6,Bpos:62.6,Bstd:15.6,StrandBias:1.1,Multiplicity:1.00
0.054	0.023	0.869	0.054
0.107	0.031	0.839	0.023
0.039	0.069	0.846	0.046
0.839	0.069	0.054	0.038
0.067	0.008	0.099	0.826
0.023	0.062	0.862	0.053
0.773	0.127	0.061	0.039
0.069	0.063	0.084	0.784
0.076	0.039	0.046	0.839
0.023	0.923	0.023	0.031
0.855	0.053	0.031	0.061
0.084	0.770	0.077	0.069
>AACGCAGGCGCG	24-AACGCAGGCGCG	10.409522	-56.267094	0	T:44.0(0.09%),B:5.9(0.01%),P:1e-24	Tpos:38.9,Tstd:22.9,Bpos:48.5,Bstd:4.3,StrandBias:-0.9,Multiplicity:1.00
0.700	0.100	0.100	0.100
0.700	0.100	0.100	0.100
0.100	0.700	0.100	0.100
0.100	0.100	0.700	0.100
0.100	0.700	0.100	0.100
0.700	0.100	0.100	0.100
0.100	0.100	0.700	0.100
0.100	0.100	0.700	0.100
0.100	0.700	0.100	0.100
0.100	0.100	0.700	0.100
0.100	0.700	0.100	0.100
0.100	0.100	0.700	0.100
>ATGGCGACCGAG	25-ATGGCGACCGAG	9.813602	-56.159976	0	T:57.0(0.11%),B:9.9(0.02%),P:1e-24	Tpos:57.5,Tstd:28.4,Bpos:71.3,Bstd:15.8,StrandBias:1.1,Multiplicity:1.00
0.608	0.215	0.141	0.036
0.118	0.132	0.177	0.573
0.026	0.024	0.919	0.031
0.028	0.023	0.931	0.018
0.211	0.511	0.144	0.134
0.047	0.156	0.718	0.079
0.475	0.178	0.212	0.135
0.023	0.783	0.179	0.015
0.096	0.558	0.122	0.224
0.145	0.162	0.621	0.072
0.582	0.157	0.159	0.102
0.015	0.086	0.883	0.016
>CGGAAG	1-CGGAAG	6.565471	-1145.783314	0	T:4915.0(9.52%),B:2159.4(4.54%),P:1e-497	Tpos:46.3,Tstd:24.6,Bpos:50.6,Bstd:36.6,StrandBias:0.3,Multiplicity:1.23
0.001	0.997	0.001	0.001
0.001	0.001	0.997	0.001
0.001	0.001	0.997	0.001
0.997	0.001	0.001	0.001
0.997	0.001	0.001	0.001
0.176	0.001	0.822	0.001
>TCCTCC	2-TCCTCC	4.785245	-729.998544	0	T:20310.0(39.36%),B:14960.7(31.42%),P:1e-317	Tpos:50.4,Tstd:25.1,Bpos:50.5,Bstd:31.7,StrandBias:-1.1,Multiplicity:1.40
0.001	0.001	0.001	0.997
0.001	0.997	0.001	0.001
0.048	0.950	0.001	0.001
0.001	0.306	0.001	0.692
0.001	0.997	0.001	0.001
0.001	0.888	0.001	0.110
>GCGGTA	3-GCGGTA	3.348013	-712.778283	0	T:22222.0(43.06%),B:16684.8(35.04%),P:1e-309	Tpos:51.6,Tstd:27.6,Bpos:50.0,Bstd:33.6,StrandBias:0.4,Multiplicity:1.33
0.035	0.152	0.726	0.087
0.051	0.755	0.116	0.078
0.165	0.131	0.524	0.180
0.024	0.097	0.709	0.170
0.149	0.110	0.011	0.730
0.557	0.136	0.091	0.216
>AAGGGG	4-AAGGGG	5.170974	-702.933763	0	T:15891.0(30.80%),B:11232.1(23.59%),P:1e-305	Tpos:48.8,Tstd:26.3,Bpos:49.4,Bstd:32.8,StrandBias:0.8,Multiplicity:1.11
0.901	0.001	0.001	0.097
0.778	0.001	0.220	0.001
0.001	0.001	0.997	0.001
0.001	0.091	0.907	0.001
0.197	0.124	0.678	0.001
0.001	0.001	0.997	0.001
>TCDTCG	5-TCDTCG	3.366584	-603.479372	0	T:19585.0(37.95%),B:14658.4(30.79%),P:1e-262	Tpos:52.2,Tstd:27.8,Bpos:50.3,Bstd:37.2,StrandBias:-0.2,Multiplicity:1.26
0.066	0.192	0.236	0.506
0.235	0.539	0.074	0.152
0.286	0.001	0.357	0.356
0.150	0.176	0.197	0.478
0.069	0.859	0.001	0.071
0.294	0.122	0.536	0.048
>ATGACG	6-ATGACG	3.868692	-591.955853	0	T:21747.0(42.14%),B:16595.0(34.85%),P:1e-257	Tpos:52.2,Tstd:27.7,Bpos:49.5,Bstd:32.1,StrandBias:0.7,Multiplicity:1.42
0.553	0.119	0.172	0.156
0.248	0.126	0.113	0.513
0.067	0.076	0.782	0.075
0.698	0.134	0.111	0.057
0.116	0.497	0.163	0.224
0.009	0.020	0.958	0.013
>CTCTTC	7-CTCTTC	5.839328	-495.819222	0	T:15197.0(29.45%),B:11163.5(23.45%),P:1e-215	Tpos:51.1,Tstd:27.4,Bpos:49.6,Bstd:32.2,StrandBias:-0.8,Multiplicity:1.08
0.145	0.853	0.001	0.001
0.001	0.001	0.238	0.760
0.001	0.997	0.001	0.001
0.001	0.001	0.001	0.997
0.001	0.230	0.001	0.768
0.001	0.997	0.001	0.001
>TKACGY	8-TKACGY	4.908502	-436.795534	0	T:6776.0(13.13%),B:4369.7(9.18%),P:1e-189	Tpos:51.1,Tstd:29.4,Bpos:50.8,Bstd:31.8,StrandBias:-0.3,Multiplicity:1.04
0.001	0.062	0.045	0.892
0.001	0.136	0.378	0.485
0.868	0.130	0.001	0.001
0.001	0.868	0.130	0.001
0.001	0.220	0.778	0.001
0.142	0.373	0.020	0.465
>CGGAAM	9-CGGAAM	5.277432	-395.028312	0	T:3335.0(6.46%),B:1842.5(3.87%),P:1e-171	Tpos:50.6,Tstd:26.7,Bpos:48.0,Bstd:35.8,StrandBias:-0.0,Multiplicity:1.03
0.001	0.893	0.105	0.001
0.076	0.180	0.601	0.143
0.161	0.001	0.767	0.071
0.797	0.037	0.001	0.165
0.569	0.001	0.071	0.359
0.406	0.380	0.054	0.160
>TCCGCT	10-TCCGCT	5.164107	-361.639047	0	T:9208.0(17.84%),B:6496.6(13.64%),P:1e-157	Tpos:51.8,Tstd:28.0,Bpos:49.7,Bstd:32.0,StrandBias:-0.6,Multiplicity:1.07
0.028	0.001	0.001	0.970
0.043	0.955	0.001	0.001
0.001	0.997	0.001	0.001
0.288	0.001	0.710	0.001
0.141	0.697	0.161	0.001
0.001	0.001	0.001	0.997
>ATTGGC	11-ATTGGC	4.644231	-322.564423	0	T:6487.0(12.57%),B:4380.3(9.20%),P:1e-140	Tpos:47.6,Tstd:28.5,Bpos:49.8,Bstd:31.3,StrandBias:0.1,Multiplicity:1.07
0.825	0.001	0.001	0.173
0.001	0.001	0.001	0.997
0.001	0.166	0.001	0.832
0.001	0.106	0.892	0.001
0.001	0.001	0.997	0.001
0.001	0.997	0.001	0.001
>CCCCAA	12-CCCCAA	5.712475	-288.636369	0	T:10369.0(20.09%),B:7672.4(16.11%),P:1e-125	Tpos:50.5,Tstd:27.0,Bpos:50.0,Bstd:30.2,StrandBias:-0.8,Multiplicity:1.08
0.001	0.997	0.001	0.001
0.269	0.494	0.075	0.162
0.001	0.997	0.001	0.001
0.001	0.997	0.001	0.001
0.997	0.001	0.001	0.001
0.997	0.001	0.001	0.001
>ATCAGC	13-ATCAGC	5.425270	-273.536344	0	T:9753.0(18.90%),B:7200.8(15.12%),P:1e-118	Tpos:50.4,Tstd:28.4,Bpos:49.6,Bstd:29.3,StrandBias:-0.0,Multiplicity:1.08
0.997	0.001	0.001	0.001
0.001	0.001	0.001	0.997
0.001	0.997	0.001	0.001
0.997	0.001	0.001	0.001
0.153	0.001	0.763	0.083
0.001	0.676	0.147	0.176
>TGCGCA	14-TGCGCA	6.177716	-246.801225	0	T:1072.0(2.08%),B:467.0(0.98%),P:1e-107	Tpos:42.9,Tstd:23.9,Bpos:51.9,Bstd:36.1,StrandBias:0.0,Multiplicity:1.06
0.100	0.100	0.100	0.700
0.100	0.100	0.700	0.100
0.100	0.700	0.100	0.100
0.100	0.100	0.700	0.100
0.100	0.700	0.100	0.100
0.700	0.100	0.100	0.100
>GCAGCT	15-GCAGCT	5.500347	-229.463289	0	T:11048.0(21.41%),B:8450.4(17.75%),P:1e-99	Tpos:51.7,Tstd:28.3,Bpos:50.2,Bstd:31.1,StrandBias:-0.0,Multiplicity:1.18
0.001	0.001	0.997	0.001
0.001	0.997	0.001	0.001
0.741	0.001	0.001	0.257
0.099	0.001	0.899	0.001
0.001	0.997	0.001	0.001
0.176	0.001	0.001	0.822
>CGARAR	16-CGARAR	4.575824	-221.056409	0	T:6767.0(13.11%),B:4869.6(10.23%),P:1e-96	Tpos:51.2,Tstd:27.6,Bpos:50.3,Bstd:38.1,StrandBias:0.2,Multiplicity:1.09
0.001	0.809	0.189	0.001
0.001	0.135	0.863	0.001
0.580	0.179	0.102	0.139
0.456	0.001	0.542	0.001
0.782	0.087	0.001	0.130
0.532	0.001	0.466	0.001
>TGACCG	17-TGACCG	4.284053	-220.379711	0	T:3259.0(6.32%),B:2061.9(4.33%),P:1e-95	Tpos:52.9,Tstd:28.5,Bpos:51.1,Bstd:34.1,StrandBias:0.5,Multiplicity:1.03
0.001	0.001	0.001	0.997
0.001	0.001	0.830	0.168
0.997	0.001	0.001	0.001
0.001	0.884	0.001	0.114
0.001	0.933	0.065	0.001
0.001	0.001	0.997	0.001
>TGACGT	18-TGACGT	7.992133	-189.707028	0	T:1202.0(2.33%),B:604.7(1.27%),P:1e-82	Tpos:37.8,Tstd:25.1,Bpos:0.0,Bstd:0.0,StrandBias:1.0,Multiplicity:1.00
0.001	0.001	0.001	0.997
0.001	0.001	0.997	0.001
0.997	0.001	0.001	0.001
0.001	0.997	0.001	0.001
0.001	0.001	0.997	0.001
0.001	0.265	0.001	0.733
>CARTCG	19-CARTCG	6.568640	-174.441260	0	T:2222.0(4.31%),B:1358.4(2.85%),P:1e-75	Tpos:52.1,Tstd:27.5,Bpos:47.5,Bstd:36.5,StrandBias:0.1,Multiplicity:1.02
0.344	0.497	0.158	0.001
0.997	0.001	0.001	0.001
0.479	0.001	0.519	0.001
0.001	0.001	0.001	0.997
0.001	0.997	0.001	0.001
0.015	0.001	0.983	0.001
>GGGTTG	20-GGGTTG	5.198839	-173.811992	0	T:11267.0(21.83%),B:8860.0(18.61%),P:1e-75	Tpos:49.4,Tstd:26.2,Bpos:50.1,Bstd:30.0,StrandBias:0.9,Multiplicity:1.18
0.001	0.302	0.514	0.183
0.062	0.197	0.740	0.001
0.001	0.001	0.997	0.001
0.001	0.001	0.004	0.994
0.064	0.001	0.183	0.752
0.001	0.001	0.997	0.001
>TTTTCC	21-TTTTCC	5.997094	-160.928186	0	T:15473.0(29.99%),B:12615.4(26.50%),P:1e-69	Tpos:50.6,Tstd:28.0,Bpos:50.6,Bstd:32.7,StrandBias:-0.1,Multiplicity:1.18
0.001	0.001	0.001	0.997
0.001	0.001	0.001	0.997
0.001	0.001	0.001	0.997
0.001	0.307	0.177	0.515
0.001	0.805	0.001	0.193
0.001	0.997	0.001	0.001
>CCAGTT	22-CCAGTT	2.956231	-135.053218	0	T:9424.0(18.26%),B:7435.4(15.62%),P:1e-58	Tpos:49.7,Tstd:28.2,Bpos:49.3,Bstd:29.3,StrandBias:-0.1,Multiplicity:1.08
0.068	0.930	0.001	0.001
0.001	0.997	0.001	0.001
0.926	0.001	0.003	0.070
0.001	0.001	0.995	0.003
0.001	0.001	0.001	0.997
0.001	0.001	0.001	0.997
>CTTCGC	23-CTTCGC	6.379151	-114.635691	0	T:5108.0(9.90%),B:3835.6(8.06%),P:1e-49	Tpos:52.6,Tstd:27.8,Bpos:49.8,Bstd:33.1,StrandBias:-0.7,Multiplicity:1.02
0.001	0.738	0.260	0.001
0.001	0.001	0.097	0.901
0.001	0.001	0.001	0.997
0.001	0.997	0.001	0.001
0.327	0.001	0.671	0.001
0.077	0.921	0.001	0.001
>TCGCGA	24-TCGCGA	6.177716	-107.100346	0	T:403.0(0.78%),B:165.6(0.35%),P:1e-46	Tpos:40.9,Tstd:26.1,Bpos:50.3,Bstd:41.1,StrandBias:0.0,Multiplicity:1.03
0.100	0.100	0.100	0.700
0.100	0.700	0.100	0.100
0.100	0.100	0.700	0.100
0.100	0.700	0.100	0.100
0.100	0.100	0.700	0.100
0.700	0.100	0.100	0.100
>GTCGAT	25-GTCGAT	6.190778	-95.984820	0	T:1013.0(1.96%),B:592.5(1.24%),P:1e-41	Tpos:53.6,Tstd:28.0,Bpos:55.8,Bstd:34.7,StrandBias:-0.3,Multiplicity:1.00
0.001	0.001	0.997	0.001
0.001	0.001	0.001	0.997
0.001	0.997	0.001	0.001
0.001	0.001	0.997	0.001
0.997	0.001	0.001	0.001
0.320	0.121	0.001	0.558
>CCGGAAGT	1-CCGGAAGT	8.458409	-1512.987276	0	T:1947.0(3.77%),B:382.0(0.80%),P:1e-657	Tpos:42.6,Tstd:21.8,Bpos:52.6,Bstd:36.8,StrandBias:0.3,Multiplicity:1.14
0.001	0.823	0.175	0.001
0.001	0.997	0.001	0.001
0.001	0.001	0.997	0.001
0.001	0.001	0.997	0.001
0.997	0.001	0.001	0.001
0.997	0.001	0.001	0.001
0.001	0.001	0.997	0.001
0.089	0.188	0.001	0.722
>CGGAAGCR	2-CGGAAGCR	7.327218	-1082.827791	0	T:2065.0(4.00%),B:565.4(1.19%),P:1e-470	Tpos:48.7,Tstd:25.9,Bpos:46.3,Bstd:36.6,StrandBias:0.1,Multiplicity:1.02
0.001	0.997	0.001	0.001
0.001	0.044	0.954	0.001
0.108	0.001	0.793	0.098
0.918	0.001	0.001	0.080
0.935	0.001	0.001	0.063
0.089	0.334	0.576	0.001
0.065	0.546	0.001	0.388
0.500	0.001	0.385	0.114
>CCCCCCCC	3-CCCCCCCC	5.973302	-1027.571144	0	T:12139.0(23.52%),B:7541.8(15.84%),P:1e-446	Tpos:40.7,Tstd:23.0,Bpos:49.5,Bstd:33.1,StrandBias:-0.9,Multiplicity:1.40
0.001	0.590	0.001	0.408
0.109	0.633	0.001	0.257
0.125	0.613	0.125	0.137
0.090	0.680	0.229	0.001
0.019	0.826	0.154	0.001
0.001	0.997	0.001	0.001
0.001	0.962	0.001	0.036
0.188	0.587	0.001	0.224
>GADGAMGW	4-GADGAMGW	4.641660	-965.092119	0	T:26576.0(51.50%),B:19955.9(41.91%),P:1e-419	Tpos:52.9,Tstd:26.4,Bpos:49.8,Bstd:32.5,StrandBias:1.1,Multiplicity:1.39
0.189	0.001	0.809	0.001
0.423	0.173	0.257	0.146
0.303	0.001	0.283	0.413
0.015	0.001	0.983	0.001
0.640	0.001	0.294	0.065
0.256	0.397	0.152	0.195
0.001	0.060	0.938	0.001
0.398	0.211	0.122	0.269
>RGCGGMAA	5-RGCGGMAA	4.166916	-931.203717	0	T:13698.0(26.55%),B:8950.7(18.80%),P:1e-404	Tpos:53.6,Tstd:26.7,Bpos:49.6,Bstd:36.1,StrandBias:0.4,Multiplicity:1.26
0.419	0.098	0.303	0.179
0.079	0.207	0.490	0.224
0.001	0.964	0.034	0.001
0.046	0.011	0.942	0.001
0.263	0.084	0.645	0.008
0.451	0.420	0.001	0.129
0.513	0.104	0.186	0.197
0.637	0.001	0.105	0.257
>TTTTYMGS	6-TTTTYMGS	4.861825	-885.730942	0	T:18788.0(36.41%),B:13282.1(27.90%),P:1e-384	Tpos:50.7,Tstd:26.2,Bpos:50.1,Bstd:31.6,StrandBias:-0.1,Multiplicity:1.15
0.093	0.313	0.001	0.593
0.001	0.333	0.001	0.665
0.001	0.021	0.001	0.977
0.194	0.180	0.213	0.413
0.001	0.458	0.197	0.344
0.356	0.409	0.235	0.001
0.001	0.395	0.603	0.001
0.001	0.521	0.477	0.001
>TGGAGGDG	7-TGGAGGDG	5.543877	-813.405554	0	T:15951.0(30.91%),B:11038.1(23.18%),P:1e-353	Tpos:51.8,Tstd:26.7,Bpos:50.1,Bstd:29.6,StrandBias:0.9,Multiplicity:1.12
0.300	0.078	0.001	0.621
0.201	0.001	0.797	0.001
0.085	0.001	0.711	0.203
0.778	0.009	0.189	0.024
0.186	0.001	0.661	0.152
0.039	0.381	0.579	0.001
0.358	0.047	0.279	0.316
0.104	0.001	0.894	0.001
>ATGGCGGC	8-ATGGCGGC	8.066908	-643.550721	0	T:1342.0(2.60%),B:390.2(0.82%),P:1e-279	Tpos:67.6,Tstd:24.0,Bpos:45.2,Bstd:32.3,StrandBias:0.7,Multiplicity:1.02
0.997	0.001	0.001	0.001
0.001	0.001	0.001	0.997
0.001	0.001	0.997	0.001
0.001	0.001	0.997	0.001
0.001	0.997	0.001	0.001
0.001	0.001	0.997	0.001
0.113	0.100	0.786	0.001
0.097	0.839	0.001	0.063
>HGTHGNCG	9-HGTHGNCG	4.298678	-481.703047	0	T:6872.0(13.32%),B:4359.1(9.16%),P:1e-209	Tpos:51.8,Tstd:27.9,Bpos:50.5,Bstd:34.5,StrandBias:0.5,Multiplicity:1.04
0.332	0.274	0.152	0.242
0.158	0.016	0.607	0.219
0.252	0.007	0.015	0.726
0.233	0.370	0.019	0.378
0.009	0.046	0.891	0.054
0.185	0.272	0.332	0.210
0.199	0.474	0.022	0.305
0.206	0.160	0.418	0.215
>ATHGGWKG	10-ATHGGWKG	6.216261	-459.445988	0	T:5998.0(11.62%),B:3725.0(7.82%),P:1e-199	Tpos:50.6,Tstd:26.7,Bpos:49.8,Bstd:28.5,StrandBias:0.8,Multiplicity:1.03
0.997	0.001	0.001	0.001
0.057	0.254	0.211	0.478
0.301	0.249	0.068	0.383
0.001	0.001	0.997	0.001
0.001	0.001	0.997	0.001
0.378	0.136	0.224	0.261
0.001	0.225	0.405	0.369
0.066	0.001	0.932	0.001
>CGATTGGC	11-CGATTGGC	5.171469	-397.538928	0	T:3754.0(7.27%),B:2141.2(4.50%),P:1e-172	Tpos:43.7,Tstd:27.7,Bpos:49.5,Bstd:31.9,StrandBias:0.2,Multiplicity:1.03
0.026	0.793	0.069	0.112
0.084	0.183	0.703	0.030
0.763	0.037	0.140	0.060
0.084	0.039	0.021	0.856
0.080	0.095	0.006	0.819
0.125	0.083	0.723	0.069
0.153	0.055	0.768	0.024
0.186	0.577	0.095	0.142
>CDGCWGYW	12-CDGCWGYW	5.017578	-378.611070	0	T:15856.0(30.73%),B:12081.7(25.37%),P:1e-164	Tpos:50.5,Tstd:28.1,Bpos:49.7,Bstd:29.5,StrandBias:-0.1,Multiplicity:1.14
0.123	0.699	0.001	0.177
0.319	0.001	0.266	0.414
0.091	0.001	0.727	0.181
0.147	0.851	0.001	0.001
0.521	0.001	0.001	0.477
0.077	0.001	0.765	0.157
0.118	0.504	0.001	0.377
0.486	0.001	0.039	0.473
>TTNCGTCG	13-TTNCGTCG	5.132352	-374.389349	0	T:2690.0(5.21%),B:1413.7(2.97%),P:1e-162	Tpos:51.1,Tstd:27.6,Bpos:50.4,Bstd:38.1,StrandBias:0.1,Multiplicity:1.03
0.199	0.153	0.001	0.647
0.315	0.001	0.159	0.525
0.209	0.246	0.341	0.204
0.127	0.567	0.169	0.137
0.006	0.141	0.550	0.303
0.153	0.212	0.220	0.415
0.001	0.997	0.001	0.001
0.089	0.001	0.909	0.001
>WAAVGCGS	14-WAAVGCGS	5.238673	-364.771827	0	T:5195.0(10.07%),B:3277.5(6.88%),P:1e-158	Tpos:48.7,Tstd:25.8,Bpos:49.6,Bstd:32.3,StrandBias:0.3,Multiplicity:1.04
0.409	0.001	0.086	0.504
0.628	0.001	0.001	0.370
0.678	0.001	0.001	0.320
0.367	0.339	0.293	0.001
0.001	0.126	0.872	0.001
0.001	0.620	0.378	0.001
0.001	0.304	0.483	0.212
0.109	0.365	0.435	0.091
>ATCTGGCG	15-ATCTGGCG	4.358107	-356.119460	0	T:4650.0(9.01%),B:2875.2(6.04%),P:1e-154	Tpos:51.6,Tstd:27.0,Bpos:49.4,Bstd:33.4,StrandBias:0.1,Multiplicity:1.04
0.632	0.131	0.112	0.125
0.175	0.103	0.108	0.614
0.145	0.558	0.150	0.147
0.141	0.137	0.109	0.613
0.142	0.135	0.603	0.120
0.132	0.113	0.610	0.145
0.130	0.679	0.085	0.106
0.089	0.116	0.690	0.105
>GCGTACGC	16-GCGTACGC	4.816897	-346.976091	0	T:1586.0(3.07%),B:706.0(1.48%),P:1e-150	Tpos:39.5,Tstd:22.5,Bpos:48.1,Bstd:37.3,StrandBias:0.0,Multiplicity:1.12
0.001	0.001	0.997	0.001
0.001	0.997	0.001	0.001
0.001	0.001	0.997	0.001
0.001	0.080	0.001	0.918
0.997	0.001	0.001	0.001
0.001	0.918	0.024	0.057
0.001	0.001	0.997	0.001
0.001	0.997	0.001	0.001
>KACGTCAC	17-KACGTCAC	7.431119	-310.667032	0	T:1165.0(2.26%),B:474.7(1.00%),P:1e-134	Tpos:37.0,Tstd:24.0,Bpos:52.5,Bstd:37.9,StrandBias:-0.3,Multiplicity:1.04
0.164	0.139	0.398	0.299
0.924	0.001	0.074	0.001
0.001	0.997	0.001	0.001
0.001	0.001	0.997	0.001
0.001	0.314	0.001	0.684
0.056	0.550	0.319	0.075
0.997	0.001	0.001	0.001
0.059	0.939	0.001	0.001
>GACGAACT	18-GACGAACT	4.871383	-263.599123	0	T:5681.0(11.01%),B:3873.0(8.13%),P:1e-114	Tpos:52.5,Tstd:27.6,Bpos:50.7,Bstd:32.6,StrandBias:0.3,Multiplicity:1.03
0.080	0.039	0.767	0.114
0.737	0.070	0.102	0.091
0.100	0.706	0.129	0.065
0.050	0.030	0.876	0.044
0.713	0.081	0.068	0.138
0.750	0.075	0.117	0.058
0.080	0.757	0.050	0.113
0.046	0.119	0.138	0.697
>TCTCGCGA	19-TCTCGCGA	7.450426	-232.570823	0	T:357.0(0.69%),B:82.0(0.17%),P:1e-101	Tpos:38.0,Tstd:23.7,Bpos:51.9,Bstd:40.7,StrandBias:0.0,Multiplicity:1.05
0.001	0.001	0.001	0.997
0.210	0.756	0.001	0.033
0.001	0.001	0.001	0.997
0.001	0.997	0.001	0.001
0.001	0.001	0.997	0.001
0.001	0.997	0.001	0.001
0.075	0.001	0.923	0.001
0.875	0.123	0.001	0.001
>TCGATCAG	20-TCGATCAG	5.203518	-214.142253	0	T:2858.0(5.54%),B:1767.9(3.71%),P:1e-93	Tpos:52.5,Tstd:27.3,Bpos:50.2,Bstd:33.1,StrandBias:-0.1,Multiplicity:1.04
0.056	0.085	0.047	0.812
0.034	0.888	0.045	0.033
0.113	0.055	0.780	0.052
0.647	0.087	0.167	0.099
0.154	0.048	0.060	0.738
0.136	0.756	0.030	0.078
0.693	0.148	0.078	0.081
0.134	0.110	0.687	0.069
>CDATCMGC	21-CDATCMGC	8.202710	-168.499207	0	T:313.0(0.61%),B:84.6(0.18%),P:1e-73	Tpos:61.1,Tstd:20.0,Bpos:47.1,Bstd:26.5,StrandBias:1.7,Multiplicity:1.01
0.001	0.763	0.235	0.001
0.294	0.001	0.288	0.417
0.997	0.001	0.001	0.001
0.001	0.001	0.001	0.997
0.001	0.997	0.001	0.001
0.317	0.458	0.224	0.001
0.001	0.001	0.997	0.001
0.001	0.559	0.152	0.288
>ACTTACCC	22-ACTTACCC	7.730023	-113.855004	0	T:681.0(1.32%),B:337.0(0.71%),P:1e-49	Tpos:57.7,Tstd:26.8,Bpos:49.5,Bstd:31.9,StrandBias:-0.8,Multiplicity:1.00
0.820	0.136	0.001	0.043
0.001	0.997	0.001	0.001
0.001	0.029	0.001	0.969
0.021	0.029	0.038	0.912
0.997	0.001	0.001	0.001
0.017	0.981	0.001	0.001
0.078	0.880	0.028	0.014
0.044	0.630	0.109	0.217
>TWWWAAAA	23-TWWWAAAA	7.756281	-99.024244	0	T:1808.0(3.50%),B:1189.2(2.50%),P:1e-43	Tpos:55.1,Tstd:30.0,Bpos:49.3,Bstd:29.4,StrandBias:-1.2,Multiplicity:1.05
0.001	0.001	0.157	0.841
0.550	0.001	0.001	0.448
0.449	0.001	0.001	0.549
0.570	0.007	0.001	0.422
0.593	0.001	0.001	0.405
0.892	0.001	0.106	0.001
0.571	0.414	0.001	0.014
0.997	0.001	0.001	0.001
>AAAGCGAC	24-AAAGCGAC	9.045766	-93.539632	0	T:118.0(0.23%),B:23.8(0.05%),P:1e-40	Tpos:49.6,Tstd:26.7,Bpos:54.2,Bstd:35.2,StrandBias:0.2,Multiplicity:1.00
0.810	0.001	0.001	0.188
0.997	0.001	0.001	0.001
0.701	0.297	0.001	0.001
0.001	0.001	0.997	0.001
0.001	0.997	0.001	0.001
0.001	0.001	0.997	0.001
0.997	0.001	0.001	0.001
0.001	0.997	0.001	0.001
>TGACGGAA	25-TGACGGAA	8.236954	-17.103049	0	T:68.0(0.13%),B:30.6(0.06%),P:1e-7	Tpos:50.1,Tstd:24.9,Bpos:37.7,Bstd:17.9,StrandBias:0.1,Multiplicity:1.00
0.100	0.100	0.100	0.700
0.100	0.100	0.700	0.100
0.700	0.100	0.100	0.100
0.100	0.700	0.100	0.100
0.100	0.100	0.700	0.100
0.100	0.100	0.700	0.100
0.700	0.100	0.100	0.100
0.700	0.100	0.100	0.100
