>NSCGGAAVHD	1-NSCGGAAVHD	5.439638	-227.474230	0	T:457.0(7.97%),B:1023.3(2.51%),P:1e-98	Tpos:45.3,Tstd:22.9,Bpos:48.5,Bstd:35.2,StrandBias:0.2,Multiplicity:1.20
0.257	0.218	0.314	0.211
0.134	0.474	0.364	0.029
0.247	0.532	0.188	0.033
0.030	0.030	0.904	0.036
0.184	0.056	0.624	0.136
0.503	0.208	0.129	0.160
0.693	0.031	0.049	0.227
0.255	0.278	0.363	0.104
0.273	0.302	0.025	0.400
0.238	0.163	0.346	0.253
>RGGGGGGGGG	2-RGGGGGGGGG	5.913195	-136.353856	0	T:1527.0(26.63%),B:7305.5(17.92%),P:1e-59	Tpos:43.5,Tstd:22.7,Bpos:49.3,Bstd:30.4,StrandBias:1.3,Multiplicity:1.32
0.325	0.001	0.475	0.198
0.273	0.001	0.509	0.217
0.216	0.001	0.611	0.172
0.010	0.001	0.979	0.010
0.155	0.001	0.817	0.027
0.142	0.090	0.677	0.091
0.084	0.093	0.737	0.086
0.196	0.053	0.621	0.130
0.255	0.002	0.680	0.063
0.236	0.001	0.762	0.001
>GTHCCGCCCC	3-GTHCCGCCCC	8.156240	-112.563518	0	T:380.0(6.63%),B:1157.4(2.84%),P:1e-48	Tpos:31.9,Tstd:21.3,Bpos:47.0,Bstd:37.1,StrandBias:-0.5,Multiplicity:1.15
0.232	0.032	0.553	0.183
0.189	0.266	0.103	0.442
0.353	0.369	0.049	0.229
0.203	0.720	0.076	0.001
0.001	0.693	0.152	0.154
0.049	0.001	0.949	0.001
0.001	0.963	0.001	0.035
0.022	0.960	0.001	0.017
0.001	0.799	0.001	0.199
0.129	0.774	0.073	0.024
>AATATGGCGG	4-AATATGGCGG	6.909425	-106.025807	0	T:266.0(4.64%),B:686.0(1.68%),P:1e-46	Tpos:57.2,Tstd:23.9,Bpos:49.8,Bstd:31.5,StrandBias:0.8,Multiplicity:1.02
0.825	0.055	0.088	0.032
0.828	0.058	0.084	0.030
0.134	0.108	0.114	0.644
0.795	0.079	0.098	0.028
0.046	0.024	0.062	0.868
0.040	0.056	0.855	0.049
0.050	0.065	0.834	0.051
0.061	0.771	0.082	0.086
0.062	0.070	0.779	0.089
0.043	0.085	0.806	0.066
>GATGATGACG	5-GATGATGACG	5.187815	-87.808763	0	T:637.0(11.11%),B:2642.8(6.48%),P:1e-38	Tpos:54.6,Tstd:27.1,Bpos:51.3,Bstd:30.4,StrandBias:1.3,Multiplicity:1.12
0.083	0.105	0.726	0.086
0.692	0.100	0.101	0.107
0.150	0.100	0.111	0.639
0.075	0.087	0.779	0.059
0.690	0.102	0.116	0.092
0.103	0.121	0.080	0.696
0.071	0.081	0.793	0.055
0.657	0.089	0.142	0.112
0.110	0.631	0.113	0.146
0.109	0.096	0.696	0.099
>CTGCAGCAGA	6-CTGCAGCAGA	4.427818	-87.258698	0	T:2442.0(42.59%),B:13993.8(34.33%),P:1e-37	Tpos:52.1,Tstd:26.6,Bpos:50.0,Bstd:30.3,StrandBias:0.2,Multiplicity:1.36
0.072	0.733	0.089	0.106
0.124	0.079	0.092	0.705
0.090	0.101	0.703	0.106
0.100	0.686	0.104	0.110
0.696	0.085	0.093	0.126
0.113	0.099	0.708	0.080
0.108	0.693	0.116	0.083
0.679	0.101	0.100	0.120
0.118	0.092	0.710	0.080
0.689	0.117	0.097	0.097
>CGCATGCGCA	7-CGCATGCGCA	8.288499	-81.492625	0	T:143.0(2.49%),B:289.1(0.71%),P:1e-35	Tpos:39.0,Tstd:19.0,Bpos:51.6,Bstd:38.1,StrandBias:0.2,Multiplicity:1.11
0.042	0.880	0.040	0.038
0.044	0.072	0.863	0.021
0.047	0.849	0.040	0.064
0.761	0.097	0.071	0.071
0.041	0.058	0.135	0.766
0.012	0.057	0.913	0.018
0.064	0.813	0.046	0.077
0.029	0.049	0.839	0.083
0.054	0.817	0.057	0.072
0.507	0.119	0.252	0.122
>GGCAGTGWCG	8-GGCAGTGWCG	8.742620	-71.967816	0	T:44.0(0.77%),B:26.8(0.07%),P:1e-31	Tpos:42.0,Tstd:22.8,Bpos:38.9,Bstd:31.4,StrandBias:0.7,Multiplicity:1.00
0.184	0.013	0.749	0.054
0.112	0.053	0.743	0.092
0.262	0.462	0.066	0.210
0.634	0.026	0.322	0.018
0.158	0.053	0.616	0.173
0.001	0.039	0.013	0.947
0.182	0.027	0.673	0.118
0.415	0.094	0.125	0.366
0.070	0.744	0.023	0.163
0.216	0.039	0.675	0.070
>GGAGGAGTTG	9-GGAGGAGTTG	6.804401	-67.349125	0	T:543.0(9.47%),B:2320.1(5.69%),P:1e-29	Tpos:50.4,Tstd:27.2,Bpos:49.7,Bstd:29.4,StrandBias:0.9,Multiplicity:1.03
0.204	0.001	0.794	0.001
0.001	0.001	0.708	0.290
0.630	0.101	0.027	0.242
0.095	0.001	0.903	0.001
0.115	0.245	0.639	0.001
0.586	0.052	0.065	0.297
0.001	0.012	0.986	0.001
0.226	0.115	0.199	0.460
0.001	0.061	0.045	0.893
0.124	0.180	0.598	0.098
>DAAAAGGGSR	10-DAAAAGGGSR	5.563168	-65.228518	0	T:875.0(15.26%),B:4273.8(10.49%),P:1e-28	Tpos:48.3,Tstd:24.3,Bpos:50.0,Bstd:31.1,StrandBias:0.9,Multiplicity:1.06
0.259	0.157	0.255	0.329
0.505	0.076	0.227	0.192
0.810	0.161	0.028	0.001
0.831	0.128	0.036	0.005
0.637	0.005	0.312	0.046
0.118	0.001	0.876	0.005
0.007	0.183	0.802	0.008
0.001	0.190	0.808	0.001
0.022	0.427	0.500	0.051
0.302	0.136	0.421	0.141
>ATGACGTCGA	11-ATGACGTCGA	7.719775	-55.707151	0	T:88.0(1.53%),B:165.2(0.41%),P:1e-24	Tpos:48.0,Tstd:27.3,Bpos:48.2,Bstd:37.0,StrandBias:-0.2,Multiplicity:1.00
0.724	0.141	0.079	0.056
0.088	0.024	0.024	0.864
0.001	0.040	0.958	0.001
0.889	0.023	0.087	0.001
0.144	0.777	0.055	0.024
0.209	0.025	0.765	0.001
0.001	0.118	0.023	0.858
0.001	0.862	0.108	0.029
0.206	0.069	0.606	0.119
0.629	0.142	0.228	0.001
>CCATTBGGCC	12-CCATTBGGCC	5.267954	-50.983574	0	T:657.0(11.46%),B:3168.6(7.77%),P:1e-22	Tpos:48.5,Tstd:27.1,Bpos:49.4,Bstd:29.5,StrandBias:-0.2,Multiplicity:1.05
0.001	0.469	0.270	0.259
0.206	0.531	0.155	0.108
0.571	0.001	0.130	0.298
0.222	0.001	0.001	0.776
0.001	0.001	0.001	0.997
0.191	0.351	0.237	0.221
0.001	0.061	0.861	0.077
0.024	0.241	0.516	0.219
0.106	0.473	0.174	0.247
0.139	0.601	0.259	0.001
>TGATTGGCGG	13-TGATTGGCGG	7.864905	-45.066442	0	T:127.0(2.21%),B:354.4(0.87%),P:1e-19	Tpos:40.5,Tstd:26.7,Bpos:46.8,Bstd:30.3,StrandBias:0.7,Multiplicity:1.03
0.001	0.141	0.084	0.774
0.001	0.212	0.775	0.012
0.808	0.185	0.006	0.001
0.001	0.052	0.083	0.864
0.031	0.001	0.108	0.860
0.001	0.001	0.997	0.001
0.018	0.066	0.915	0.001
0.018	0.687	0.048	0.247
0.061	0.136	0.562	0.241
0.083	0.027	0.755	0.135
>TCGCGAGAGT	14-TCGCGAGAGT	9.877891	-41.071638	0	T:20.0(0.35%),B:8.4(0.02%),P:1e-17	Tpos:44.3,Tstd:20.9,Bpos:50.6,Bstd:21.6,StrandBias:0.0,Multiplicity:1.10
0.001	0.001	0.053	0.945
0.001	0.997	0.001	0.001
0.001	0.001	0.997	0.001
0.001	0.997	0.001	0.001
0.001	0.053	0.893	0.053
0.945	0.001	0.053	0.001
0.053	0.001	0.893	0.053
0.893	0.053	0.001	0.053
0.001	0.205	0.589	0.205
0.053	0.053	0.001	0.893
>ACGTCACGTG	15-ACGTCACGTG	7.898584	-39.282060	0	T:91.0(1.59%),B:227.1(0.56%),P:1e-17	Tpos:36.8,Tstd:23.6,Bpos:49.9,Bstd:34.7,StrandBias:-0.4,Multiplicity:1.03
0.565	0.189	0.245	0.001
0.001	0.690	0.308	0.001
0.001	0.111	0.860	0.028
0.001	0.281	0.001	0.717
0.001	0.685	0.313	0.001
0.833	0.001	0.165	0.001
0.198	0.800	0.001	0.001
0.046	0.001	0.952	0.001
0.132	0.144	0.176	0.548
0.001	0.420	0.578	0.001
>GGARGARGAA	16-GGARGARGAA	8.551259	-34.751433	0	T:171.0(2.98%),B:620.7(1.52%),P:1e-15	Tpos:55.6,Tstd:23.5,Bpos:47.6,Bstd:34.6,StrandBias:1.4,Multiplicity:1.05
0.188	0.052	0.740	0.020
0.025	0.110	0.864	0.001
0.952	0.037	0.001	0.010
0.334	0.045	0.474	0.147
0.037	0.218	0.744	0.001
0.690	0.041	0.011	0.258
0.341	0.149	0.395	0.115
0.046	0.182	0.763	0.009
0.840	0.139	0.001	0.020
0.735	0.118	0.001	0.146
>TGCGCCGGTT	17-TGCGCCGGTT	10.128883	-34.088748	0	T:22.0(0.38%),B:15.2(0.04%),P:1e-14	Tpos:50.2,Tstd:29.2,Bpos:30.7,Bstd:19.1,StrandBias:1.0,Multiplicity:1.00
0.064	0.148	0.033	0.755
0.001	0.001	0.997	0.001
0.001	0.997	0.001	0.001
0.001	0.063	0.935	0.001
0.001	0.851	0.147	0.001
0.001	0.789	0.063	0.147
0.001	0.063	0.935	0.001
0.001	0.063	0.935	0.001
0.001	0.001	0.057	0.941
0.001	0.001	0.083	0.915
>TCTATCAGCA	18-TCTATCAGCA	10.512748	-33.368227	0	T:18.0(0.31%),B:9.4(0.02%),P:1e-14	Tpos:58.2,Tstd:19.6,Bpos:44.1,Bstd:26.3,StrandBias:1.8,Multiplicity:1.00
0.001	0.001	0.053	0.945
0.296	0.702	0.001	0.001
0.001	0.001	0.001	0.997
0.997	0.001	0.001	0.001
0.001	0.001	0.001	0.997
0.125	0.820	0.054	0.001
0.997	0.001	0.001	0.001
0.001	0.001	0.997	0.001
0.001	0.997	0.001	0.001
0.997	0.001	0.001	0.001
>CGCGAGCTCG	19-CGCGAGCTCG	6.993523	-30.256592	0	T:149.0(2.60%),B:542.2(1.33%),P:1e-13	Tpos:41.4,Tstd:25.1,Bpos:50.7,Bstd:42.7,StrandBias:0.2,Multiplicity:1.05
0.365	0.633	0.001	0.001
0.001	0.001	0.997	0.001
0.001	0.997	0.001	0.001
0.389	0.001	0.609	0.001
0.544	0.222	0.001	0.233
0.001	0.001	0.997	0.001
0.001	0.997	0.001	0.001
0.001	0.001	0.355	0.643
0.407	0.563	0.001	0.029
0.001	0.001	0.659	0.339
>TTKTTTTTAA	20-TTKTTTTTAA	6.742485	-30.108976	0	T:363.0(6.33%),B:1723.6(4.23%),P:1e-13	Tpos:52.8,Tstd:29.3,Bpos:50.6,Bstd:30.1,StrandBias:1.2,Multiplicity:1.05
0.158	0.210	0.173	0.459
0.135	0.014	0.170	0.681
0.160	0.122	0.413	0.305
0.111	0.175	0.094	0.620
0.278	0.120	0.010	0.592
0.172	0.010	0.160	0.658
0.107	0.012	0.019	0.862
0.329	0.012	0.138	0.521
0.452	0.294	0.010	0.244
0.562	0.272	0.024	0.142
>ASWTTCCSCS	21-ASWTTCCSCS	6.654326	-29.501017	0	T:109.0(1.90%),B:352.8(0.87%),P:1e-12	Tpos:59.0,Tstd:21.8,Bpos:52.1,Bstd:34.6,StrandBias:-1.1,Multiplicity:1.00
0.754	0.026	0.062	0.158
0.001	0.352	0.416	0.231
0.434	0.044	0.021	0.501
0.105	0.189	0.125	0.581
0.033	0.098	0.190	0.679
0.008	0.689	0.124	0.179
0.154	0.844	0.001	0.001
0.114	0.484	0.350	0.052
0.066	0.486	0.330	0.118
0.081	0.335	0.415	0.169
>CAGTCGACAT	22-CAGTCGACAT	10.504661	-29.066709	0	T:15.0(0.26%),B:7.4(0.02%),P:1e-12	Tpos:61.8,Tstd:29.6,Bpos:49.0,Bstd:16.6,StrandBias:0.7,Multiplicity:1.00
0.001	0.997	0.001	0.001
0.852	0.001	0.146	0.001
0.001	0.001	0.852	0.146
0.001	0.001	0.001	0.997
0.374	0.624	0.001	0.001
0.001	0.001	0.997	0.001
0.625	0.005	0.355	0.015
0.001	0.997	0.001	0.001
0.852	0.001	0.001	0.146
0.146	0.001	0.001	0.852
>ATCGGACGGA	23-ATCGGACGGA	7.272882	-23.022323	0	T:55.0(0.96%),B:143.4(0.35%),P:1e-9	Tpos:56.0,Tstd:28.7,Bpos:52.4,Bstd:32.0,StrandBias:0.2,Multiplicity:1.00
0.878	0.052	0.069	0.001
0.103	0.069	0.086	0.742
0.001	0.799	0.102	0.098
0.070	0.034	0.827	0.069
0.017	0.086	0.863	0.034
0.809	0.052	0.086	0.053
0.070	0.762	0.082	0.086
0.085	0.122	0.759	0.034
0.052	0.052	0.793	0.103
0.777	0.086	0.103	0.034
>GAGCGGCTGA	24-GAGCGGCTGA	9.088595	-18.329085	0	T:12.0(0.21%),B:9.5(0.02%),P:1e-7	Tpos:58.1,Tstd:17.6,Bpos:43.0,Bstd:16.2,StrandBias:2.3,Multiplicity:1.09
0.001	0.001	0.997	0.001
0.997	0.001	0.001	0.001
0.001	0.001	0.997	0.001
0.001	0.997	0.001	0.001
0.001	0.001	0.997	0.001
0.001	0.001	0.997	0.001
0.001	0.905	0.001	0.093
0.001	0.001	0.001	0.997
0.001	0.093	0.905	0.001
0.997	0.001	0.001	0.001
>GGACCGGYTC	25-GGACCGGYTC	10.717268	-12.968443	0	T:10.0(0.17%),B:10.0(0.02%),P:1e-5	Tpos:58.3,Tstd:24.1,Bpos:45.2,Bstd:23.7,StrandBias:0.0,Multiplicity:1.00
0.001	0.001	0.907	0.091
0.001	0.001	0.997	0.001
0.997	0.001	0.001	0.001
0.091	0.907	0.001	0.001
0.131	0.684	0.184	0.001
0.092	0.092	0.724	0.092
0.001	0.001	0.907	0.091
0.001	0.432	0.001	0.566
0.332	0.091	0.001	0.576
0.091	0.817	0.001	0.091
>GCCACTTCCGGB	1-GCCACTTCCGGB	8.467018	-195.629417	0	T:222.0(3.87%),B:299.8(0.74%),P:1e-84	Tpos:41.4,Tstd:20.2,Bpos:50.4,Bstd:37.4,StrandBias:-0.4,Multiplicity:1.11
0.069	0.192	0.516	0.223
0.077	0.438	0.230	0.256
0.082	0.748	0.126	0.044
0.718	0.046	0.135	0.101
0.005	0.891	0.033	0.071
0.044	0.034	0.022	0.900
0.011	0.027	0.038	0.924
0.011	0.972	0.001	0.016
0.001	0.977	0.021	0.001
0.011	0.038	0.875	0.076
0.038	0.246	0.628	0.088
0.109	0.293	0.233	0.364
>AAAATGGCGGCG	2-AAAATGGCGGCG	6.683179	-119.256762	0	T:293.0(5.11%),B:746.9(1.83%),P:1e-51	Tpos:59.6,Tstd:24.9,Bpos:51.3,Bstd:32.6,StrandBias:1.0,Multiplicity:1.02
0.842	0.027	0.130	0.001
0.852	0.067	0.027	0.054
0.601	0.095	0.263	0.041
0.913	0.013	0.047	0.027
0.040	0.023	0.067	0.870
0.013	0.027	0.947	0.013
0.027	0.001	0.945	0.027
0.013	0.889	0.040	0.058
0.041	0.040	0.869	0.050
0.027	0.108	0.825	0.040
0.094	0.785	0.054	0.067
0.081	0.187	0.673	0.059
>KGGGCGGGGCYY	3-KGGGCGGGGCYY	10.002605	-95.022163	0	T:263.0(4.59%),B:719.6(1.77%),P:1e-41	Tpos:29.8,Tstd:17.8,Bpos:49.3,Bstd:33.3,StrandBias:0.8,Multiplicity:1.12
0.091	0.022	0.491	0.396
0.001	0.001	0.997	0.001
0.001	0.001	0.997	0.001
0.001	0.013	0.985	0.001
0.029	0.873	0.001	0.097
0.045	0.014	0.803	0.138
0.014	0.001	0.888	0.097
0.001	0.001	0.997	0.001
0.103	0.106	0.790	0.001
0.014	0.911	0.033	0.042
0.115	0.426	0.074	0.385
0.130	0.250	0.233	0.387
>CTCCTCCTCYTC	4-CTCCTCCTCYTC	5.487827	-87.510675	0	T:1722.0(30.03%),B:9218.2(22.62%),P:1e-38	Tpos:48.7,Tstd:24.0,Bpos:49.6,Bstd:30.8,StrandBias:-1.4,Multiplicity:1.25
0.058	0.769	0.020	0.153
0.106	0.126	0.040	0.728
0.006	0.870	0.089	0.035
0.041	0.775	0.001	0.183
0.066	0.155	0.051	0.728
0.001	0.948	0.009	0.042
0.064	0.738	0.001	0.197
0.022	0.218	0.029	0.731
0.011	0.872	0.018	0.099
0.141	0.410	0.007	0.441
0.039	0.225	0.072	0.664
0.014	0.817	0.016	0.153
>CBHTGAYGANRR	5-CBHTGAYGANRR	3.254565	-79.721117	0	T:2700.0(47.09%),B:15913.7(39.04%),P:1e-34	Tpos:50.5,Tstd:26.7,Bpos:50.1,Bstd:30.5,StrandBias:0.3,Multiplicity:1.29
0.201	0.370	0.214	0.215
0.148	0.250	0.282	0.320
0.203	0.290	0.174	0.333
0.067	0.347	0.054	0.532
0.143	0.094	0.629	0.134
0.518	0.161	0.174	0.147
0.040	0.423	0.094	0.442
0.147	0.107	0.639	0.107
0.615	0.090	0.134	0.161
0.213	0.321	0.227	0.239
0.294	0.187	0.371	0.148
0.321	0.161	0.387	0.131
>GCGCATGCGCRG	6-GCGCATGCGCRG	11.045032	-75.803738	0	T:88.0(1.53%),B:123.2(0.30%),P:1e-32	Tpos:38.6,Tstd:17.3,Bpos:49.0,Bstd:36.8,StrandBias:0.4,Multiplicity:1.03
0.120	0.017	0.862	0.001
0.018	0.948	0.017	0.017
0.068	0.034	0.897	0.001
0.001	0.823	0.175	0.001
0.557	0.269	0.139	0.035
0.086	0.126	0.089	0.699
0.001	0.001	0.997	0.001
0.001	0.964	0.001	0.034
0.034	0.034	0.863	0.069
0.017	0.879	0.035	0.069
0.465	0.145	0.355	0.035
0.070	0.175	0.598	0.157
>CGCATGCGCGGT	7-CGCATGCGCGGT	10.645603	-67.253345	0	T:45.0(0.78%),B:31.7(0.08%),P:1e-29	Tpos:44.2,Tstd:22.9,Bpos:47.3,Bstd:35.8,StrandBias:0.6,Multiplicity:1.04
0.208	0.646	0.001	0.145
0.143	0.001	0.855	0.001
0.001	0.861	0.137	0.001
0.924	0.001	0.001	0.074
0.001	0.001	0.143	0.855
0.001	0.001	0.997	0.001
0.069	0.855	0.001	0.075
0.001	0.001	0.786	0.212
0.001	0.997	0.001	0.001
0.069	0.001	0.792	0.138
0.069	0.138	0.792	0.001
0.069	0.295	0.069	0.567
>TCCGTTTCCGGT	8-TCCGTTTCCGGT	8.965866	-52.748355	0	T:61.0(1.06%),B:86.2(0.21%),P:1e-22	Tpos:48.2,Tstd:24.9,Bpos:41.3,Bstd:34.5,StrandBias:0.6,Multiplicity:1.00
0.039	0.118	0.039	0.804
0.039	0.921	0.001	0.039
0.001	0.921	0.001	0.077
0.118	0.078	0.722	0.082
0.001	0.117	0.121	0.761
0.039	0.078	0.001	0.882
0.001	0.001	0.117	0.881
0.039	0.921	0.039	0.001
0.039	0.765	0.118	0.078
0.118	0.039	0.682	0.161
0.001	0.077	0.921	0.001
0.001	0.082	0.078	0.839
>CCAAATCTCGCG	9-CCAAATCTCGCG	10.896656	-48.192178	0	T:13.0(0.23%),B:1.1(0.00%),P:1e-20	Tpos:45.2,Tstd:16.7,Bpos:15.1,Bstd:5.4,StrandBias:-0.2,Multiplicity:1.08
0.054	0.942	0.001	0.003
0.057	0.780	0.162	0.001
0.730	0.108	0.108	0.054
0.783	0.054	0.162	0.001
0.831	0.003	0.165	0.001
0.108	0.001	0.162	0.729
0.111	0.780	0.001	0.108
0.002	0.001	0.001	0.996
0.054	0.891	0.054	0.001
0.057	0.054	0.888	0.001
0.054	0.837	0.108	0.001
0.001	0.054	0.837	0.108
>AGGGGCAAGTTT	10-AGGGGCAAGTTT	9.711708	-42.741332	0	T:45.0(0.78%),B:58.3(0.14%),P:1e-18	Tpos:54.4,Tstd:19.5,Bpos:49.7,Bstd:21.9,StrandBias:2.5,Multiplicity:1.00
0.726	0.001	0.224	0.049
0.098	0.001	0.852	0.049
0.100	0.025	0.825	0.050
0.001	0.074	0.924	0.001
0.075	0.075	0.801	0.049
0.129	0.770	0.001	0.100
0.925	0.025	0.025	0.025
0.825	0.001	0.098	0.076
0.001	0.049	0.925	0.025
0.026	0.099	0.074	0.801
0.100	0.049	0.148	0.703
0.075	0.074	0.001	0.850
>CTTCCTCCTCCT	11-CTTCCTCCTCCT	7.315246	-39.406422	0	T:563.0(9.82%),B:2773.2(6.80%),P:1e-17	Tpos:53.0,Tstd:25.3,Bpos:48.5,Bstd:30.0,StrandBias:-0.9,Multiplicity:1.03
0.053	0.794	0.074	0.079
0.056	0.052	0.049	0.843
0.067	0.099	0.157	0.677
0.074	0.766	0.075	0.085
0.073	0.774	0.035	0.118
0.124	0.100	0.089	0.687
0.057	0.709	0.147	0.087
0.049	0.792	0.058	0.101
0.109	0.096	0.113	0.682
0.063	0.694	0.142	0.101
0.045	0.872	0.035	0.048
0.111	0.119	0.058	0.712
>TTTTTGGGGGGG	12-TTTTTGGGGGGG	10.696047	-36.164308	0	T:32.0(0.56%),B:34.8(0.09%),P:1e-15	Tpos:55.3,Tstd:19.2,Bpos:37.4,Bstd:25.3,StrandBias:3.5,Multiplicity:1.00
0.036	0.244	0.086	0.634
0.171	0.024	0.021	0.784
0.157	0.001	0.024	0.818
0.024	0.037	0.024	0.915
0.012	0.012	0.346	0.630
0.001	0.012	0.577	0.410
0.134	0.024	0.537	0.305
0.036	0.012	0.659	0.293
0.220	0.001	0.755	0.024
0.228	0.001	0.747	0.024
0.223	0.001	0.775	0.001
0.077	0.049	0.751	0.123
>ACTGTTAAGGAT	13-ACTGTTAAGGAT	11.855850	-30.585595	0	T:9.0(0.16%),B:1.6(0.00%),P:1e-13	Tpos:47.4,Tstd:30.2,Bpos:34.5,Bstd:8.9,StrandBias:-1.0,Multiplicity:1.00
0.925	0.073	0.001	0.001
0.147	0.851	0.001	0.001
0.080	0.001	0.001	0.918
0.073	0.001	0.925	0.001
0.001	0.001	0.073	0.925
0.074	0.148	0.074	0.704
0.925	0.001	0.001	0.073
0.851	0.001	0.001	0.147
0.081	0.001	0.844	0.074
0.074	0.074	0.630	0.222
0.844	0.081	0.001	0.074
0.148	0.001	0.155	0.696
>CTTGCGSACTTG	14-CTTGCGSACTTG	12.884618	-30.585595	0	T:9.0(0.16%),B:0.9(0.00%),P:1e-13	Tpos:50.9,Tstd:31.4,Bpos:60.2,Bstd:23.7,StrandBias:-1.0,Multiplicity:1.00
0.001	0.997	0.001	0.001
0.267	0.155	0.001	0.577
0.001	0.001	0.001	0.997
0.001	0.001	0.997	0.001
0.001	0.444	0.288	0.267
0.001	0.001	0.997	0.001
0.001	0.400	0.466	0.133
0.997	0.001	0.001	0.001
0.001	0.865	0.133	0.001
0.133	0.001	0.001	0.865
0.001	0.001	0.001	0.997
0.001	0.001	0.997	0.001
>TTTAAAAAAAAA	15-TTTAAAAAAAAA	11.210094	-28.028593	0	T:118.0(2.06%),B:404.6(0.99%),P:1e-12	Tpos:57.0,Tstd:29.0,Bpos:52.1,Bstd:28.5,StrandBias:-1.8,Multiplicity:1.06
0.188	0.058	0.029	0.725
0.257	0.001	0.224	0.518
0.332	0.001	0.045	0.622
0.858	0.001	0.001	0.140
0.827	0.001	0.001	0.171
0.975	0.001	0.001	0.023
0.868	0.001	0.130	0.001
0.756	0.049	0.061	0.134
0.886	0.112	0.001	0.001
0.867	0.131	0.001	0.001
0.880	0.089	0.030	0.001
0.849	0.001	0.149	0.001
>BCRTTACGGAAC	16-BCRTTACGGAAC	10.454549	-26.424180	0	T:8.0(0.14%),B:0.0(0.00%),P:1e-11	Tpos:59.4,Tstd:25.8,Bpos:0.0,Bstd:0.0,StrandBias:1.6,Multiplicity:1.00
0.001	0.401	0.292	0.306
0.001	0.700	0.001	0.298
0.489	0.001	0.509	0.001
0.001	0.407	0.001	0.591
0.001	0.001	0.001	0.997
0.572	0.128	0.001	0.299
0.001	0.997	0.001	0.001
0.001	0.001	0.997	0.001
0.001	0.285	0.713	0.001
0.585	0.001	0.319	0.095
0.997	0.001	0.001	0.001
0.380	0.618	0.001	0.001
>AATCACGTGCAC	17-AATCACGTGCAC	10.519816	-26.424180	0	T:8.0(0.14%),B:1.2(0.00%),P:1e-11	Tpos:44.8,Tstd:26.7,Bpos:74.4,Bstd:0.4,StrandBias:-0.7,Multiplicity:1.00
0.764	0.115	0.069	0.052
0.735	0.115	0.098	0.052
0.075	0.092	0.144	0.689
0.069	0.822	0.040	0.069
0.821	0.081	0.023	0.075
0.098	0.694	0.104	0.104
0.196	0.116	0.555	0.133
0.046	0.098	0.092	0.764
0.046	0.075	0.821	0.058
0.086	0.747	0.092	0.075
0.763	0.087	0.046	0.104
0.058	0.832	0.058	0.052
>CBWGGAGGASRA	18-CBWGGAGGASRA	7.703652	-23.801930	0	T:253.0(4.41%),B:1169.2(2.87%),P:1e-10	Tpos:54.9,Tstd:24.4,Bpos:48.4,Bstd:32.9,StrandBias:0.9,Multiplicity:1.02
0.052	0.570	0.168	0.210
0.058	0.374	0.328	0.240
0.334	0.202	0.094	0.370
0.064	0.231	0.563	0.142
0.024	0.001	0.935	0.040
0.893	0.094	0.001	0.012
0.001	0.216	0.779	0.004
0.004	0.001	0.979	0.016
0.907	0.088	0.001	0.004
0.093	0.467	0.400	0.040
0.433	0.140	0.306	0.122
0.481	0.036	0.209	0.273
>GCGCGCTCGCKC	19-GCGCGCTCGCKC	10.891398	-22.370288	0	T:48.0(0.84%),B:117.6(0.29%),P:1e-9	Tpos:31.6,Tstd:21.3,Bpos:46.0,Bstd:42.0,StrandBias:0.0,Multiplicity:1.05
0.001	0.001	0.878	0.120
0.001	0.997	0.001	0.001
0.043	0.077	0.606	0.274
0.315	0.618	0.001	0.066
0.001	0.001	0.921	0.077
0.001	0.997	0.001	0.001
0.039	0.039	0.349	0.573
0.001	0.837	0.001	0.161
0.001	0.099	0.899	0.001
0.001	0.960	0.038	0.001
0.001	0.001	0.506	0.492
0.039	0.610	0.274	0.077
>CAACCGCCCGGA	20-CAACCGCCCGGA	10.409522	-21.003587	0	T:8.0(0.14%),B:2.7(0.01%),P:1e-9	Tpos:40.7,Tstd:29.0,Bpos:33.0,Bstd:0.0,StrandBias:-1.3,Multiplicity:1.00
0.100	0.700	0.100	0.100
0.700	0.100	0.100	0.100
0.700	0.100	0.100	0.100
0.100	0.700	0.100	0.100
0.100	0.700	0.100	0.100
0.100	0.100	0.700	0.100
0.100	0.700	0.100	0.100
0.100	0.700	0.100	0.100
0.100	0.700	0.100	0.100
0.100	0.100	0.700	0.100
0.100	0.100	0.700	0.100
0.700	0.100	0.100	0.100
>AGGGGGACATGT	21-AGGGGGACATGT	11.435179	-20.667437	0	T:13.0(0.23%),B:9.4(0.02%),P:1e-8	Tpos:59.5,Tstd:21.0,Bpos:91.6,Bstd:1.7,StrandBias:1.2,Multiplicity:1.00
0.854	0.048	0.001	0.097
0.048	0.001	0.854	0.097
0.049	0.051	0.851	0.049
0.001	0.097	0.901	0.001
0.100	0.049	0.753	0.098
0.001	0.001	0.950	0.048
0.705	0.049	0.002	0.244
0.051	0.653	0.198	0.098
0.950	0.001	0.048	0.001
0.001	0.001	0.050	0.948
0.051	0.049	0.849	0.051
0.049	0.051	0.146	0.754
>NNCGAAAGGANN	22-NNCGAAAGGANN	6.047934	-17.995157	0	T:37.0(0.65%),B:89.5(0.22%),P:1e-7	Tpos:49.3,Tstd:24.7,Bpos:45.9,Bstd:34.8,StrandBias:-0.9,Multiplicity:1.00
0.198	0.316	0.186	0.300
0.261	0.269	0.295	0.175
0.078	0.718	0.114	0.090
0.090	0.092	0.749	0.069
0.568	0.165	0.132	0.135
0.573	0.149	0.139	0.139
0.510	0.225	0.128	0.137
0.111	0.183	0.573	0.133
0.141	0.130	0.576	0.153
0.531	0.135	0.200	0.134
0.229	0.179	0.273	0.319
0.290	0.264	0.252	0.195
>GGCGGTTCCCGT	23-GGCGGTTCCCGT	11.891524	-15.038236	0	T:11.0(0.19%),B:10.7(0.03%),P:1e-6	Tpos:42.9,Tstd:28.7,Bpos:48.8,Bstd:22.9,StrandBias:-0.6,Multiplicity:1.00
0.001	0.001	0.997	0.001
0.001	0.001	0.997	0.001
0.001	0.997	0.001	0.001
0.153	0.001	0.845	0.001
0.001	0.001	0.997	0.001
0.001	0.153	0.001	0.845
0.001	0.346	0.154	0.500
0.001	0.997	0.001	0.001
0.001	0.997	0.001	0.001
0.001	0.845	0.153	0.001
0.154	0.001	0.653	0.192
0.153	0.001	0.001	0.845
>AGGGGGRGGAGA	24-AGGGGGRGGAGA	11.479609	-13.017016	0	T:41.0(0.72%),B:128.3(0.31%),P:1e-5	Tpos:45.1,Tstd:23.3,Bpos:53.1,Bstd:27.7,StrandBias:1.3,Multiplicity:1.00
0.997	0.001	0.001	0.001
0.001	0.001	0.759	0.239
0.001	0.001	0.997	0.001
0.001	0.001	0.997	0.001
0.001	0.330	0.500	0.170
0.325	0.001	0.500	0.175
0.410	0.080	0.340	0.170
0.001	0.001	0.997	0.001
0.409	0.001	0.589	0.001
0.679	0.001	0.319	0.001
0.001	0.001	0.997	0.001
0.919	0.079	0.001	0.001
>AGGGGGCGGWGG	25-AGGGGGCGGWGG	12.841860	-11.815176	0	T:9.0(0.16%),B:9.6(0.02%),P:1e-5	Tpos:49.9,Tstd:29.0,Bpos:67.7,Bstd:10.4,StrandBias:0.4,Multiplicity:1.00
0.997	0.001	0.001	0.001
0.133	0.133	0.733	0.001
0.001	0.001	0.997	0.001
0.001	0.133	0.865	0.001
0.001	0.133	0.865	0.001
0.133	0.001	0.550	0.316
0.015	0.983	0.001	0.001
0.001	0.133	0.865	0.001
0.001	0.001	0.997	0.001
0.566	0.001	0.001	0.432
0.001	0.001	0.997	0.001
0.001	0.001	0.865	0.133
>CTTCCG	1-CTTCCG	6.650579	-144.609305	0	T:579.0(10.10%),B:1922.0(4.72%),P:1e-62	Tpos:45.9,Tstd:25.0,Bpos:51.1,Bstd:37.5,StrandBias:-0.2,Multiplicity:1.22
0.001	0.720	0.074	0.205
0.001	0.001	0.001	0.997
0.001	0.001	0.001	0.997
0.001	0.932	0.001	0.066
0.001	0.997	0.001	0.001
0.001	0.001	0.997	0.001
>GCGGTA	2-GCGGTA	3.346296	-127.428593	0	T:2879.0(50.21%),B:16270.8(39.92%),P:1e-55	Tpos:52.5,Tstd:26.8,Bpos:49.9,Bstd:33.9,StrandBias:0.6,Multiplicity:1.42
0.078	0.135	0.703	0.084
0.055	0.670	0.198	0.077
0.111	0.165	0.604	0.120
0.073	0.115	0.678	0.134
0.250	0.119	0.049	0.582
0.765	0.073	0.038	0.124
>CCCCCT	3-CCCCCT	4.233615	-85.232284	0	T:2354.0(41.05%),B:13436.5(32.97%),P:1e-37	Tpos:47.1,Tstd:24.6,Bpos:49.8,Bstd:30.4,StrandBias:-1.0,Multiplicity:1.34
0.001	0.997	0.001	0.001
0.111	0.887	0.001	0.001
0.001	0.997	0.001	0.001
0.001	0.873	0.001	0.125
0.001	0.823	0.001	0.175
0.139	0.125	0.001	0.735
>TCGTCA	4-TCGTCA	3.789480	-83.848600	0	T:2450.0(42.73%),B:14114.5(34.63%),P:1e-36	Tpos:50.4,Tstd:27.1,Bpos:50.1,Bstd:32.8,StrandBias:-0.8,Multiplicity:1.45
0.102	0.103	0.082	0.713
0.018	0.877	0.039	0.066
0.131	0.156	0.581	0.132
0.055	0.099	0.165	0.681
0.137	0.737	0.071	0.055
0.414	0.243	0.205	0.139
>GAAGAG	5-GAAGAG	5.619965	-78.037788	0	T:1721.0(30.01%),B:9375.6(23.00%),P:1e-33	Tpos:52.4,Tstd:27.4,Bpos:49.8,Bstd:33.8,StrandBias:0.6,Multiplicity:1.14
0.001	0.001	0.997	0.001
0.997	0.001	0.001	0.001
0.898	0.007	0.094	0.001
0.198	0.001	0.800	0.001
0.878	0.120	0.001	0.001
0.001	0.001	0.786	0.212
>GTWTCG	6-GTWTCG	0.926177	-67.254201	0	T:1657.0(28.90%),B:9158.5(22.47%),P:1e-29	Tpos:50.8,Tstd:28.4,Bpos:50.6,Bstd:36.5,StrandBias:0.3,Multiplicity:1.18
0.086	0.001	0.698	0.215
0.001	0.035	0.001	0.963
0.467	0.001	0.038	0.494
0.330	0.001	0.001	0.668
0.001	0.997	0.001	0.001
0.001	0.001	0.997	0.001
>CRACTG	7-CRACTG	1.557615	-62.014277	0	T:1091.0(19.03%),B:5643.8(13.85%),P:1e-26	Tpos:51.5,Tstd:28.0,Bpos:49.5,Bstd:34.8,StrandBias:-0.2,Multiplicity:1.09
0.001	0.997	0.001	0.001
0.433	0.001	0.565	0.001
0.997	0.001	0.001	0.001
0.001	0.997	0.001	0.001
0.001	0.005	0.073	0.921
0.414	0.001	0.584	0.001
>AGCAGC	8-AGCAGC	1.105626	-54.590685	0	T:3855.0(67.23%),B:24765.7(60.76%),P:1e-23	Tpos:51.9,Tstd:28.3,Bpos:50.0,Bstd:31.9,StrandBias:0.2,Multiplicity:1.66
0.882	0.001	0.001	0.116
0.001	0.001	0.997	0.001
0.047	0.951	0.001	0.001
0.890	0.001	0.001	0.108
0.007	0.001	0.991	0.001
0.050	0.948	0.001	0.001
>CCAGTT	9-CCAGTT	5.684180	-49.564330	0	T:1417.0(24.71%),B:7952.1(19.51%),P:1e-21	Tpos:49.5,Tstd:27.2,Bpos:50.1,Bstd:29.8,StrandBias:-0.3,Multiplicity:1.12
0.001	0.997	0.001	0.001
0.001	0.997	0.001	0.001
0.711	0.159	0.001	0.129
0.001	0.137	0.861	0.001
0.001	0.001	0.001	0.997
0.001	0.001	0.254	0.744
>ATAGCG	10-ATAGCG	3.860030	-45.514009	0	T:843.0(14.70%),B:4380.8(10.75%),P:1e-19	Tpos:55.2,Tstd:27.8,Bpos:49.9,Bstd:35.1,StrandBias:0.4,Multiplicity:1.09
0.639	0.001	0.001	0.359
0.362	0.001	0.001	0.636
0.928	0.001	0.070	0.001
0.001	0.278	0.720	0.001
0.001	0.997	0.001	0.001
0.001	0.001	0.997	0.001
>ATTSGC	11-ATTSGC	5.143861	-41.372240	0	T:984.0(17.16%),B:5339.2(13.10%),P:1e-17	Tpos:46.9,Tstd:27.3,Bpos:50.0,Bstd:30.8,StrandBias:0.1,Multiplicity:1.12
0.503	0.137	0.085	0.275
0.001	0.001	0.001	0.997
0.221	0.001	0.302	0.476
0.001	0.523	0.475	0.001
0.001	0.001	0.997	0.001
0.274	0.724	0.001	0.001
>TGCGCA	12-TGCGCA	6.177716	-30.524712	0	T:120.0(2.09%),B:398.1(0.98%),P:1e-13	Tpos:42.0,Tstd:25.1,Bpos:51.4,Bstd:36.4,StrandBias:0.0,Multiplicity:1.03
0.100	0.100	0.100	0.700
0.100	0.100	0.700	0.100
0.100	0.700	0.100	0.100
0.100	0.100	0.700	0.100
0.100	0.700	0.100	0.100
0.700	0.100	0.100	0.100
>GATGAC	13-GATGAC	6.177716	-27.921354	0	T:261.0(4.55%),B:1165.8(2.86%),P:1e-12	Tpos:52.8,Tstd:30.3,Bpos:49.7,Bstd:29.6,StrandBias:0.5,Multiplicity:1.02
0.100	0.100	0.700	0.100
0.700	0.100	0.100	0.100
0.100	0.100	0.100	0.700
0.100	0.100	0.700	0.100
0.700	0.100	0.100	0.100
0.100	0.700	0.100	0.100
>CCGGAAGT	1-CCGGAAGT	9.337717	-166.848789	0	T:140.0(2.44%),B:131.1(0.32%),P:1e-72	Tpos:40.7,Tstd:20.7,Bpos:48.2,Bstd:39.3,StrandBias:0.0,Multiplicity:1.10
0.001	0.821	0.177	0.001
0.001	0.997	0.001	0.001
0.001	0.001	0.997	0.001
0.001	0.001	0.997	0.001
0.997	0.001	0.001	0.001
0.997	0.001	0.001	0.001
0.001	0.001	0.997	0.001
0.001	0.001	0.001	0.997
>SCGGAARN	2-SCGGAARN	4.416438	-156.008139	0	T:1103.0(19.24%),B:4608.9(11.31%),P:1e-67	Tpos:50.4,Tstd:24.9,Bpos:50.5,Bstd:34.9,StrandBias:0.2,Multiplicity:1.11
0.163	0.351	0.312	0.174
0.109	0.476	0.241	0.175
0.026	0.279	0.528	0.167
0.320	0.001	0.529	0.150
0.597	0.238	0.142	0.023
0.997	0.001	0.001	0.001
0.477	0.158	0.343	0.023
0.318	0.197	0.238	0.247
>GGGGGGGG	3-GGGGGGGG	5.694278	-139.287923	0	T:1416.0(24.69%),B:6599.9(16.19%),P:1e-60	Tpos:38.7,Tstd:23.7,Bpos:49.4,Bstd:32.7,StrandBias:0.9,Multiplicity:1.45
0.307	0.001	0.457	0.235
0.028	0.001	0.941	0.030
0.034	0.001	0.964	0.001
0.001	0.111	0.887	0.001
0.020	0.228	0.640	0.112
0.039	0.105	0.781	0.075
0.084	0.001	0.747	0.168
0.194	0.011	0.657	0.138
>TGGAGSAG	4-TGGAGSAG	3.906284	-109.533885	0	T:1759.0(30.68%),B:9110.8(22.35%),P:1e-47	Tpos:53.9,Tstd:26.6,Bpos:50.2,Bstd:31.5,StrandBias:0.9,Multiplicity:1.11
0.186	0.206	0.025	0.583
0.212	0.044	0.540	0.204
0.248	0.064	0.425	0.263
0.497	0.210	0.106	0.187
0.237	0.058	0.572	0.133
0.193	0.253	0.374	0.180
0.449	0.229	0.206	0.117
0.190	0.112	0.584	0.114
>GWWGACGA	5-GWWGACGA	4.774407	-107.322306	0	T:1875.0(32.70%),B:9887.4(24.26%),P:1e-46	Tpos:52.8,Tstd:26.7,Bpos:50.2,Bstd:32.4,StrandBias:1.1,Multiplicity:1.23
0.007	0.024	0.966	0.003
0.410	0.163	0.101	0.326
0.360	0.122	0.118	0.400
0.017	0.018	0.909	0.056
0.531	0.219	0.100	0.150
0.175	0.404	0.194	0.227
0.001	0.007	0.988	0.004
0.485	0.135	0.148	0.233
>ACWACCSG	6-ACWACCSG	5.180179	-102.412477	0	T:959.0(16.72%),B:4314.3(10.59%),P:1e-44	Tpos:53.0,Tstd:25.9,Bpos:49.4,Bstd:32.4,StrandBias:-0.6,Multiplicity:1.07
0.545	0.257	0.197	0.001
0.075	0.785	0.119	0.021
0.449	0.001	0.087	0.463
0.607	0.001	0.001	0.391
0.170	0.599	0.001	0.230
0.001	0.972	0.001	0.026
0.001	0.441	0.475	0.084
0.001	0.243	0.563	0.193
>CCGCTATA	7-CCGCTATA	4.675399	-94.711121	0	T:677.0(11.81%),B:2798.9(6.87%),P:1e-41	Tpos:55.1,Tstd:26.1,Bpos:49.5,Bstd:32.8,StrandBias:-0.8,Multiplicity:1.09
0.071	0.778	0.105	0.046
0.061	0.809	0.069	0.061
0.029	0.056	0.840	0.075
0.048	0.875	0.039	0.038
0.093	0.235	0.067	0.605
0.712	0.130	0.056	0.102
0.076	0.073	0.115	0.736
0.644	0.141	0.090	0.125
>TTCAGCGG	8-TTCAGCGG	4.383903	-92.168189	0	T:1782.0(31.08%),B:9528.6(23.38%),P:1e-40	Tpos:50.4,Tstd:26.3,Bpos:50.2,Bstd:30.7,StrandBias:0.3,Multiplicity:1.13
0.186	0.091	0.071	0.652
0.072	0.081	0.033	0.814
0.085	0.732	0.078	0.105
0.808	0.069	0.046	0.077
0.133	0.115	0.696	0.056
0.076	0.735	0.096	0.093
0.072	0.082	0.732	0.114
0.049	0.087	0.836	0.028
>CGCWTBCG	9-CGCWTBCG	6.312934	-90.336500	0	T:323.0(5.63%),B:1011.5(2.48%),P:1e-39	Tpos:45.7,Tstd:24.6,Bpos:51.4,Bstd:39.7,StrandBias:-0.1,Multiplicity:1.08
0.001	0.910	0.001	0.088
0.001	0.001	0.966	0.032
0.078	0.708	0.194	0.020
0.441	0.089	0.001	0.470
0.120	0.084	0.001	0.795
0.143	0.210	0.342	0.304
0.001	0.810	0.001	0.188
0.001	0.001	0.851	0.147
>AAHTGGCG	10-AAHTGGCG	6.550053	-76.404939	0	T:236.0(4.12%),B:687.0(1.69%),P:1e-33	Tpos:51.9,Tstd:27.3,Bpos:51.1,Bstd:34.6,StrandBias:-0.0,Multiplicity:1.02
0.994	0.004	0.001	0.001
0.997	0.001	0.001	0.001
0.336	0.294	0.080	0.291
0.274	0.267	0.001	0.458
0.001	0.001	0.810	0.188
0.117	0.281	0.599	0.003
0.001	0.997	0.001	0.001
0.001	0.001	0.855	0.143
>ACGTCACG	11-ACGTCACG	5.143989	-54.085958	0	T:348.0(6.07%),B:1383.2(3.39%),P:1e-23	Tpos:41.3,Tstd:24.5,Bpos:50.8,Bstd:35.1,StrandBias:-0.3,Multiplicity:1.13
0.620	0.083	0.146	0.151
0.075	0.780	0.041	0.104
0.113	0.018	0.813	0.056
0.083	0.040	0.023	0.854
0.066	0.701	0.161	0.072
0.847	0.068	0.033	0.052
0.057	0.695	0.107	0.141
0.105	0.127	0.695	0.073
>CGATTGGC	12-CGATTGGC	6.980415	-42.401325	0	T:139.0(2.42%),B:420.1(1.03%),P:1e-18	Tpos:38.1,Tstd:28.0,Bpos:53.3,Bstd:32.2,StrandBias:0.4,Multiplicity:1.05
0.001	0.517	0.119	0.363
0.001	0.088	0.910	0.001
0.909	0.037	0.029	0.025
0.046	0.026	0.001	0.927
0.001	0.023	0.001	0.975
0.001	0.056	0.942	0.001
0.001	0.008	0.985	0.006
0.016	0.922	0.001	0.061
>GCTGCTAC	13-GCTGCTAC	5.166662	-32.164518	0	T:666.0(11.61%),B:3522.0(8.64%),P:1e-13	Tpos:50.1,Tstd:28.3,Bpos:49.0,Bstd:30.0,StrandBias:-0.2,Multiplicity:1.08
0.136	0.070	0.778	0.016
0.093	0.700	0.079	0.128
0.084	0.060	0.081	0.775
0.075	0.060	0.777	0.088
0.086	0.807	0.075	0.032
0.089	0.120	0.047	0.744
0.780	0.069	0.066	0.085
0.151	0.643	0.098	0.108
>AGTACSGC	14-AGTACSGC	6.305751	-29.501017	0	T:109.0(1.90%),B:352.1(0.86%),P:1e-12	Tpos:55.7,Tstd:24.9,Bpos:54.2,Bstd:29.6,StrandBias:-0.2,Multiplicity:1.01
0.711	0.065	0.223	0.001
0.097	0.180	0.579	0.144
0.061	0.001	0.096	0.842
0.857	0.001	0.072	0.070
0.052	0.925	0.001	0.022
0.184	0.345	0.387	0.084
0.041	0.184	0.615	0.160
0.183	0.551	0.001	0.265
>CACGTGAY	15-CACGTGAY	10.218351	-28.381428	0	T:50.0(0.87%),B:105.4(0.26%),P:1e-12	Tpos:44.8,Tstd:24.9,Bpos:50.4,Bstd:29.2,StrandBias:-0.7,Multiplicity:1.00
0.001	0.997	0.001	0.001
0.997	0.001	0.001	0.001
0.001	0.997	0.001	0.001
0.001	0.001	0.997	0.001
0.001	0.001	0.001	0.997
0.001	0.001	0.997	0.001
0.997	0.001	0.001	0.001
0.001	0.571	0.001	0.427
>TCTCGCGA	16-TCTCGCGA	8.825006	-28.272956	0	T:20.0(0.35%),B:16.3(0.04%),P:1e-12	Tpos:37.8,Tstd:23.0,Bpos:31.9,Bstd:43.4,StrandBias:0.1,Multiplicity:1.00
0.001	0.001	0.001	0.997
0.076	0.817	0.001	0.106
0.001	0.001	0.001	0.997
0.001	0.997	0.001	0.001
0.001	0.001	0.997	0.001
0.001	0.997	0.001	0.001
0.001	0.001	0.997	0.001
0.997	0.001	0.001	0.001
>GTCGGTAT	17-GTCGGTAT	7.389192	-25.268900	0	T:75.0(1.31%),B:219.8(0.54%),P:1e-10	Tpos:51.5,Tstd:29.0,Bpos:47.8,Bstd:30.6,StrandBias:0.5,Multiplicity:1.03
0.001	0.001	0.997	0.001
0.025	0.001	0.133	0.841
0.001	0.878	0.001	0.120
0.092	0.001	0.763	0.144
0.019	0.001	0.878	0.102
0.001	0.001	0.067	0.931
0.867	0.001	0.001	0.131
0.128	0.001	0.009	0.862
>AGATGACC	18-AGATGACC	6.992819	-24.779906	0	T:197.0(3.44%),B:843.9(2.07%),P:1e-10	Tpos:50.6,Tstd:28.4,Bpos:50.0,Bstd:28.8,StrandBias:0.5,Multiplicity:1.03
0.815	0.024	0.052	0.109
0.031	0.150	0.790	0.029
0.997	0.001	0.001	0.001
0.083	0.037	0.086	0.794
0.001	0.001	0.938	0.060
0.881	0.041	0.077	0.001
0.001	0.997	0.001	0.001
0.001	0.849	0.001	0.149
>TCCCGTAA	19-TCCCGTAA	8.167166	-23.211765	0	T:19.0(0.33%),B:19.7(0.05%),P:1e-10	Tpos:42.3,Tstd:25.6,Bpos:45.0,Bstd:33.4,StrandBias:0.0,Multiplicity:1.00
0.001	0.193	0.001	0.805
0.001	0.997	0.001	0.001
0.001	0.930	0.068	0.001
0.001	0.997	0.001	0.001
0.001	0.001	0.997	0.001
0.001	0.001	0.001	0.997
0.997	0.001	0.001	0.001
0.997	0.001	0.001	0.001
>GTTGTCGG	20-GTTGTCGG	8.236954	-21.087338	0	T:12.0(0.21%),B:7.5(0.02%),P:1e-9	Tpos:34.3,Tstd:26.4,Bpos:57.6,Bstd:13.0,StrandBias:3.0,Multiplicity:1.00
0.100	0.100	0.700	0.100
0.100	0.100	0.100	0.700
0.100	0.100	0.100	0.700
0.100	0.100	0.700	0.100
0.100	0.100	0.100	0.700
0.100	0.700	0.100	0.100
0.100	0.100	0.700	0.100
0.100	0.100	0.700	0.100
>GCTCGCTT	21-GCTCGCTT	9.532205	-19.830727	0	T:26.0(0.45%),B:44.7(0.11%),P:1e-8	Tpos:44.4,Tstd:27.3,Bpos:45.4,Bstd:33.6,StrandBias:-0.2,Multiplicity:1.00
0.001	0.001	0.997	0.001
0.001	0.783	0.001	0.215
0.001	0.001	0.001	0.997
0.001	0.997	0.001	0.001
0.001	0.001	0.997	0.001
0.001	0.997	0.001	0.001
0.001	0.001	0.001	0.997
0.001	0.001	0.001	0.997
>GCGCACGA	22-GCGCACGA	6.362917	-19.731226	0	T:206.0(3.59%),B:951.2(2.33%),P:1e-8	Tpos:46.9,Tstd:26.8,Bpos:51.9,Bstd:39.8,StrandBias:0.2,Multiplicity:1.09
0.001	0.137	0.861	0.001
0.323	0.620	0.001	0.056
0.034	0.001	0.964	0.001
0.326	0.665	0.001	0.008
0.658	0.001	0.340	0.001
0.058	0.917	0.001	0.024
0.001	0.001	0.974	0.024
0.954	0.044	0.001	0.001
>CAGGAASA	23-CAGGAASA	7.371320	-18.770164	0	T:339.0(5.91%),B:1754.4(4.30%),P:1e-8	Tpos:49.5,Tstd:26.9,Bpos:50.2,Bstd:31.1,StrandBias:-0.1,Multiplicity:1.04
0.001	0.826	0.172	0.001
0.943	0.001	0.055	0.001
0.277	0.179	0.543	0.001
0.001	0.182	0.816	0.001
0.997	0.001	0.001	0.001
0.909	0.001	0.001	0.089
0.001	0.412	0.552	0.035
0.629	0.001	0.001	0.369
>AGGCAAAA	24-AGGCAAAA	8.236954	-14.784875	0	T:50.0(0.87%),B:160.2(0.39%),P:1e-6	Tpos:55.0,Tstd:24.4,Bpos:48.2,Bstd:29.1,StrandBias:0.5,Multiplicity:1.00
0.700	0.100	0.100	0.100
0.100	0.100	0.700	0.100
0.100	0.100	0.700	0.100
0.100	0.700	0.100	0.100
0.700	0.100	0.100	0.100
0.700	0.100	0.100	0.100
0.700	0.100	0.100	0.100
0.700	0.100	0.100	0.100
>TTWAAAAA	25-TTWAAAAA	7.188037	-12.240526	0	T:341.0(5.95%),B:1899.2(4.66%),P:1e-5	Tpos:52.2,Tstd:29.5,Bpos:49.4,Bstd:30.0,StrandBias:-0.6,Multiplicity:1.11
0.001	0.057	0.172	0.770
0.166	0.068	0.133	0.633
0.392	0.001	0.166	0.441
0.780	0.076	0.001	0.143
0.882	0.007	0.039	0.072
0.757	0.147	0.036	0.060
0.906	0.092	0.001	0.001
0.529	0.354	0.004	0.113
