>CACTTCCGGT	1-CACTTCCGGT	7.464373	-188.382127	0	T:247.0(4.31%),B:385.4(0.95%),P:1e-81	Tpos:43.7,Tstd:22.8,Bpos:50.5,Bstd:36.0,StrandBias:-0.1,Multiplicity:1.17
0.099	0.561	0.169	0.171
0.594	0.035	0.257	0.114
0.001	0.781	0.146	0.072
0.059	0.124	0.077	0.740
0.038	0.009	0.013	0.940
0.025	0.933	0.017	0.025
0.042	0.885	0.001	0.072
0.031	0.010	0.897	0.062
0.017	0.188	0.694	0.101
0.175	0.233	0.084	0.508
>GGGGGGGGAA	2-GGGGGGGGAA	5.454108	-133.283176	0	T:1432.0(24.97%),B:6754.5(16.60%),P:1e-57	Tpos:46.5,Tstd:22.6,Bpos:49.3,Bstd:31.1,StrandBias:1.2,Multiplicity:1.27
0.149	0.040	0.607	0.204
0.136	0.065	0.698	0.101
0.244	0.046	0.648	0.062
0.158	0.073	0.709	0.060
0.096	0.117	0.745	0.042
0.199	0.143	0.571	0.087
0.271	0.039	0.608	0.082
0.261	0.062	0.584	0.093
0.522	0.074	0.215	0.189
0.478	0.117	0.253	0.152
>CGCATGCGCR	3-CGCATGCGCR	9.280336	-100.591708	0	T:121.0(2.11%),B:174.0(0.43%),P:1e-43	Tpos:34.7,Tstd:18.6,Bpos:51.3,Bstd:40.8,StrandBias:0.0,Multiplicity:1.09
0.017	0.904	0.045	0.034
0.070	0.044	0.818	0.068
0.084	0.835	0.060	0.021
0.647	0.167	0.077	0.109
0.042	0.066	0.141	0.751
0.017	0.054	0.903	0.026
0.034	0.955	0.001	0.010
0.014	0.034	0.899	0.053
0.043	0.842	0.043	0.072
0.448	0.153	0.310	0.090
>AATGGCGGCG	4-AATGGCGGCG	5.233187	-89.724271	0	T:649.0(11.32%),B:2686.9(6.60%),P:1e-38	Tpos:56.7,Tstd:26.5,Bpos:50.0,Bstd:34.1,StrandBias:1.1,Multiplicity:1.11
0.706	0.101	0.093	0.100
0.629	0.123	0.144	0.104
0.148	0.099	0.001	0.752
0.105	0.110	0.784	0.001
0.105	0.146	0.662	0.087
0.101	0.754	0.003	0.142
0.092	0.089	0.711	0.108
0.093	0.102	0.714	0.091
0.131	0.622	0.112	0.135
0.114	0.095	0.668	0.123
>TTKVGGGAGR	5-TTKVGGGAGR	5.565335	-83.853511	0	T:1275.0(22.24%),B:6438.8(15.82%),P:1e-36	Tpos:52.9,Tstd:25.4,Bpos:50.4,Bstd:29.1,StrandBias:1.1,Multiplicity:1.06
0.057	0.001	0.001	0.941
0.067	0.089	0.314	0.530
0.230	0.027	0.420	0.324
0.340	0.261	0.398	0.001
0.051	0.001	0.813	0.135
0.025	0.061	0.913	0.001
0.039	0.174	0.742	0.045
0.762	0.129	0.001	0.108
0.295	0.033	0.671	0.001
0.326	0.055	0.419	0.200
>DDGGGGGGGS	6-DDGGGGGGGS	6.264091	-83.265849	0	T:557.0(9.71%),B:2244.4(5.52%),P:1e-36	Tpos:31.1,Tstd:21.1,Bpos:49.0,Bstd:35.3,StrandBias:0.8,Multiplicity:1.14
0.329	0.136	0.256	0.278
0.360	0.025	0.304	0.311
0.288	0.044	0.555	0.113
0.052	0.065	0.833	0.050
0.131	0.311	0.506	0.052
0.052	0.362	0.536	0.050
0.051	0.225	0.500	0.224
0.067	0.039	0.585	0.309
0.079	0.164	0.700	0.057
0.064	0.408	0.475	0.053
>GGGCGGGGCT	7-GGGCGGGGCT	8.586022	-74.434798	0	T:298.0(5.20%),B:982.9(2.42%),P:1e-32	Tpos:39.7,Tstd:26.2,Bpos:49.6,Bstd:33.0,StrandBias:0.7,Multiplicity:1.09
0.046	0.100	0.782	0.072
0.024	0.001	0.895	0.080
0.150	0.001	0.815	0.034
0.001	0.881	0.001	0.117
0.001	0.001	0.737	0.261
0.065	0.001	0.723	0.211
0.257	0.001	0.613	0.129
0.092	0.020	0.887	0.001
0.001	0.949	0.001	0.049
0.001	0.282	0.001	0.716
>CTGAAGAAGA	8-CTGAAGAAGA	4.725459	-71.573509	0	T:1684.0(29.37%),B:9238.0(22.70%),P:1e-31	Tpos:52.4,Tstd:26.2,Bpos:50.2,Bstd:30.3,StrandBias:0.9,Multiplicity:1.22
0.110	0.700	0.099	0.091
0.116	0.096	0.107	0.681
0.092	0.107	0.729	0.072
0.673	0.115	0.114	0.098
0.689	0.092	0.102	0.117
0.109	0.093	0.717	0.081
0.680	0.116	0.105	0.099
0.696	0.078	0.121	0.105
0.096	0.087	0.733	0.084
0.698	0.108	0.106	0.088
>CAGCACCAAC	9-CAGCACCAAC	4.707408	-69.997915	0	T:1363.0(23.77%),B:7207.2(17.71%),P:1e-30	Tpos:52.0,Tstd:27.1,Bpos:49.6,Bstd:29.2,StrandBias:-0.5,Multiplicity:1.15
0.098	0.709	0.101	0.092
0.730	0.080	0.080	0.110
0.097	0.088	0.700	0.115
0.107	0.698	0.108	0.087
0.684	0.094	0.097	0.125
0.105	0.646	0.133	0.116
0.088	0.736	0.085	0.091
0.695	0.108	0.090	0.107
0.686	0.108	0.109	0.097
0.099	0.715	0.092	0.094
>DACYACYMCC	10-DACYACYMCC	5.891071	-61.907596	0	T:230.0(4.01%),B:733.4(1.80%),P:1e-26	Tpos:55.8,Tstd:23.7,Bpos:51.6,Bstd:27.5,StrandBias:-1.5,Multiplicity:1.01
0.317	0.054	0.316	0.313
0.527	0.050	0.144	0.279
0.174	0.535	0.052	0.239
0.134	0.337	0.051	0.478
0.587	0.040	0.335	0.038
0.265	0.621	0.060	0.054
0.051	0.490	0.033	0.426
0.273	0.408	0.150	0.168
0.058	0.852	0.038	0.052
0.225	0.517	0.041	0.217
>MHAAAGSBGC	11-MHAAAGSBGC	6.468526	-51.119709	0	T:333.0(5.81%),B:1327.2(3.26%),P:1e-22	Tpos:48.0,Tstd:25.3,Bpos:49.9,Bstd:30.4,StrandBias:-0.1,Multiplicity:1.02
0.293	0.418	0.173	0.116
0.324	0.274	0.020	0.382
0.681	0.047	0.001	0.271
0.596	0.118	0.285	0.001
0.963	0.001	0.035	0.001
0.096	0.001	0.902	0.001
0.063	0.441	0.429	0.067
0.169	0.235	0.330	0.266
0.001	0.212	0.561	0.226
0.022	0.709	0.268	0.001
>AWTGGCCGGT	12-AWTGGCCGGT	6.178438	-44.010703	0	T:355.0(6.19%),B:1513.7(3.72%),P:1e-19	Tpos:48.8,Tstd:27.4,Bpos:49.0,Bstd:28.2,StrandBias:-0.1,Multiplicity:1.04
0.830	0.154	0.001	0.015
0.503	0.001	0.073	0.423
0.267	0.040	0.177	0.516
0.007	0.015	0.963	0.015
0.018	0.174	0.597	0.211
0.111	0.808	0.015	0.066
0.082	0.787	0.001	0.130
0.302	0.114	0.455	0.130
0.101	0.249	0.614	0.036
0.066	0.180	0.007	0.747
>ACGTCAGCGM	13-ACGTCAGCGM	8.566106	-42.163714	0	T:55.0(0.96%),B:88.2(0.22%),P:1e-18	Tpos:42.6,Tstd:29.6,Bpos:49.6,Bstd:32.5,StrandBias:0.1,Multiplicity:1.06
0.931	0.067	0.001	0.001
0.001	0.896	0.001	0.102
0.121	0.079	0.755	0.045
0.001	0.088	0.001	0.910
0.001	0.997	0.001	0.001
0.820	0.045	0.134	0.001
0.089	0.179	0.687	0.045
0.001	0.896	0.102	0.001
0.045	0.104	0.753	0.098
0.327	0.352	0.188	0.134
>CCGATTGGCT	14-CCGATTGGCT	6.985759	-42.001422	0	T:130.0(2.27%),B:381.3(0.94%),P:1e-18	Tpos:43.3,Tstd:27.9,Bpos:48.2,Bstd:30.6,StrandBias:-0.3,Multiplicity:1.02
0.086	0.713	0.118	0.083
0.062	0.782	0.047	0.109
0.035	0.057	0.838	0.070
0.797	0.062	0.052	0.089
0.084	0.068	0.053	0.795
0.044	0.026	0.060	0.870
0.048	0.061	0.823	0.068
0.091	0.117	0.766	0.026
0.072	0.785	0.091	0.052
0.035	0.098	0.026	0.841
>TGACTCATCA	15-TGACTCATCA	7.123058	-41.454071	0	T:187.0(3.26%),B:652.2(1.60%),P:1e-18	Tpos:47.1,Tstd:28.4,Bpos:50.0,Bstd:26.4,StrandBias:-0.2,Multiplicity:1.01
0.113	0.018	0.024	0.845
0.035	0.040	0.842	0.083
0.818	0.086	0.065	0.031
0.104	0.763	0.095	0.038
0.079	0.052	0.044	0.825
0.052	0.840	0.067	0.041
0.750	0.108	0.035	0.107
0.074	0.062	0.062	0.802
0.074	0.796	0.048	0.082
0.723	0.087	0.075	0.115
>TGTGGATGAT	16-TGTGGATGAT	8.670153	-38.328507	0	T:72.0(1.26%),B:156.3(0.38%),P:1e-16	Tpos:50.2,Tstd:28.7,Bpos:45.8,Bstd:26.9,StrandBias:0.7,Multiplicity:1.00
0.001	0.001	0.126	0.872
0.001	0.018	0.963	0.018
0.103	0.044	0.001	0.852
0.022	0.001	0.976	0.001
0.018	0.023	0.958	0.001
0.846	0.045	0.064	0.045
0.030	0.044	0.001	0.925
0.001	0.001	0.976	0.022
0.937	0.044	0.018	0.001
0.001	0.244	0.064	0.691
>CTCGCGAGAC	17-CTCGCGAGAC	8.881785	-37.905105	0	T:35.0(0.61%),B:39.7(0.10%),P:1e-16	Tpos:33.2,Tstd:22.8,Bpos:53.0,Bstd:45.9,StrandBias:0.5,Multiplicity:1.06
0.083	0.915	0.001	0.001
0.001	0.001	0.083	0.915
0.001	0.915	0.083	0.001
0.001	0.001	0.997	0.001
0.083	0.915	0.001	0.001
0.001	0.001	0.997	0.001
0.831	0.084	0.001	0.084
0.001	0.084	0.674	0.241
0.834	0.058	0.024	0.084
0.059	0.771	0.085	0.085
>CTMYGTASAG	18-CTMYGTASAG	7.431572	-36.074756	0	T:49.0(0.85%),B:82.7(0.20%),P:1e-15	Tpos:51.4,Tstd:25.5,Bpos:49.6,Bstd:27.7,StrandBias:-0.1,Multiplicity:1.00
0.066	0.505	0.245	0.184
0.189	0.085	0.119	0.607
0.356	0.456	0.172	0.016
0.029	0.489	0.030	0.452
0.137	0.248	0.525	0.090
0.310	0.128	0.049	0.513
0.775	0.023	0.091	0.111
0.185	0.403	0.359	0.053
0.833	0.008	0.096	0.063
0.030	0.132	0.800	0.038
>ATGACCCGGA	19-ATGACCCGGA	7.219346	-34.286860	0	T:135.0(2.35%),B:446.8(1.10%),P:1e-14	Tpos:53.2,Tstd:26.4,Bpos:52.1,Bstd:31.1,StrandBias:0.4,Multiplicity:1.01
0.751	0.077	0.117	0.055
0.096	0.030	0.093	0.781
0.034	0.089	0.812	0.065
0.767	0.083	0.054	0.096
0.070	0.812	0.067	0.051
0.115	0.775	0.045	0.065
0.094	0.773	0.073	0.060
0.092	0.044	0.793	0.071
0.019	0.076	0.904	0.001
0.835	0.098	0.027	0.040
>GCGAACCAGA	20-GCGAACCAGA	10.594863	-31.701492	0	T:11.0(0.19%),B:2.3(0.01%),P:1e-13	Tpos:55.7,Tstd:21.1,Bpos:37.7,Bstd:9.3,StrandBias:2.0,Multiplicity:1.00
0.001	0.001	0.997	0.001
0.001	0.997	0.001	0.001
0.001	0.001	0.997	0.001
0.997	0.001	0.001	0.001
0.604	0.235	0.160	0.001
0.235	0.647	0.117	0.001
0.001	0.637	0.245	0.117
0.881	0.117	0.001	0.001
0.001	0.001	0.881	0.117
0.753	0.001	0.001	0.245
>GTCACGTGAC	21-GTCACGTGAC	8.197111	-31.678313	0	T:39.0(0.68%),B:60.2(0.15%),P:1e-13	Tpos:35.5,Tstd:23.3,Bpos:51.4,Bstd:24.5,StrandBias:0.3,Multiplicity:1.03
0.162	0.079	0.673	0.086
0.026	0.064	0.050	0.860
0.044	0.679	0.087	0.190
0.856	0.040	0.078	0.026
0.066	0.849	0.071	0.014
0.055	0.001	0.858	0.086
0.053	0.026	0.040	0.881
0.052	0.044	0.878	0.026
0.700	0.038	0.183	0.079
0.053	0.779	0.076	0.092
>CTATCAGCAG	22-CTATCAGCAG	11.090534	-30.525816	0	T:27.0(0.47%),B:29.7(0.07%),P:1e-13	Tpos:60.2,Tstd:19.3,Bpos:53.9,Bstd:25.3,StrandBias:3.6,Multiplicity:1.00
0.166	0.696	0.001	0.137
0.001	0.001	0.001	0.997
0.997	0.001	0.001	0.001
0.001	0.001	0.001	0.997
0.001	0.997	0.001	0.001
0.997	0.001	0.001	0.001
0.001	0.001	0.997	0.001
0.001	0.997	0.001	0.001
0.997	0.001	0.001	0.001
0.001	0.001	0.906	0.092
>CGTCGAGAGC	23-CGTCGAGAGC	11.387148	-24.459914	0	T:9.0(0.16%),B:2.2(0.01%),P:1e-10	Tpos:68.3,Tstd:23.8,Bpos:48.9,Bstd:19.7,StrandBias:1.0,Multiplicity:1.00
0.035	0.670	0.294	0.001
0.001	0.001	0.997	0.001
0.001	0.001	0.001	0.997
0.001	0.997	0.001	0.001
0.001	0.001	0.705	0.293
0.997	0.001	0.001	0.001
0.001	0.001	0.997	0.001
0.997	0.001	0.001	0.001
0.001	0.001	0.997	0.001
0.001	0.997	0.001	0.001
>CAKTAGCTCC	24-CAKTAGCTCC	9.005739	-22.140701	0	T:66.0(1.15%),B:194.4(0.48%),P:1e-9	Tpos:56.0,Tstd:21.4,Bpos:50.3,Bstd:24.2,StrandBias:-1.2,Multiplicity:1.00
0.004	0.554	0.114	0.328
0.997	0.001	0.001	0.001
0.244	0.063	0.410	0.282
0.001	0.223	0.141	0.635
0.997	0.001	0.001	0.001
0.001	0.176	0.822	0.001
0.261	0.649	0.001	0.089
0.001	0.139	0.001	0.859
0.001	0.936	0.062	0.001
0.001	0.997	0.001	0.001
>GAACTGATTT	25-GAACTGATTT	10.296193	-14.421819	0	T:6.0(0.10%),B:2.7(0.01%),P:1e-6	Tpos:55.3,Tstd:28.9,Bpos:46.2,Bstd:24.8,StrandBias:-2.3,Multiplicity:1.00
0.100	0.100	0.700	0.100
0.700	0.100	0.100	0.100
0.700	0.100	0.100	0.100
0.100	0.700	0.100	0.100
0.100	0.100	0.100	0.700
0.100	0.100	0.700	0.100
0.700	0.100	0.100	0.100
0.100	0.100	0.100	0.700
0.100	0.100	0.100	0.700
0.100	0.100	0.100	0.700
>GBCACTTCCGGY	1-GBCACTTCCGGY	7.449860	-141.984138	0	T:354.0(6.17%),B:909.1(2.23%),P:1e-61	Tpos:46.4,Tstd:25.1,Bpos:48.0,Bstd:32.4,StrandBias:-0.1,Multiplicity:1.05
0.188	0.189	0.479	0.144
0.131	0.275	0.361	0.233
0.188	0.436	0.188	0.188
0.726	0.001	0.187	0.086
0.001	0.914	0.028	0.057
0.028	0.001	0.001	0.970
0.001	0.001	0.001	0.997
0.001	0.997	0.001	0.001
0.001	0.898	0.001	0.100
0.001	0.001	0.767	0.231
0.001	0.172	0.826	0.001
0.173	0.377	0.189	0.261
>GCGCATGCGCAA	2-GCGCATGCGCAA	9.097920	-123.842426	0	T:146.0(2.55%),B:205.3(0.50%),P:1e-53	Tpos:36.4,Tstd:18.1,Bpos:51.1,Bstd:37.9,StrandBias:0.0,Multiplicity:1.08
0.074	0.028	0.877	0.021
0.082	0.808	0.060	0.050
0.071	0.060	0.815	0.054
0.021	0.884	0.077	0.018
0.631	0.177	0.100	0.092
0.088	0.094	0.200	0.618
0.012	0.071	0.885	0.032
0.057	0.807	0.077	0.059
0.057	0.044	0.839	0.060
0.035	0.831	0.098	0.036
0.570	0.195	0.173	0.062
0.438	0.216	0.247	0.099
>CTATCAGCAGTT	3-CTATCAGCAGTT	12.185568	-76.737276	0	T:19.0(0.33%),B:1.6(0.00%),P:1e-33	Tpos:58.4,Tstd:21.6,Bpos:49.8,Bstd:15.8,StrandBias:4.1,Multiplicity:1.00
0.001	0.913	0.001	0.085
0.001	0.085	0.001	0.913
0.913	0.085	0.001	0.001
0.001	0.001	0.001	0.997
0.001	0.997	0.001	0.001
0.997	0.001	0.001	0.001
0.085	0.001	0.913	0.001
0.001	0.997	0.001	0.001
0.997	0.001	0.001	0.001
0.001	0.001	0.997	0.001
0.086	0.001	0.199	0.714
0.001	0.086	0.086	0.827
>CAACATGGCGGC	4-CAACATGGCGGC	12.962747	-60.109662	0	T:29.0(0.51%),B:12.0(0.03%),P:1e-26	Tpos:73.9,Tstd:16.5,Bpos:0.0,Bstd:0.0,StrandBias:0.7,Multiplicity:1.00
0.001	0.906	0.001	0.092
0.997	0.001	0.001	0.001
0.815	0.001	0.092	0.092
0.001	0.743	0.255	0.001
0.906	0.001	0.001	0.092
0.001	0.001	0.001	0.997
0.001	0.001	0.997	0.001
0.001	0.001	0.997	0.001
0.001	0.997	0.001	0.001
0.001	0.092	0.906	0.001
0.306	0.001	0.692	0.001
0.092	0.815	0.092	0.001
>GCGTCACGTGAC	5-GCGTCACGTGAC	10.761331	-53.011011	0	T:22.0(0.38%),B:6.5(0.02%),P:1e-23	Tpos:39.9,Tstd:25.6,Bpos:58.3,Bstd:12.8,StrandBias:-0.9,Multiplicity:1.05
0.196	0.005	0.798	0.001
0.190	0.602	0.207	0.001
0.202	0.005	0.698	0.095
0.101	0.108	0.191	0.600
0.001	0.904	0.094	0.001
0.809	0.095	0.095	0.001
0.001	0.798	0.005	0.196
0.001	0.001	0.997	0.001
0.001	0.001	0.001	0.997
0.001	0.285	0.713	0.001
0.997	0.001	0.001	0.001
0.001	0.997	0.001	0.001
>TGGGGGGGGGGG	6-TGGGGGGGGGGG	6.751224	-52.738267	0	T:822.0(14.34%),B:4128.2(10.14%),P:1e-22	Tpos:41.0,Tstd:21.2,Bpos:49.8,Bstd:31.4,StrandBias:1.0,Multiplicity:1.18
0.113	0.096	0.178	0.613
0.060	0.064	0.781	0.095
0.083	0.063	0.777	0.077
0.087	0.069	0.752	0.092
0.083	0.067	0.778	0.072
0.077	0.076	0.772	0.075
0.103	0.083	0.724	0.090
0.087	0.088	0.744	0.081
0.081	0.080	0.764	0.075
0.098	0.088	0.733	0.081
0.084	0.065	0.787	0.064
0.077	0.084	0.774	0.065
>GTACATTAACTG	7-GTACATTAACTG	9.448151	-43.474678	0	T:40.0(0.70%),B:44.2(0.11%),P:1e-18	Tpos:49.7,Tstd:30.8,Bpos:54.2,Bstd:26.8,StrandBias:0.4,Multiplicity:1.00
0.068	0.068	0.691	0.173
0.104	0.068	0.001	0.827
0.752	0.140	0.073	0.035
0.001	0.897	0.101	0.001
0.930	0.001	0.001	0.068
0.035	0.034	0.068	0.863
0.036	0.068	0.138	0.758
0.862	0.034	0.068	0.036
0.726	0.206	0.034	0.034
0.069	0.795	0.068	0.068
0.001	0.001	0.001	0.997
0.204	0.001	0.761	0.034
>GGAGAWDRAAGA	8-GGAGAWDRAAGA	5.411942	-36.420550	0	T:905.0(15.78%),B:4930.2(12.11%),P:1e-15	Tpos:53.3,Tstd:27.9,Bpos:49.7,Bstd:31.3,StrandBias:0.1,Multiplicity:1.07
0.001	0.001	0.997	0.001
0.207	0.212	0.507	0.074
0.761	0.001	0.071	0.167
0.190	0.001	0.730	0.079
0.652	0.107	0.240	0.001
0.460	0.027	0.127	0.386
0.404	0.001	0.299	0.296
0.460	0.001	0.538	0.001
0.946	0.052	0.001	0.001
0.997	0.001	0.001	0.001
0.099	0.001	0.899	0.001
0.997	0.001	0.001	0.001
>GTGACTCATCAC	9-GTGACTCATCAC	9.456462	-35.952728	0	T:41.0(0.72%),B:58.9(0.14%),P:1e-15	Tpos:42.4,Tstd:28.0,Bpos:52.3,Bstd:26.8,StrandBias:-0.4,Multiplicity:1.00
0.168	0.084	0.692	0.056
0.056	0.028	0.028	0.888
0.056	0.056	0.860	0.028
0.831	0.028	0.057	0.084
0.056	0.776	0.084	0.084
0.139	0.028	0.001	0.832
0.057	0.886	0.029	0.028
0.970	0.001	0.001	0.028
0.084	0.057	0.060	0.799
0.084	0.792	0.039	0.085
0.848	0.068	0.056	0.028
0.085	0.831	0.056	0.028
>TGTCACTGTAAG	10-TGTCACTGTAAG	13.679644	-34.836986	0	T:10.0(0.17%),B:0.0(0.00%),P:1e-15	Tpos:50.7,Tstd:26.3,Bpos:0.0,Bstd:0.0,StrandBias:0.0,Multiplicity:1.00
0.001	0.001	0.001	0.997
0.001	0.001	0.874	0.124
0.001	0.001	0.124	0.874
0.001	0.997	0.001	0.001
0.997	0.001	0.001	0.001
0.001	0.997	0.001	0.001
0.001	0.001	0.001	0.997
0.001	0.124	0.874	0.001
0.001	0.001	0.001	0.997
0.997	0.001	0.001	0.001
0.749	0.125	0.001	0.125
0.125	0.001	0.749	0.125
>NGGGGGGGGGGM	11-NGGGGGGGGGGM	3.273416	-33.090223	0	T:3270.0(57.03%),B:21125.8(51.91%),P:1e-14	Tpos:48.9,Tstd:24.7,Bpos:50.1,Bstd:32.4,StrandBias:1.0,Multiplicity:1.77
0.228	0.258	0.275	0.239
0.082	0.048	0.837	0.033
0.140	0.055	0.762	0.043
0.073	0.072	0.821	0.034
0.123	0.062	0.762	0.053
0.161	0.132	0.644	0.063
0.099	0.140	0.685	0.076
0.084	0.082	0.799	0.035
0.140	0.080	0.722	0.058
0.098	0.037	0.837	0.028
0.051	0.081	0.857	0.011
0.385	0.375	0.049	0.192
>TCCAGTTCAGCA	12-TCCAGTTCAGCA	13.391442	-30.765649	0	T:14.0(0.24%),B:5.3(0.01%),P:1e-13	Tpos:55.8,Tstd:22.8,Bpos:29.4,Bstd:23.1,StrandBias:0.2,Multiplicity:1.00
0.001	0.001	0.001	0.997
0.001	0.902	0.001	0.096
0.001	0.902	0.001	0.096
0.997	0.001	0.001	0.001
0.001	0.001	0.997	0.001
0.001	0.096	0.001	0.902
0.001	0.096	0.001	0.902
0.001	0.997	0.001	0.001
0.997	0.001	0.001	0.001
0.001	0.096	0.902	0.001
0.001	0.774	0.224	0.001
0.805	0.097	0.001	0.097
>TCTCGCGAGACG	13-TCTCGCGAGACG	9.809334	-27.348573	0	T:28.0(0.49%),B:36.9(0.09%),P:1e-11	Tpos:40.8,Tstd:22.6,Bpos:43.6,Bstd:54.3,StrandBias:-0.4,Multiplicity:1.00
0.001	0.129	0.086	0.784
0.086	0.870	0.001	0.043
0.001	0.086	0.043	0.870
0.001	0.956	0.042	0.001
0.001	0.043	0.913	0.043
0.043	0.865	0.091	0.001
0.001	0.042	0.956	0.001
0.865	0.005	0.129	0.001
0.043	0.001	0.870	0.086
0.870	0.086	0.043	0.001
0.178	0.662	0.159	0.001
0.043	0.116	0.539	0.302
>YAACTGAGAKTC	14-YAACTGAGAKTC	8.234753	-22.007802	0	T:11.0(0.19%),B:5.9(0.01%),P:1e-9	Tpos:51.0,Tstd:24.2,Bpos:37.1,Bstd:20.3,StrandBias:-0.6,Multiplicity:1.00
0.250	0.430	0.030	0.290
0.506	0.219	0.121	0.154
0.479	0.156	0.163	0.202
0.033	0.582	0.172	0.213
0.280	0.016	0.012	0.692
0.293	0.043	0.638	0.026
0.656	0.096	0.029	0.219
0.290	0.069	0.588	0.053
0.635	0.024	0.031	0.310
0.192	0.148	0.380	0.279
0.041	0.271	0.031	0.657
0.180	0.443	0.172	0.206
>ANGAGGAGGAVV	15-ANGAGGAGGAVV	4.243579	-20.176942	0	T:2552.0(44.51%),B:16542.9(40.65%),P:1e-8	Tpos:52.8,Tstd:26.2,Bpos:49.5,Bstd:30.2,StrandBias:1.0,Multiplicity:1.21
0.438	0.264	0.120	0.178
0.261	0.205	0.335	0.200
0.141	0.120	0.624	0.115
0.718	0.163	0.022	0.097
0.111	0.167	0.599	0.123
0.089	0.133	0.661	0.117
0.745	0.128	0.027	0.100
0.132	0.130	0.600	0.138
0.154	0.080	0.643	0.123
0.731	0.134	0.034	0.101
0.291	0.210	0.337	0.162
0.280	0.220	0.326	0.173
>TAACCTGTAGAA	16-TAACCTGTAGAA	11.956728	-20.130523	0	T:11.0(0.19%),B:6.2(0.02%),P:1e-8	Tpos:42.9,Tstd:26.6,Bpos:80.4,Bstd:13.0,StrandBias:-0.3,Multiplicity:1.00
0.001	0.001	0.260	0.738
0.810	0.001	0.007	0.182
0.904	0.094	0.001	0.001
0.181	0.817	0.001	0.001
0.173	0.825	0.001	0.001
0.001	0.001	0.001	0.997
0.001	0.174	0.824	0.001
0.007	0.001	0.087	0.905
0.997	0.001	0.001	0.001
0.174	0.001	0.651	0.174
0.563	0.262	0.001	0.174
0.997	0.001	0.001	0.001
>WGADGCDGCTGN	17-WGADGCDGCTGN	4.782328	-20.042120	0	T:2284.0(39.83%),B:14677.3(36.07%),P:1e-8	Tpos:51.8,Tstd:26.6,Bpos:49.8,Bstd:27.9,StrandBias:0.6,Multiplicity:1.19
0.315	0.139	0.136	0.410
0.023	0.349	0.578	0.050
0.454	0.120	0.158	0.268
0.281	0.013	0.372	0.335
0.179	0.074	0.680	0.067
0.153	0.516	0.101	0.230
0.320	0.011	0.311	0.358
0.097	0.007	0.847	0.049
0.153	0.604	0.208	0.035
0.002	0.001	0.001	0.996
0.009	0.001	0.722	0.268
0.232	0.242	0.303	0.223
>GCGGCCATTTTG	18-GCGGCCATTTTG	10.409522	-18.299664	0	T:13.0(0.23%),B:11.3(0.03%),P:1e-7	Tpos:60.4,Tstd:32.7,Bpos:75.7,Bstd:14.8,StrandBias:1.3,Multiplicity:1.00
0.100	0.100	0.700	0.100
0.100	0.700	0.100	0.100
0.100	0.100	0.700	0.100
0.100	0.100	0.700	0.100
0.100	0.700	0.100	0.100
0.100	0.700	0.100	0.100
0.700	0.100	0.100	0.100
0.100	0.100	0.100	0.700
0.100	0.100	0.100	0.700
0.100	0.100	0.100	0.700
0.100	0.100	0.100	0.700
0.100	0.100	0.700	0.100
>TAACCGCGTAGT	19-TAACCGCGTAGT	11.176424	-17.872453	0	T:8.0(0.14%),B:4.0(0.01%),P:1e-7	Tpos:45.9,Tstd:28.9,Bpos:70.5,Bstd:20.3,StrandBias:-1.3,Multiplicity:1.00
0.001	0.153	0.001	0.845
0.845	0.001	0.153	0.001
0.997	0.001	0.001	0.001
0.001	0.997	0.001	0.001
0.001	0.691	0.001	0.307
0.154	0.001	0.691	0.154
0.001	0.691	0.001	0.307
0.154	0.154	0.538	0.154
0.153	0.001	0.001	0.845
0.997	0.001	0.001	0.001
0.001	0.001	0.997	0.001
0.001	0.001	0.001	0.997
>NNGGCGGCGGNA	20-NNGGCGGCGGNA	3.550425	-14.778232	0	T:2090.0(36.45%),B:13568.9(33.34%),P:1e-6	Tpos:54.9,Tstd:27.2,Bpos:49.7,Bstd:37.4,StrandBias:0.4,Multiplicity:1.14
0.236	0.236	0.308	0.221
0.194	0.332	0.230	0.245
0.179	0.131	0.532	0.158
0.191	0.105	0.537	0.167
0.084	0.698	0.081	0.137
0.134	0.110	0.631	0.125
0.167	0.108	0.546	0.179
0.161	0.639	0.057	0.143
0.152	0.116	0.562	0.170
0.239	0.087	0.478	0.197
0.188	0.329	0.206	0.277
0.412	0.182	0.194	0.212
>BNWGMGGAGBRW	21-BNWGMGGAGBRW	3.891094	-14.580215	0	T:1544.0(26.93%),B:9813.4(24.11%),P:1e-6	Tpos:49.7,Tstd:27.3,Bpos:50.8,Bstd:28.8,StrandBias:0.4,Multiplicity:1.04
0.155	0.256	0.308	0.282
0.283	0.281	0.205	0.231
0.280	0.179	0.133	0.407
0.103	0.153	0.539	0.205
0.489	0.356	0.077	0.077
0.027	0.306	0.564	0.103
0.052	0.179	0.488	0.281
0.615	0.205	0.052	0.128
0.178	0.155	0.462	0.204
0.154	0.255	0.285	0.306
0.435	0.103	0.332	0.130
0.410	0.230	0.078	0.282
>CCGCGTCGACGT	22-CCGCGTCGACGT	3.708690	-11.975413	0	T:1351.0(23.56%),B:8614.6(21.17%),P:1e-5	Tpos:51.3,Tstd:27.4,Bpos:49.9,Bstd:36.7,StrandBias:0.0,Multiplicity:1.13
0.077	0.745	0.113	0.065
0.077	0.668	0.113	0.142
0.149	0.095	0.679	0.077
0.232	0.667	0.030	0.071
0.053	0.065	0.775	0.107
0.214	0.160	0.012	0.614
0.036	0.674	0.243	0.047
0.059	0.089	0.787	0.065
0.805	0.071	0.053	0.071
0.071	0.720	0.126	0.083
0.119	0.077	0.697	0.107
0.166	0.066	0.077	0.691
>GGAATCGGCGTA	23-GGAATCGGCGTA	9.577262	-6.254363	0	T:10.0(0.17%),B:23.3(0.06%),P:1e-2	Tpos:56.1,Tstd:33.2,Bpos:36.6,Bstd:21.3,StrandBias:-0.6,Multiplicity:1.00
0.001	0.080	0.839	0.080
0.001	0.319	0.679	0.001
0.919	0.001	0.079	0.001
0.737	0.171	0.001	0.091
0.160	0.001	0.080	0.759
0.001	0.828	0.001	0.170
0.001	0.240	0.679	0.080
0.159	0.001	0.839	0.001
0.001	0.919	0.001	0.079
0.320	0.001	0.668	0.011
0.320	0.080	0.001	0.599
0.578	0.091	0.171	0.160
>AATGKCCGGMWN	24-AATGKCCGGMWN	5.457588	-4.936744	0	T:528.0(9.21%),B:3376.1(8.30%),P:1e-2	Tpos:49.9,Tstd:26.9,Bpos:50.0,Bstd:33.3,StrandBias:0.0,Multiplicity:1.02
0.460	0.287	0.136	0.117
0.455	0.263	0.258	0.024
0.190	0.034	0.302	0.474
0.039	0.015	0.834	0.112
0.226	0.005	0.316	0.453
0.092	0.825	0.001	0.082
0.057	0.941	0.001	0.001
0.007	0.063	0.929	0.001
0.165	0.034	0.675	0.126
0.363	0.292	0.141	0.204
0.382	0.224	0.156	0.238
0.204	0.209	0.243	0.343
>GAGAGGGAGAGG	25-GAGAGGGAGAGG	12.102951	-3.929468	0	T:16.0(0.28%),B:63.4(0.16%),P:1e-1	Tpos:39.2,Tstd:26.2,Bpos:36.5,Bstd:21.8,StrandBias:0.0,Multiplicity:1.20
0.001	0.001	0.997	0.001
0.997	0.001	0.001	0.001
0.332	0.001	0.666	0.001
0.997	0.001	0.001	0.001
0.001	0.001	0.997	0.001
0.222	0.222	0.444	0.111
0.001	0.001	0.777	0.221
0.997	0.001	0.001	0.001
0.111	0.333	0.555	0.001
0.997	0.001	0.001	0.001
0.111	0.001	0.777	0.111
0.001	0.221	0.777	0.001
>CCCCTA	1-CCCCTA	3.585831	-113.409042	0	T:3130.0(54.59%),B:18236.2(44.81%),P:1e-49	Tpos:49.5,Tstd:27.0,Bpos:50.1,Bstd:29.2,StrandBias:-0.8,Multiplicity:1.18
0.044	0.679	0.261	0.016
0.053	0.707	0.116	0.124
0.229	0.530	0.111	0.130
0.098	0.753	0.057	0.092
0.161	0.133	0.028	0.678
0.661	0.167	0.026	0.146
>RGDGGA	2-RGDGGA	3.375799	-109.064870	0	T:3384.0(59.02%),B:20120.7(49.44%),P:1e-47	Tpos:48.6,Tstd:25.0,Bpos:49.8,Bstd:31.8,StrandBias:1.1,Multiplicity:1.70
0.430	0.131	0.333	0.106
0.059	0.082	0.695	0.164
0.225	0.176	0.374	0.225
0.186	0.148	0.545	0.121
0.110	0.015	0.742	0.133
0.404	0.204	0.216	0.175
>CGCAAA	3-CGCAAA	2.856721	-108.434259	0	T:759.0(13.24%),B:3119.6(7.67%),P:1e-47	Tpos:47.4,Tstd:25.0,Bpos:49.6,Bstd:36.2,StrandBias:0.2,Multiplicity:1.24
0.001	0.997	0.001	0.001
0.001	0.001	0.997	0.001
0.001	0.729	0.269	0.001
0.997	0.001	0.001	0.001
0.759	0.001	0.001	0.239
0.977	0.001	0.021	0.001
>TCGTCG	4-TCGTCG	2.729973	-72.960485	0	T:3149.0(54.92%),B:19178.8(47.13%),P:1e-31	Tpos:51.8,Tstd:28.3,Bpos:50.1,Bstd:36.8,StrandBias:0.0,Multiplicity:1.85
0.172	0.115	0.123	0.590
0.082	0.721	0.045	0.152
0.128	0.042	0.673	0.157
0.108	0.095	0.139	0.658
0.082	0.782	0.059	0.077
0.289	0.067	0.577	0.067
>GCCGTT	5-GCCGTT	4.392119	-60.674402	0	T:1808.0(31.53%),B:10266.1(25.23%),P:1e-26	Tpos:51.1,Tstd:27.4,Bpos:50.2,Bstd:31.3,StrandBias:0.3,Multiplicity:1.16
0.025	0.054	0.847	0.074
0.001	0.855	0.143	0.001
0.164	0.517	0.114	0.205
0.001	0.067	0.869	0.063
0.001	0.001	0.001	0.997
0.044	0.001	0.001	0.954
>AGCTGC	6-AGCTGC	5.451216	-49.987654	0	T:1691.0(29.49%),B:9727.6(23.90%),P:1e-21	Tpos:52.2,Tstd:28.5,Bpos:49.9,Bstd:30.8,StrandBias:0.1,Multiplicity:1.25
0.886	0.001	0.001	0.112
0.001	0.001	0.997	0.001
0.169	0.727	0.001	0.103
0.190	0.001	0.001	0.808
0.001	0.001	0.997	0.001
0.001	0.870	0.001	0.128
>TGGCTG	7-TGGCTG	5.982877	-41.690857	0	T:1502.0(26.19%),B:8674.9(21.32%),P:1e-18	Tpos:52.7,Tstd:28.2,Bpos:49.8,Bstd:30.0,StrandBias:0.5,Multiplicity:1.16
0.001	0.001	0.001	0.997
0.001	0.001	0.822	0.176
0.001	0.001	0.997	0.001
0.001	0.837	0.001	0.161
0.099	0.001	0.142	0.758
0.001	0.001	0.997	0.001
>RGCRGT	8-RGCRGT	4.627890	-40.343338	0	T:1222.0(21.31%),B:6876.7(16.90%),P:1e-17	Tpos:51.8,Tstd:27.2,Bpos:50.5,Bstd:30.3,StrandBias:0.8,Multiplicity:1.13
0.467	0.001	0.531	0.001
0.001	0.001	0.997	0.001
0.001	0.914	0.001	0.084
0.433	0.001	0.565	0.001
0.001	0.001	0.997	0.001
0.001	0.001	0.001	0.997
>SGTAMG	9-SGTAMG	5.556137	-27.714247	0	T:318.0(5.55%),B:1491.8(3.67%),P:1e-12	Tpos:54.7,Tstd:29.5,Bpos:49.3,Bstd:32.2,StrandBias:0.5,Multiplicity:1.02
0.122	0.404	0.395	0.079
0.001	0.025	0.934	0.040
0.164	0.001	0.025	0.810
0.666	0.197	0.001	0.136
0.463	0.399	0.136	0.001
0.052	0.001	0.778	0.169
>YTCGCG	10-YTCGCG	4.788808	-25.475538	0	T:629.0(10.97%),B:3416.9(8.40%),P:1e-11	Tpos:47.9,Tstd:28.4,Bpos:49.2,Bstd:38.8,StrandBias:-0.4,Multiplicity:1.10
0.001	0.446	0.001	0.552
0.097	0.001	0.018	0.884
0.001	0.997	0.001	0.001
0.001	0.001	0.576	0.422
0.001	0.997	0.001	0.001
0.100	0.001	0.794	0.105
>GCTTCCGG	1-GCTTCCGG	4.512909	-154.985392	0	T:242.0(4.22%),B:442.1(1.09%),P:1e-67	Tpos:42.4,Tstd:21.1,Bpos:50.7,Bstd:38.5,StrandBias:-0.2,Multiplicity:1.17
0.354	0.001	0.644	0.001
0.001	0.665	0.001	0.333
0.001	0.001	0.001	0.997
0.001	0.001	0.001	0.997
0.001	0.997	0.001	0.001
0.001	0.997	0.001	0.001
0.001	0.001	0.997	0.001
0.001	0.006	0.992	0.001
>GGGGGGKR	2-GGGGGGKR	5.444831	-138.905758	0	T:1772.0(30.90%),B:8775.5(21.56%),P:1e-60	Tpos:44.0,Tstd:23.0,Bpos:49.6,Bstd:31.8,StrandBias:1.1,Multiplicity:1.45
0.237	0.001	0.761	0.001
0.109	0.001	0.889	0.001
0.077	0.001	0.921	0.001
0.001	0.109	0.734	0.156
0.001	0.071	0.716	0.212
0.070	0.002	0.768	0.160
0.201	0.001	0.407	0.391
0.427	0.001	0.571	0.001
>GCBGWTGA	3-GCBGWTGA	3.835934	-113.503874	0	T:2936.0(51.20%),B:16878.0(41.47%),P:1e-49	Tpos:52.4,Tstd:26.9,Bpos:50.1,Bstd:31.2,StrandBias:0.6,Multiplicity:1.37
0.001	0.106	0.892	0.001
0.001	0.759	0.110	0.130
0.138	0.221	0.324	0.316
0.001	0.001	0.997	0.001
0.362	0.144	0.001	0.493
0.230	0.001	0.087	0.682
0.354	0.001	0.634	0.011
0.764	0.079	0.001	0.156
>CCGCYATA	4-CCGCYATA	4.523654	-88.982456	0	T:1123.0(19.58%),B:5438.9(13.36%),P:1e-38	Tpos:50.2,Tstd:25.8,Bpos:50.1,Bstd:33.1,StrandBias:-0.8,Multiplicity:1.12
0.001	0.922	0.001	0.076
0.001	0.848	0.150	0.001
0.001	0.140	0.858	0.001
0.001	0.997	0.001	0.001
0.034	0.406	0.145	0.416
0.591	0.001	0.001	0.407
0.164	0.081	0.115	0.640
0.739	0.001	0.108	0.152
>CATCATCR	5-CATCATCR	3.664363	-79.190646	0	T:1651.0(28.79%),B:8888.3(21.84%),P:1e-34	Tpos:54.7,Tstd:28.4,Bpos:49.9,Bstd:30.8,StrandBias:-0.8,Multiplicity:1.13
0.104	0.612	0.152	0.132
0.424	0.201	0.189	0.186
0.124	0.167	0.244	0.465
0.195	0.668	0.054	0.083
0.500	0.092	0.149	0.259
0.157	0.226	0.185	0.432
0.114	0.594	0.103	0.189
0.268	0.160	0.405	0.167
>CTGAADVA	6-CTGAADVA	1.389805	-75.619220	0	T:1745.0(30.43%),B:9560.4(23.49%),P:1e-32	Tpos:50.7,Tstd:27.7,Bpos:49.7,Bstd:31.2,StrandBias:0.0,Multiplicity:1.15
0.001	0.997	0.001	0.001
0.001	0.001	0.332	0.666
0.001	0.001	0.997	0.001
0.568	0.001	0.294	0.137
0.997	0.001	0.001	0.001
0.320	0.001	0.394	0.285
0.277	0.390	0.332	0.001
0.997	0.001	0.001	0.001
>CTCCTCCT	7-CTCCTCCT	6.677664	-71.091962	0	T:921.0(16.06%),B:4462.8(10.97%),P:1e-30	Tpos:50.9,Tstd:24.9,Bpos:50.0,Bstd:31.8,StrandBias:-1.4,Multiplicity:1.13
0.001	0.919	0.001	0.079
0.050	0.001	0.001	0.948
0.001	0.900	0.062	0.037
0.073	0.773	0.001	0.153
0.001	0.001	0.044	0.954
0.017	0.838	0.047	0.098
0.001	0.716	0.028	0.255
0.250	0.092	0.035	0.623
>GGGCYAGT	8-GGGCYAGT	5.640740	-69.256558	0	T:664.0(11.58%),B:2978.7(7.32%),P:1e-30	Tpos:51.4,Tstd:25.4,Bpos:50.1,Bstd:28.2,StrandBias:0.8,Multiplicity:1.04
0.001	0.288	0.710	0.001
0.001	0.001	0.682	0.316
0.349	0.001	0.649	0.001
0.066	0.543	0.341	0.050
0.044	0.492	0.081	0.384
0.997	0.001	0.001	0.001
0.001	0.109	0.889	0.001
0.088	0.001	0.001	0.910
>ARMTGCCG	9-ARMTGCCG	7.312721	-61.613200	0	T:223.0(3.89%),B:702.4(1.73%),P:1e-26	Tpos:60.0,Tstd:27.3,Bpos:51.2,Bstd:35.3,StrandBias:0.5,Multiplicity:1.04
0.818	0.001	0.126	0.055
0.502	0.001	0.496	0.001
0.462	0.453	0.001	0.083
0.330	0.001	0.001	0.668
0.081	0.001	0.901	0.017
0.076	0.536	0.385	0.003
0.001	0.997	0.001	0.001
0.001	0.224	0.774	0.001
>AWTGACCG	10-AWTGACCG	5.088348	-53.458790	0	T:618.0(10.78%),B:2901.3(7.13%),P:1e-23	Tpos:48.9,Tstd:28.3,Bpos:50.5,Bstd:30.4,StrandBias:0.0,Multiplicity:1.05
0.475	0.037	0.231	0.257
0.493	0.060	0.082	0.365
0.102	0.001	0.141	0.756
0.048	0.001	0.950	0.001
0.568	0.071	0.258	0.103
0.069	0.731	0.001	0.199
0.059	0.556	0.193	0.192
0.001	0.206	0.675	0.118
>GCATGCGC	11-GCATGCGC	3.776679	-48.579548	0	T:285.0(4.97%),B:1096.2(2.69%),P:1e-21	Tpos:40.2,Tstd:23.0,Bpos:49.8,Bstd:38.7,StrandBias:-0.2,Multiplicity:1.16
0.001	0.001	0.830	0.168
0.001	0.997	0.001	0.001
0.768	0.001	0.001	0.230
0.001	0.183	0.001	0.815
0.001	0.001	0.997	0.001
0.001	0.997	0.001	0.001
0.001	0.001	0.997	0.001
0.001	0.997	0.001	0.001
>TTTTYCGG	12-TTTTYCGG	7.718227	-42.882535	0	T:184.0(3.21%),B:628.1(1.54%),P:1e-18	Tpos:50.9,Tstd:24.7,Bpos:50.3,Bstd:33.2,StrandBias:0.7,Multiplicity:1.01
0.001	0.332	0.001	0.666
0.001	0.001	0.001	0.997
0.001	0.314	0.040	0.645
0.049	0.128	0.001	0.822
0.001	0.386	0.092	0.521
0.346	0.652	0.001	0.001
0.001	0.001	0.997	0.001
0.001	0.001	0.798	0.200
>CGATTGGC	13-CGATTGGC	7.037837	-41.613820	0	T:156.0(2.72%),B:502.5(1.23%),P:1e-18	Tpos:44.0,Tstd:26.8,Bpos:51.8,Bstd:32.5,StrandBias:-0.1,Multiplicity:1.01
0.027	0.842	0.018	0.113
0.002	0.319	0.617	0.062
0.965	0.001	0.001	0.033
0.103	0.200	0.021	0.676
0.001	0.001	0.001	0.997
0.001	0.384	0.561	0.054
0.018	0.001	0.980	0.001
0.059	0.614	0.181	0.146
>RTCAGMKG	14-RTCAGMKG	8.039963	-34.965360	0	T:158.0(2.76%),B:553.8(1.36%),P:1e-15	Tpos:49.9,Tstd:27.9,Bpos:49.1,Bstd:29.4,StrandBias:0.6,Multiplicity:1.01
0.376	0.039	0.504	0.081
0.390	0.001	0.001	0.608
0.018	0.980	0.001	0.001
0.997	0.001	0.001	0.001
0.001	0.020	0.978	0.001
0.449	0.547	0.003	0.001
0.153	0.003	0.492	0.352
0.001	0.001	0.981	0.017
>CGCKTGAT	15-CGCKTGAT	5.532191	-34.755500	0	T:132.0(2.30%),B:429.2(1.05%),P:1e-15	Tpos:53.2,Tstd:28.6,Bpos:46.4,Bstd:37.6,StrandBias:-0.3,Multiplicity:1.03
0.001	0.997	0.001	0.001
0.001	0.001	0.997	0.001
0.001	0.997	0.001	0.001
0.001	0.001	0.504	0.494
0.290	0.001	0.001	0.708
0.001	0.089	0.827	0.083
0.997	0.001	0.001	0.001
0.001	0.300	0.001	0.698
>CTGACGTC	16-CTGACGTC	5.758546	-34.122373	0	T:285.0(4.97%),B:1229.1(3.02%),P:1e-14	Tpos:44.3,Tstd:27.2,Bpos:50.4,Bstd:33.8,StrandBias:0.0,Multiplicity:1.07
0.001	0.580	0.418	0.001
0.001	0.309	0.001	0.689
0.001	0.222	0.702	0.075
0.997	0.001	0.001	0.001
0.001	0.997	0.001	0.001
0.001	0.001	0.997	0.001
0.001	0.001	0.001	0.997
0.211	0.519	0.123	0.147
>ACTTAYCC	17-ACTTAYCC	7.205324	-31.589419	0	T:299.0(5.21%),B:1335.8(3.28%),P:1e-13	Tpos:55.3,Tstd:26.3,Bpos:48.4,Bstd:30.8,StrandBias:-0.8,Multiplicity:1.01
0.753	0.001	0.125	0.121
0.001	0.997	0.001	0.001
0.001	0.001	0.001	0.997
0.001	0.001	0.001	0.997
0.530	0.070	0.287	0.113
0.001	0.468	0.001	0.530
0.001	0.857	0.141	0.001
0.001	0.866	0.001	0.132
>AGAGGTAA	18-AGAGGTAA	7.501193	-29.327899	0	T:167.0(2.91%),B:640.2(1.57%),P:1e-12	Tpos:53.7,Tstd:28.8,Bpos:49.4,Bstd:29.1,StrandBias:0.8,Multiplicity:1.02
0.997	0.001	0.001	0.001
0.001	0.249	0.749	0.001
0.489	0.191	0.319	0.001
0.001	0.001	0.997	0.001
0.001	0.001	0.997	0.001
0.001	0.196	0.001	0.802
0.997	0.001	0.001	0.001
0.997	0.001	0.001	0.001
>TCGTAGSS	19-TCGTAGSS	5.849293	-25.367124	0	T:136.0(2.37%),B:513.0(1.26%),P:1e-11	Tpos:50.4,Tstd:29.4,Bpos:53.1,Bstd:32.8,StrandBias:-0.1,Multiplicity:1.01
0.068	0.093	0.022	0.817
0.143	0.813	0.001	0.043
0.008	0.001	0.990	0.001
0.098	0.007	0.001	0.894
0.782	0.001	0.021	0.196
0.172	0.300	0.470	0.058
0.165	0.372	0.439	0.023
0.118	0.393	0.309	0.180
>AACGCCAA	20-AACGCCAA	6.337474	-24.046259	0	T:250.0(4.36%),B:1147.6(2.82%),P:1e-10	Tpos:53.2,Tstd:27.0,Bpos:50.8,Bstd:31.0,StrandBias:0.0,Multiplicity:1.06
0.967	0.023	0.009	0.001
0.956	0.016	0.027	0.001
0.104	0.819	0.044	0.033
0.001	0.057	0.892	0.050
0.022	0.851	0.102	0.025
0.056	0.738	0.186	0.020
0.891	0.056	0.001	0.052
0.883	0.001	0.084	0.032
>TAGTCGGT	21-TAGTCGGT	7.105538	-22.915809	0	T:70.0(1.22%),B:208.1(0.51%),P:1e-9	Tpos:53.2,Tstd:26.6,Bpos:50.5,Bstd:32.2,StrandBias:0.4,Multiplicity:1.00
0.138	0.043	0.052	0.767
0.866	0.001	0.108	0.025
0.001	0.065	0.842	0.092
0.034	0.013	0.001	0.952
0.165	0.700	0.001	0.134
0.001	0.001	0.997	0.001
0.001	0.034	0.964	0.001
0.057	0.016	0.001	0.926
>TAGAGCTG	22-TAGAGCTG	8.251656	-17.646706	0	T:74.0(1.29%),B:257.0(0.63%),P:1e-7	Tpos:51.2,Tstd:27.8,Bpos:48.5,Bstd:28.1,StrandBias:0.2,Multiplicity:1.00
0.001	0.001	0.001	0.997
0.997	0.001	0.001	0.001
0.001	0.131	0.754	0.114
0.997	0.001	0.001	0.001
0.001	0.001	0.997	0.001
0.001	0.997	0.001	0.001
0.001	0.001	0.079	0.919
0.001	0.001	0.997	0.001
>ATTTCGCG	23-ATTTCGCG	6.927552	-16.033633	0	T:33.0(0.58%),B:80.1(0.20%),P:1e-6	Tpos:35.4,Tstd:30.6,Bpos:50.5,Bstd:22.6,StrandBias:0.6,Multiplicity:1.00
0.670	0.023	0.001	0.306
0.001	0.001	0.001	0.997
0.001	0.309	0.001	0.689
0.001	0.001	0.001	0.997
0.001	0.997	0.001	0.001
0.001	0.001	0.997	0.001
0.001	0.997	0.001	0.001
0.001	0.001	0.997	0.001
>ACGAACGA	24-ACGAACGA	6.693495	-14.354199	0	T:16.0(0.28%),B:24.8(0.06%),P:1e-6	Tpos:50.2,Tstd:23.8,Bpos:44.0,Bstd:20.9,StrandBias:-1.7,Multiplicity:1.08
0.997	0.001	0.001	0.001
0.001	0.997	0.001	0.001
0.001	0.001	0.997	0.001
0.713	0.001	0.001	0.285
0.997	0.001	0.001	0.001
0.001	0.997	0.001	0.001
0.001	0.001	0.997	0.001
0.670	0.285	0.044	0.001
>GTGCGCAA	25-GTGCGCAA	9.242971	-12.783020	0	T:15.0(0.26%),B:24.0(0.06%),P:1e-5	Tpos:61.2,Tstd:25.4,Bpos:50.1,Bstd:25.3,StrandBias:1.0,Multiplicity:1.00
0.001	0.001	0.997	0.001
0.001	0.001	0.001	0.997
0.161	0.001	0.837	0.001
0.001	0.997	0.001	0.001
0.001	0.001	0.997	0.001
0.001	0.997	0.001	0.001
0.997	0.001	0.001	0.001
0.997	0.001	0.001	0.001
