>CACTTCCGGT	1-CACTTCCGGT	6.119528	-226.694122	0	T:293.0(5.11%),B:451.2(1.11%),P:1e-98	Tpos:44.7,Tstd:21.2,Bpos:50.7,Bstd:38.1,StrandBias:0.3,Multiplicity:1.17
0.144	0.636	0.060	0.160
0.712	0.001	0.240	0.047
0.001	0.821	0.001	0.177
0.001	0.001	0.001	0.997
0.001	0.001	0.001	0.997
0.001	0.997	0.001	0.001
0.001	0.997	0.001	0.001
0.001	0.001	0.997	0.001
0.001	0.084	0.914	0.001
0.078	0.223	0.168	0.531
>GGGGGGGGGR	2-GGGGGGGGGR	6.027298	-150.123040	0	T:1343.0(23.42%),B:6041.9(14.84%),P:1e-65	Tpos:42.4,Tstd:22.9,Bpos:49.1,Bstd:32.1,StrandBias:1.0,Multiplicity:1.29
0.196	0.084	0.547	0.173
0.116	0.021	0.758	0.105
0.167	0.010	0.769	0.054
0.073	0.005	0.901	0.021
0.050	0.101	0.824	0.025
0.211	0.092	0.664	0.033
0.225	0.047	0.666	0.062
0.237	0.024	0.668	0.071
0.391	0.001	0.583	0.025
0.330	0.118	0.458	0.094
>TTGGAGGAGG	3-TTGGAGGAGG	4.606997	-132.923373	0	T:1918.0(33.45%),B:9781.2(24.02%),P:1e-57	Tpos:52.1,Tstd:25.2,Bpos:49.9,Bstd:29.8,StrandBias:1.2,Multiplicity:1.13
0.112	0.089	0.092	0.707
0.107	0.095	0.088	0.710
0.097	0.096	0.702	0.105
0.105	0.099	0.692	0.104
0.683	0.110	0.103	0.104
0.097	0.076	0.723	0.104
0.102	0.083	0.712	0.103
0.697	0.087	0.106	0.110
0.107	0.084	0.703	0.106
0.108	0.117	0.670	0.105
>GAAGAAGATG	4-GAAGAAGATG	6.630962	-119.394521	0	T:947.0(16.52%),B:4066.2(9.99%),P:1e-51	Tpos:55.0,Tstd:26.4,Bpos:50.4,Bstd:32.9,StrandBias:1.5,Multiplicity:1.12
0.066	0.246	0.631	0.057
0.633	0.018	0.271	0.078
0.619	0.002	0.248	0.131
0.029	0.001	0.969	0.001
0.974	0.006	0.017	0.003
0.522	0.006	0.219	0.253
0.102	0.001	0.896	0.001
0.881	0.100	0.009	0.010
0.200	0.065	0.285	0.450
0.134	0.185	0.603	0.078
>SCGCCATCTT	5-SCGCCATCTT	7.339279	-118.068413	0	T:76.0(1.33%),B:48.4(0.12%),P:1e-51	Tpos:72.4,Tstd:15.4,Bpos:50.0,Bstd:34.0,StrandBias:-1.6,Multiplicity:1.01
0.001	0.393	0.376	0.231
0.001	0.997	0.001	0.001
0.001	0.001	0.997	0.001
0.001	0.997	0.001	0.001
0.001	0.997	0.001	0.001
0.997	0.001	0.001	0.001
0.001	0.001	0.001	0.997
0.001	0.634	0.004	0.361
0.001	0.001	0.001	0.997
0.001	0.001	0.001	0.997
>TCTTCCGGAT	6-TCTTCCGGAT	5.026924	-89.492275	0	T:957.0(16.69%),B:4445.1(10.92%),P:1e-38	Tpos:50.9,Tstd:27.3,Bpos:49.2,Bstd:31.0,StrandBias:-0.3,Multiplicity:1.04
0.066	0.111	0.098	0.725
0.059	0.700	0.128	0.113
0.126	0.085	0.081	0.708
0.076	0.123	0.100	0.701
0.069	0.774	0.072	0.085
0.126	0.660	0.093	0.121
0.098	0.103	0.664	0.135
0.087	0.080	0.740	0.093
0.655	0.149	0.118	0.078
0.145	0.102	0.078	0.675
>CGCCGCCATT	7-CGCCGCCATT	7.010446	-83.446751	0	T:266.0(4.64%),B:785.7(1.93%),P:1e-36	Tpos:55.2,Tstd:27.0,Bpos:49.1,Bstd:37.5,StrandBias:-0.5,Multiplicity:1.03
0.071	0.785	0.104	0.040
0.051	0.055	0.821	0.073
0.051	0.806	0.094	0.049
0.062	0.845	0.036	0.057
0.080	0.057	0.808	0.055
0.039	0.851	0.066	0.044
0.044	0.864	0.061	0.031
0.695	0.055	0.076	0.174
0.070	0.088	0.096	0.746
0.063	0.093	0.059	0.785
>CGCATGCGCA	8-CGCATGCGCA	6.794209	-79.952882	0	T:122.0(2.13%),B:220.4(0.54%),P:1e-34	Tpos:41.1,Tstd:17.8,Bpos:50.3,Bstd:36.4,StrandBias:0.0,Multiplicity:1.13
0.196	0.602	0.094	0.108
0.143	0.076	0.629	0.152
0.077	0.647	0.176	0.100
0.517	0.180	0.092	0.211
0.165	0.102	0.200	0.533
0.041	0.207	0.666	0.086
0.065	0.713	0.098	0.124
0.156	0.092	0.555	0.197
0.086	0.679	0.114	0.121
0.396	0.171	0.231	0.202
>CAGCAGCWGC	9-CAGCAGCWGC	5.033255	-75.338304	0	T:1349.0(23.53%),B:7034.0(17.28%),P:1e-32	Tpos:55.6,Tstd:26.9,Bpos:50.1,Bstd:32.2,StrandBias:-0.1,Multiplicity:1.21
0.038	0.674	0.094	0.194
0.696	0.073	0.099	0.132
0.105	0.032	0.609	0.254
0.096	0.786	0.040	0.078
0.443	0.119	0.148	0.291
0.066	0.082	0.779	0.073
0.062	0.776	0.004	0.158
0.402	0.122	0.091	0.386
0.145	0.061	0.666	0.128
0.078	0.741	0.022	0.159
>GGAAGTGACG	10-GGAAGTGACG	10.754982	-68.953189	0	T:29.0(0.51%),B:8.5(0.02%),P:1e-29	Tpos:43.8,Tstd:23.0,Bpos:54.1,Bstd:22.7,StrandBias:0.2,Multiplicity:1.00
0.001	0.066	0.932	0.001
0.001	0.001	0.997	0.001
0.997	0.001	0.001	0.001
0.997	0.001	0.001	0.001
0.256	0.001	0.742	0.001
0.001	0.001	0.001	0.997
0.066	0.001	0.932	0.001
0.997	0.001	0.001	0.001
0.001	0.997	0.001	0.001
0.001	0.001	0.997	0.001
>TGTCAGTGGC	11-TGTCAGTGGC	4.664359	-65.594816	0	T:984.0(17.16%),B:4923.3(12.09%),P:1e-28	Tpos:50.3,Tstd:26.3,Bpos:49.9,Bstd:28.4,StrandBias:0.4,Multiplicity:1.08
0.096	0.093	0.093	0.718
0.103	0.113	0.679	0.105
0.089	0.109	0.114	0.688
0.093	0.675	0.117	0.115
0.715	0.083	0.093	0.109
0.101	0.106	0.693	0.100
0.090	0.099	0.098	0.713
0.093	0.094	0.711	0.102
0.099	0.108	0.700	0.093
0.089	0.706	0.098	0.107
>CTATCGGCAD	12-CTATCGGCAD	10.197091	-61.674119	0	T:22.0(0.38%),B:4.7(0.01%),P:1e-26	Tpos:68.8,Tstd:9.3,Bpos:29.8,Bstd:25.3,StrandBias:2.7,Multiplicity:1.00
0.154	0.531	0.161	0.154
0.001	0.001	0.001	0.997
0.997	0.001	0.001	0.001
0.001	0.001	0.001	0.997
0.001	0.997	0.001	0.001
0.229	0.154	0.616	0.001
0.001	0.001	0.997	0.001
0.001	0.997	0.001	0.001
0.691	0.001	0.307	0.001
0.310	0.005	0.376	0.308
>TGACGTCACC	13-TGACGTCACC	6.833544	-46.688657	0	T:183.0(3.19%),B:600.5(1.47%),P:1e-20	Tpos:46.5,Tstd:25.7,Bpos:47.2,Bstd:31.3,StrandBias:-0.0,Multiplicity:1.02
0.098	0.040	0.080	0.782
0.066	0.080	0.795	0.059
0.854	0.040	0.053	0.053
0.095	0.746	0.054	0.105
0.075	0.050	0.816	0.059
0.030	0.121	0.042	0.807
0.025	0.884	0.031	0.060
0.799	0.053	0.090	0.058
0.095	0.742	0.078	0.085
0.047	0.779	0.099	0.075
>TCTCGCGAGA	14-TCTCGCGAGA	10.779894	-39.298341	0	T:13.0(0.23%),B:2.6(0.01%),P:1e-17	Tpos:33.7,Tstd:17.5,Bpos:56.5,Bstd:0.8,StrandBias:0.4,Multiplicity:1.00
0.001	0.001	0.001	0.997
0.001	0.936	0.062	0.001
0.001	0.001	0.001	0.997
0.001	0.997	0.001	0.001
0.001	0.001	0.997	0.001
0.001	0.997	0.001	0.001
0.001	0.001	0.997	0.001
0.757	0.001	0.241	0.001
0.001	0.001	0.997	0.001
0.997	0.001	0.001	0.001
>CGTCGCTATG	15-CGTCGCTATG	7.415904	-38.857978	0	T:106.0(1.85%),B:291.2(0.72%),P:1e-16	Tpos:46.0,Tstd:27.0,Bpos:47.3,Bstd:33.0,StrandBias:-0.1,Multiplicity:1.03
0.078	0.573	0.109	0.240
0.001	0.001	0.961	0.037
0.114	0.001	0.267	0.618
0.001	0.736	0.216	0.047
0.001	0.001	0.841	0.157
0.001	0.997	0.001	0.001
0.076	0.121	0.154	0.649
0.670	0.038	0.114	0.178
0.076	0.001	0.151	0.772
0.001	0.112	0.886	0.001
>GCTGGTAAAG	16-GCTGGTAAAG	6.416712	-36.739457	0	T:442.0(7.71%),B:2093.8(5.14%),P:1e-15	Tpos:53.8,Tstd:27.2,Bpos:49.4,Bstd:28.6,StrandBias:0.5,Multiplicity:1.03
0.059	0.086	0.807	0.048
0.045	0.807	0.056	0.092
0.083	0.044	0.035	0.838
0.050	0.045	0.850	0.055
0.061	0.075	0.771	0.093
0.054	0.071	0.082	0.793
0.767	0.067	0.081	0.085
0.766	0.091	0.061	0.082
0.839	0.047	0.082	0.032
0.074	0.079	0.766	0.081
>ACGCACTACG	17-ACGCACTACG	10.372043	-24.584330	0	T:14.0(0.24%),B:8.4(0.02%),P:1e-10	Tpos:43.4,Tstd:20.9,Bpos:68.2,Bstd:31.2,StrandBias:0.0,Multiplicity:1.00
0.916	0.001	0.082	0.001
0.001	0.997	0.001	0.001
0.082	0.001	0.916	0.001
0.001	0.916	0.001	0.082
0.916	0.001	0.082	0.001
0.083	0.833	0.083	0.001
0.001	0.082	0.001	0.916
0.833	0.001	0.083	0.083
0.083	0.833	0.083	0.001
0.001	0.082	0.916	0.001
>TCACGTGACC	18-TCACGTGACC	9.384183	-23.161017	0	T:35.0(0.61%),B:66.5(0.16%),P:1e-10	Tpos:35.0,Tstd:16.4,Bpos:51.1,Bstd:38.6,StrandBias:-0.3,Multiplicity:1.16
0.038	0.136	0.026	0.800
0.001	0.997	0.001	0.001
0.925	0.001	0.037	0.037
0.001	0.966	0.015	0.018
0.033	0.001	0.965	0.001
0.037	0.001	0.001	0.961
0.001	0.001	0.997	0.001
0.926	0.001	0.072	0.001
0.001	0.936	0.034	0.029
0.038	0.581	0.175	0.206
>AGGTAGATGT	19-AGGTAGATGT	10.859972	-22.013146	0	T:11.0(0.19%),B:5.9(0.01%),P:1e-9	Tpos:52.3,Tstd:14.6,Bpos:57.9,Bstd:27.8,StrandBias:0.8,Multiplicity:1.00
0.997	0.001	0.001	0.001
0.001	0.001	0.997	0.001
0.001	0.001	0.997	0.001
0.001	0.001	0.001	0.997
0.997	0.001	0.001	0.001
0.001	0.001	0.997	0.001
0.997	0.001	0.001	0.001
0.001	0.001	0.001	0.997
0.001	0.001	0.997	0.001
0.051	0.001	0.278	0.670
>ACGTYACGCS	20-ACGTYACGCS	8.359198	-20.806423	0	T:19.0(0.33%),B:22.5(0.06%),P:1e-9	Tpos:40.4,Tstd:25.5,Bpos:23.0,Bstd:23.3,StrandBias:-0.2,Multiplicity:1.07
0.767	0.079	0.085	0.069
0.001	0.997	0.001	0.001
0.068	0.001	0.930	0.001
0.069	0.001	0.171	0.759
0.069	0.361	0.069	0.501
0.930	0.001	0.001	0.068
0.161	0.700	0.001	0.138
0.138	0.069	0.792	0.001
0.001	0.562	0.069	0.368
0.149	0.357	0.345	0.149
>ACACATTTCA	21-ACACATTTCA	10.296193	-17.876388	0	T:8.0(0.14%),B:3.5(0.01%),P:1e-7	Tpos:39.0,Tstd:28.6,Bpos:49.7,Bstd:11.6,StrandBias:-1.3,Multiplicity:1.00
0.700	0.100	0.100	0.100
0.100	0.700	0.100	0.100
0.700	0.100	0.100	0.100
0.100	0.700	0.100	0.100
0.700	0.100	0.100	0.100
0.100	0.100	0.100	0.700
0.100	0.100	0.100	0.700
0.100	0.100	0.100	0.700
0.100	0.700	0.100	0.100
0.700	0.100	0.100	0.100
>HYCCGMDDCG	22-HYCCGMDDCG	4.640751	-17.728628	0	T:339.0(5.91%),B:1771.1(4.35%),P:1e-7	Tpos:54.5,Tstd:26.0,Bpos:49.4,Bstd:36.9,StrandBias:-0.4,Multiplicity:1.04
0.319	0.242	0.164	0.275
0.238	0.348	0.005	0.408
0.160	0.519	0.083	0.238
0.084	0.517	0.315	0.084
0.161	0.084	0.639	0.116
0.347	0.409	0.006	0.238
0.238	0.161	0.237	0.364
0.315	0.006	0.270	0.409
0.160	0.486	0.084	0.271
0.008	0.013	0.706	0.273
>CCAATGARGC	23-CCAATGARGC	11.339382	-16.392650	0	T:13.0(0.23%),B:13.5(0.03%),P:1e-7	Tpos:40.1,Tstd:25.0,Bpos:30.1,Bstd:17.5,StrandBias:0.8,Multiplicity:1.08
0.001	0.997	0.001	0.001
0.001	0.997	0.001	0.001
0.997	0.001	0.001	0.001
0.997	0.001	0.001	0.001
0.001	0.001	0.001	0.997
0.001	0.196	0.802	0.001
0.997	0.001	0.001	0.001
0.419	0.018	0.562	0.001
0.001	0.001	0.997	0.001
0.001	0.997	0.001	0.001
>AGCTGAAACA	24-AGCTGAAACA	10.296193	-9.592003	0	T:9.0(0.16%),B:12.4(0.03%),P:1e-4	Tpos:66.0,Tstd:32.3,Bpos:59.6,Bstd:19.4,StrandBias:-0.3,Multiplicity:1.00
0.700	0.100	0.100	0.100
0.100	0.100	0.700	0.100
0.100	0.700	0.100	0.100
0.100	0.100	0.100	0.700
0.100	0.100	0.700	0.100
0.700	0.100	0.100	0.100
0.700	0.100	0.100	0.100
0.700	0.100	0.100	0.100
0.100	0.700	0.100	0.100
0.700	0.100	0.100	0.100
>ATGGGATGGG	25-ATGGGATGGG	11.165397	-2.124106	0	T:7.0(0.12%),B:29.4(0.07%),P:1e0	Tpos:44.9,Tstd:19.7,Bpos:52.1,Bstd:26.6,StrandBias:2.4,Multiplicity:2.71
0.916	0.001	0.001	0.082
0.001	0.001	0.001	0.997
0.001	0.001	0.997	0.001
0.001	0.001	0.997	0.001
0.001	0.001	0.997	0.001
0.997	0.001	0.001	0.001
0.001	0.001	0.001	0.997
0.001	0.001	0.997	0.001
0.001	0.082	0.916	0.001
0.082	0.001	0.916	0.001
>VGKCACTTCCGG	1-VGKCACTTCCGG	10.189677	-196.753339	0	T:109.0(1.90%),B:52.7(0.13%),P:1e-85	Tpos:40.0,Tstd:22.6,Bpos:49.6,Bstd:37.1,StrandBias:0.3,Multiplicity:1.07
0.253	0.339	0.337	0.072
0.001	0.294	0.538	0.167
0.151	0.194	0.391	0.264
0.103	0.625	0.199	0.073
0.794	0.001	0.118	0.087
0.001	0.997	0.001	0.001
0.001	0.001	0.001	0.997
0.001	0.001	0.001	0.997
0.001	0.997	0.001	0.001
0.001	0.997	0.001	0.001
0.001	0.001	0.903	0.095
0.001	0.238	0.760	0.001
>BGCTTCCGGSNB	2-BGCTTCCGGSNB	4.656275	-175.938125	0	T:452.0(7.88%),B:1186.5(2.91%),P:1e-76	Tpos:47.6,Tstd:22.8,Bpos:50.2,Bstd:36.9,StrandBias:0.0,Multiplicity:1.13
0.072	0.374	0.325	0.228
0.236	0.197	0.400	0.166
0.001	0.610	0.117	0.272
0.001	0.001	0.001	0.997
0.001	0.001	0.001	0.997
0.001	0.997	0.001	0.001
0.001	0.997	0.001	0.001
0.001	0.001	0.997	0.001
0.001	0.078	0.920	0.001
0.006	0.356	0.417	0.221
0.183	0.307	0.234	0.276
0.082	0.347	0.295	0.276
>NRGGGGCGGGGC	3-NRGGGGCGGGGC	9.376481	-147.206503	0	T:453.0(7.90%),B:1316.4(3.23%),P:1e-63	Tpos:32.6,Tstd:20.4,Bpos:49.6,Bstd:34.6,StrandBias:0.8,Multiplicity:1.13
0.261	0.256	0.215	0.269
0.315	0.179	0.407	0.099
0.001	0.042	0.836	0.121
0.114	0.001	0.876	0.009
0.001	0.001	0.997	0.001
0.001	0.001	0.997	0.001
0.167	0.615	0.001	0.217
0.001	0.001	0.997	0.001
0.001	0.001	0.997	0.001
0.155	0.001	0.843	0.001
0.177	0.174	0.604	0.045
0.218	0.652	0.001	0.129
>CGCCGCCATYTT	4-CGCCGCCATYTT	8.848626	-144.009445	0	T:147.0(2.56%),B:176.1(0.43%),P:1e-62	Tpos:67.7,Tstd:20.6,Bpos:48.1,Bstd:32.7,StrandBias:-1.0,Multiplicity:1.02
0.096	0.552	0.314	0.038
0.131	0.099	0.638	0.132
0.038	0.810	0.076	0.076
0.088	0.817	0.001	0.094
0.001	0.037	0.863	0.099
0.001	0.980	0.001	0.018
0.001	0.997	0.001	0.001
0.906	0.001	0.018	0.075
0.001	0.093	0.056	0.850
0.056	0.410	0.150	0.383
0.001	0.113	0.056	0.830
0.001	0.075	0.018	0.906
>YYGCGCATGCGC	5-YYGCGCATGCGC	9.182197	-101.106066	0	T:150.0(2.62%),B:263.5(0.65%),P:1e-43	Tpos:41.8,Tstd:18.8,Bpos:52.1,Bstd:36.5,StrandBias:0.1,Multiplicity:1.14
0.151	0.413	0.172	0.265
0.170	0.241	0.209	0.380
0.056	0.037	0.906	0.001
0.114	0.847	0.038	0.001
0.038	0.107	0.836	0.019
0.018	0.980	0.001	0.001
0.588	0.335	0.039	0.038
0.076	0.020	0.209	0.695
0.001	0.001	0.924	0.074
0.001	0.943	0.018	0.038
0.019	0.038	0.773	0.170
0.018	0.886	0.001	0.095
>GAGGAGGAGGAA	6-GAGGAGGAGGAA	7.345910	-95.770136	0	T:786.0(13.71%),B:3391.8(8.33%),P:1e-41	Tpos:50.1,Tstd:25.0,Bpos:49.4,Bstd:32.1,StrandBias:1.4,Multiplicity:1.17
0.175	0.116	0.675	0.034
0.636	0.043	0.217	0.104
0.183	0.006	0.693	0.118
0.139	0.066	0.777	0.018
0.681	0.035	0.201	0.083
0.215	0.004	0.689	0.092
0.164	0.058	0.776	0.002
0.624	0.106	0.204	0.066
0.217	0.002	0.667	0.114
0.199	0.062	0.737	0.002
0.637	0.117	0.194	0.052
0.510	0.094	0.288	0.108
>KKKKGGGGGGGG	7-KKKKGGGGGGGG	5.633991	-71.239712	0	T:1305.0(22.76%),B:6824.9(16.76%),P:1e-30	Tpos:49.4,Tstd:21.7,Bpos:49.7,Bstd:27.0,StrandBias:1.5,Multiplicity:1.14
0.158	0.083	0.379	0.380
0.001	0.001	0.493	0.505
0.001	0.109	0.512	0.378
0.001	0.001	0.530	0.468
0.001	0.001	0.802	0.196
0.074	0.001	0.681	0.244
0.148	0.001	0.630	0.221
0.050	0.001	0.681	0.268
0.198	0.001	0.569	0.232
0.313	0.001	0.478	0.209
0.240	0.001	0.632	0.127
0.295	0.001	0.570	0.134
>CTATCAGCAGTT	8-CTATCAGCAGTT	11.259451	-67.977236	0	T:20.0(0.35%),B:2.0(0.01%),P:1e-29	Tpos:67.6,Tstd:10.5,Bpos:53.7,Bstd:24.2,StrandBias:4.2,Multiplicity:1.00
0.001	0.924	0.074	0.001
0.001	0.001	0.001	0.997
0.997	0.001	0.001	0.001
0.001	0.001	0.001	0.997
0.001	0.997	0.001	0.001
0.997	0.001	0.001	0.001
0.001	0.001	0.997	0.001
0.001	0.997	0.001	0.001
0.997	0.001	0.001	0.001
0.074	0.001	0.924	0.001
0.001	0.001	0.074	0.924
0.075	0.302	0.075	0.548
>GATGAGGTAGAT	9-GATGAGGTAGAT	7.710731	-58.367672	0	T:154.0(2.69%),B:411.8(1.01%),P:1e-25	Tpos:53.0,Tstd:26.3,Bpos:51.5,Bstd:29.2,StrandBias:0.9,Multiplicity:1.02
0.124	0.072	0.753	0.051
0.787	0.085	0.051	0.077
0.122	0.037	0.109	0.732
0.077	0.077	0.784	0.062
0.810	0.029	0.058	0.103
0.131	0.036	0.726	0.107
0.105	0.091	0.738	0.066
0.157	0.094	0.099	0.650
0.716	0.040	0.146	0.098
0.080	0.072	0.787	0.061
0.781	0.055	0.106	0.058
0.125	0.070	0.066	0.739
>NWGMDGATGMAG	10-NWGMDGATGMAG	6.834215	-43.478288	0	T:795.0(13.86%),B:4114.4(10.11%),P:1e-18	Tpos:50.6,Tstd:26.5,Bpos:49.0,Bstd:28.8,StrandBias:0.6,Multiplicity:1.12
0.199	0.346	0.234	0.221
0.440	0.001	0.001	0.558
0.001	0.351	0.559	0.089
0.447	0.318	0.009	0.226
0.383	0.070	0.236	0.311
0.328	0.001	0.562	0.109
0.599	0.395	0.005	0.001
0.001	0.001	0.348	0.650
0.001	0.001	0.997	0.001
0.414	0.321	0.263	0.001
0.609	0.001	0.067	0.323
0.333	0.001	0.634	0.032
>GCATGCTGGGAA	11-GCATGCTGGGAA	13.088576	-40.251364	0	T:18.0(0.31%),B:6.1(0.02%),P:1e-17	Tpos:31.1,Tstd:22.6,Bpos:48.8,Bstd:24.2,StrandBias:-0.9,Multiplicity:1.00
0.001	0.001	0.997	0.001
0.001	0.924	0.001	0.074
0.849	0.075	0.001	0.075
0.001	0.001	0.074	0.924
0.075	0.075	0.849	0.001
0.001	0.924	0.001	0.074
0.001	0.074	0.001	0.924
0.001	0.001	0.997	0.001
0.001	0.001	0.997	0.001
0.001	0.001	0.924	0.074
0.997	0.001	0.001	0.001
0.750	0.075	0.174	0.001
>CCAGTGACGTCA	12-CCAGTGACGTCA	8.977864	-36.304360	0	T:57.0(0.99%),B:108.6(0.27%),P:1e-15	Tpos:38.9,Tstd:21.3,Bpos:44.1,Bstd:28.7,StrandBias:0.0,Multiplicity:1.00
0.052	0.806	0.064	0.078
0.026	0.870	0.052	0.052
0.731	0.093	0.098	0.078
0.070	0.134	0.688	0.108
0.026	0.078	0.052	0.844
0.026	0.052	0.896	0.026
0.895	0.001	0.078	0.026
0.052	0.771	0.123	0.054
0.001	0.134	0.759	0.106
0.044	0.053	0.026	0.877
0.001	0.947	0.051	0.001
0.894	0.026	0.027	0.053
>GCTCTCGCGAGA	13-GCTCTCGCGAGA	13.065374	-35.462711	0	T:12.0(0.21%),B:2.6(0.01%),P:1e-15	Tpos:33.4,Tstd:17.7,Bpos:57.0,Bstd:0.0,StrandBias:0.2,Multiplicity:1.00
0.001	0.244	0.754	0.001
0.222	0.555	0.001	0.222
0.001	0.001	0.001	0.997
0.001	0.997	0.001	0.001
0.001	0.222	0.001	0.776
0.001	0.997	0.001	0.001
0.001	0.001	0.997	0.001
0.001	0.776	0.222	0.001
0.001	0.001	0.997	0.001
0.997	0.001	0.001	0.001
0.001	0.001	0.997	0.001
0.997	0.001	0.001	0.001
>AATGGCATCGTA	14-AATGGCATCGTA	11.120694	-34.157553	0	T:13.0(0.23%),B:4.0(0.01%),P:1e-14	Tpos:62.2,Tstd:24.2,Bpos:64.2,Bstd:22.7,StrandBias:-0.2,Multiplicity:1.00
0.806	0.001	0.064	0.129
0.805	0.193	0.001	0.001
0.064	0.001	0.064	0.871
0.001	0.001	0.997	0.001
0.001	0.064	0.871	0.064
0.001	0.997	0.001	0.001
0.871	0.064	0.001	0.064
0.064	0.001	0.064	0.871
0.146	0.588	0.001	0.265
0.065	0.065	0.805	0.065
0.001	0.001	0.257	0.741
0.806	0.001	0.064	0.129
>GATGACGCACTT	15-GATGACGCACTT	11.426514	-33.836724	0	T:15.0(0.26%),B:5.3(0.01%),P:1e-14	Tpos:47.5,Tstd:25.5,Bpos:50.8,Bstd:35.4,StrandBias:0.4,Multiplicity:1.00
0.001	0.001	0.787	0.211
0.887	0.111	0.001	0.001
0.104	0.001	0.001	0.894
0.001	0.001	0.997	0.001
0.985	0.007	0.007	0.001
0.001	0.894	0.001	0.104
0.112	0.120	0.557	0.211
0.001	0.887	0.111	0.001
0.887	0.001	0.111	0.001
0.001	0.565	0.224	0.210
0.001	0.001	0.001	0.997
0.001	0.105	0.323	0.571
>CAACACCGCCAA	16-CAACACCGCCAA	8.485909	-33.646516	0	T:63.0(1.10%),B:137.9(0.34%),P:1e-14	Tpos:59.2,Tstd:22.6,Bpos:45.5,Bstd:28.4,StrandBias:-0.7,Multiplicity:1.00
0.046	0.885	0.023	0.046
0.885	0.046	0.046	0.023
0.814	0.136	0.046	0.004
0.023	0.931	0.023	0.023
0.838	0.001	0.069	0.092
0.046	0.745	0.116	0.093
0.116	0.722	0.069	0.093
0.093	0.046	0.768	0.093
0.046	0.862	0.069	0.023
0.069	0.907	0.001	0.023
0.908	0.046	0.023	0.023
0.752	0.086	0.069	0.093
>CGCCATTAAAGC	17-CGCCATTAAAGC	8.773307	-33.287482	0	T:39.0(0.68%),B:57.4(0.14%),P:1e-14	Tpos:57.9,Tstd:28.2,Bpos:53.3,Bstd:30.6,StrandBias:-0.7,Multiplicity:1.03
0.104	0.757	0.035	0.104
0.035	0.035	0.855	0.075
0.034	0.861	0.001	0.104
0.034	0.964	0.001	0.001
0.890	0.001	0.040	0.069
0.069	0.139	0.001	0.791
0.069	0.104	0.150	0.677
0.826	0.069	0.104	0.001
0.815	0.150	0.034	0.001
0.826	0.069	0.104	0.001
0.034	0.001	0.931	0.034
0.035	0.827	0.069	0.069
>TATCCGCCAGGC	18-TATCCGCCAGGC	10.157939	-31.707035	0	T:11.0(0.19%),B:2.8(0.01%),P:1e-13	Tpos:40.4,Tstd:22.1,Bpos:21.4,Bstd:10.2,StrandBias:0.0,Multiplicity:1.00
0.069	0.075	0.093	0.763
0.594	0.145	0.143	0.118
0.106	0.087	0.139	0.668
0.056	0.833	0.074	0.037
0.087	0.780	0.050	0.083
0.087	0.120	0.694	0.099
0.081	0.750	0.107	0.062
0.068	0.826	0.044	0.062
0.712	0.139	0.062	0.087
0.062	0.043	0.802	0.093
0.037	0.081	0.814	0.068
0.087	0.770	0.081	0.062
>CTAACGCCGCGG	19-CTAACGCCGCGG	13.724986	-30.576446	0	T:9.0(0.16%),B:0.0(0.00%),P:1e-13	Tpos:58.7,Tstd:22.7,Bpos:0.0,Bstd:0.0,StrandBias:-0.3,Multiplicity:1.00
0.001	0.874	0.124	0.001
0.001	0.124	0.001	0.874
0.874	0.001	0.124	0.001
0.874	0.001	0.124	0.001
0.001	0.874	0.124	0.001
0.001	0.001	0.997	0.001
0.001	0.997	0.001	0.001
0.001	0.997	0.001	0.001
0.001	0.001	0.874	0.124
0.001	0.997	0.001	0.001
0.124	0.001	0.874	0.001
0.001	0.001	0.997	0.001
>GTCACGTGACCG	20-GTCACGTGACCG	9.253554	-27.694995	0	T:37.0(0.65%),B:62.1(0.15%),P:1e-12	Tpos:39.4,Tstd:18.7,Bpos:53.6,Bstd:34.1,StrandBias:0.2,Multiplicity:1.05
0.001	0.081	0.890	0.028
0.027	0.110	0.054	0.809
0.027	0.945	0.027	0.001
0.891	0.054	0.001	0.054
0.027	0.809	0.082	0.082
0.055	0.027	0.891	0.027
0.054	0.001	0.081	0.864
0.001	0.027	0.918	0.054
0.889	0.001	0.083	0.027
0.054	0.809	0.055	0.082
0.082	0.606	0.148	0.164
0.055	0.172	0.691	0.082
>CAACTGGDGCGG	21-CAACTGGDGCGG	11.670950	-27.403795	0	T:12.0(0.21%),B:4.0(0.01%),P:1e-11	Tpos:45.9,Tstd:25.1,Bpos:59.1,Bstd:11.5,StrandBias:1.4,Multiplicity:1.00
0.001	0.861	0.069	0.069
0.861	0.137	0.001	0.001
0.652	0.001	0.278	0.069
0.001	0.572	0.151	0.276
0.001	0.013	0.222	0.764
0.001	0.001	0.997	0.001
0.001	0.137	0.861	0.001
0.364	0.069	0.222	0.345
0.001	0.001	0.997	0.001
0.001	0.861	0.069	0.069
0.001	0.001	0.930	0.068
0.001	0.001	0.997	0.001
>GAAGATGAGTAC	22-GAAGATGAGTAC	10.952165	-24.111019	0	T:10.0(0.17%),B:3.9(0.01%),P:1e-10	Tpos:43.3,Tstd:24.9,Bpos:64.4,Bstd:25.7,StrandBias:2.2,Multiplicity:1.10
0.171	0.028	0.716	0.085
0.915	0.028	0.001	0.056
0.913	0.001	0.085	0.001
0.056	0.028	0.888	0.028
0.803	0.056	0.085	0.056
0.028	0.028	0.056	0.888
0.028	0.056	0.915	0.001
0.829	0.001	0.169	0.001
0.058	0.028	0.886	0.028
0.085	0.056	0.114	0.745
0.744	0.002	0.085	0.169
0.056	0.773	0.085	0.086
>ACCGCCGTCGCT	23-ACCGCCGTCGCT	11.812450	-24.111019	0	T:10.0(0.17%),B:3.5(0.01%),P:1e-10	Tpos:70.6,Tstd:22.3,Bpos:39.0,Bstd:0.0,StrandBias:-1.8,Multiplicity:1.00
0.637	0.044	0.315	0.004
0.001	0.866	0.089	0.044
0.133	0.734	0.044	0.089
0.088	0.001	0.910	0.001
0.001	0.866	0.132	0.001
0.093	0.730	0.044	0.133
0.044	0.044	0.868	0.044
0.044	0.093	0.044	0.819
0.044	0.911	0.044	0.001
0.001	0.133	0.822	0.044
0.001	0.997	0.001	0.001
0.044	0.092	0.001	0.863
>TTTWAAAAAAAA	24-TTTWAAAAAAAA	9.582693	-22.240100	0	T:191.0(3.33%),B:836.5(2.05%),P:1e-9	Tpos:58.0,Tstd:28.4,Bpos:49.3,Bstd:30.5,StrandBias:-1.4,Multiplicity:1.04
0.190	0.033	0.052	0.725
0.105	0.001	0.150	0.744
0.365	0.001	0.001	0.633
0.486	0.001	0.001	0.512
0.769	0.053	0.001	0.177
0.722	0.001	0.001	0.276
0.751	0.090	0.096	0.063
0.775	0.011	0.085	0.129
0.679	0.032	0.283	0.006
0.715	0.001	0.139	0.145
0.747	0.153	0.091	0.009
0.873	0.001	0.125	0.001
>ATGGGATGCGAT	25-ATGGGATGCGAT	10.409522	-4.707037	0	T:2.0(0.03%),B:1.5(0.00%),P:1e-2	Tpos:37.1,Tstd:17.6,Bpos:67.3,Bstd:11.5,StrandBias:3.6,Multiplicity:1.50
0.700	0.100	0.100	0.100
0.100	0.100	0.100	0.700
0.100	0.100	0.700	0.100
0.100	0.100	0.700	0.100
0.100	0.100	0.700	0.100
0.700	0.100	0.100	0.100
0.100	0.100	0.100	0.700
0.100	0.100	0.700	0.100
0.100	0.700	0.100	0.100
0.100	0.100	0.700	0.100
0.700	0.100	0.100	0.100
0.100	0.100	0.100	0.700
>CCGGAA	1-CCGGAA	8.084587	-158.802343	0	T:377.0(6.57%),B:940.9(2.31%),P:1e-68	Tpos:45.1,Tstd:24.2,Bpos:49.9,Bstd:37.9,StrandBias:-0.2,Multiplicity:1.17
0.001	0.804	0.194	0.001
0.001	0.997	0.001	0.001
0.001	0.001	0.997	0.001
0.001	0.001	0.997	0.001
0.997	0.001	0.001	0.001
0.997	0.001	0.001	0.001
>TCCCCC	2-TCCCCC	4.936782	-94.811798	0	T:2353.0(41.04%),B:13236.3(32.51%),P:1e-41	Tpos:47.6,Tstd:24.5,Bpos:49.9,Bstd:32.3,StrandBias:-1.1,Multiplicity:1.56
0.001	0.187	0.001	0.811
0.066	0.798	0.001	0.135
0.001	0.997	0.001	0.001
0.001	0.768	0.001	0.230
0.001	0.997	0.001	0.001
0.001	0.997	0.001	0.001
>ATCATC	3-ATCATC	4.674800	-93.381639	0	T:1952.0(34.04%),B:10602.2(26.04%),P:1e-40	Tpos:52.2,Tstd:27.9,Bpos:49.9,Bstd:31.3,StrandBias:-0.7,Multiplicity:1.31
0.710	0.205	0.084	0.001
0.001	0.001	0.102	0.896
0.001	0.997	0.001	0.001
0.814	0.001	0.025	0.160
0.001	0.001	0.102	0.896
0.001	0.997	0.001	0.001
>AACGGC	4-AACGGC	3.880056	-90.858092	0	T:2676.0(46.67%),B:15507.2(38.09%),P:1e-39	Tpos:52.2,Tstd:27.9,Bpos:50.0,Bstd:32.3,StrandBias:-0.1,Multiplicity:1.40
0.997	0.001	0.001	0.001
0.791	0.030	0.145	0.034
0.129	0.869	0.001	0.001
0.162	0.065	0.628	0.145
0.024	0.109	0.811	0.056
0.021	0.977	0.001	0.001
>GCGGAA	5-GCGGAA	3.823197	-78.062325	0	T:2345.0(40.90%),B:13503.4(33.16%),P:1e-33	Tpos:52.5,Tstd:27.4,Bpos:50.2,Bstd:36.1,StrandBias:0.3,Multiplicity:1.40
0.152	0.001	0.548	0.299
0.172	0.826	0.001	0.001
0.001	0.388	0.610	0.001
0.001	0.108	0.603	0.288
0.659	0.001	0.001	0.339
0.577	0.421	0.001	0.001
>CGTCAT	6-CGTCAT	5.101745	-69.793323	0	T:673.0(11.74%),B:3025.3(7.43%),P:1e-30	Tpos:50.4,Tstd:27.0,Bpos:51.0,Bstd:34.4,StrandBias:-0.3,Multiplicity:1.17
0.001	0.972	0.026	0.001
0.057	0.057	0.836	0.050
0.020	0.144	0.034	0.802
0.022	0.955	0.001	0.022
0.962	0.001	0.036	0.001
0.067	0.278	0.075	0.580
>TCTTCA	7-TCTTCA	6.293845	-28.888164	0	T:1384.0(24.14%),B:8233.9(20.22%),P:1e-12	Tpos:52.9,Tstd:28.8,Bpos:49.6,Bstd:33.3,StrandBias:-0.7,Multiplicity:1.15
0.001	0.001	0.186	0.812
0.001	0.997	0.001	0.001
0.001	0.001	0.001	0.997
0.001	0.001	0.001	0.997
0.001	0.997	0.001	0.001
0.719	0.001	0.090	0.190
>GGTAAG	8-GGTAAG	6.200668	-24.591855	0	T:588.0(10.25%),B:3180.0(7.81%),P:1e-10	Tpos:57.4,Tstd:27.6,Bpos:50.1,Bstd:31.0,StrandBias:0.6,Multiplicity:1.06
0.001	0.001	0.997	0.001
0.001	0.001	0.997	0.001
0.001	0.001	0.001	0.997
0.997	0.001	0.001	0.001
0.842	0.001	0.156	0.001
0.001	0.217	0.781	0.001
>GCGCAT	9-GCGCAT	6.177716	-21.508678	0	T:127.0(2.21%),B:497.6(1.22%),P:1e-9	Tpos:44.0,Tstd:23.7,Bpos:50.5,Bstd:35.6,StrandBias:0.3,Multiplicity:1.32
0.100	0.100	0.700	0.100
0.100	0.700	0.100	0.100
0.100	0.100	0.700	0.100
0.100	0.700	0.100	0.100
0.700	0.100	0.100	0.100
0.100	0.100	0.100	0.700
>CTCTCG	10-CTCTCG	6.406071	-20.713327	0	T:501.0(8.74%),B:2715.5(6.67%),P:1e-8	Tpos:48.7,Tstd:26.3,Bpos:49.6,Bstd:37.9,StrandBias:-0.3,Multiplicity:1.11
0.001	0.777	0.001	0.221
0.001	0.001	0.001	0.997
0.001	0.997	0.001	0.001
0.001	0.001	0.321	0.677
0.001	0.997	0.001	0.001
0.001	0.001	0.997	0.001
>AYTTCCGS	1-AYTTCCGS	8.820990	-196.821238	0	T:245.0(4.27%),B:363.2(0.89%),P:1e-85	Tpos:44.2,Tstd:21.0,Bpos:50.9,Bstd:37.8,StrandBias:0.3,Multiplicity:1.14
0.571	0.001	0.417	0.011
0.001	0.447	0.001	0.551
0.001	0.001	0.001	0.997
0.001	0.001	0.001	0.997
0.001	0.997	0.001	0.001
0.001	0.997	0.001	0.001
0.001	0.001	0.997	0.001
0.001	0.435	0.563	0.001
>GGGGGGGA	2-GGGGGGGA	5.155505	-170.103310	0	T:2342.0(40.84%),B:12017.4(29.51%),P:1e-73	Tpos:45.7,Tstd:24.3,Bpos:49.8,Bstd:32.6,StrandBias:1.0,Multiplicity:1.51
0.160	0.001	0.749	0.090
0.198	0.001	0.800	0.001
0.029	0.001	0.969	0.001
0.001	0.168	0.744	0.087
0.186	0.064	0.749	0.001
0.315	0.001	0.657	0.027
0.344	0.001	0.542	0.113
0.682	0.001	0.316	0.001
>GAAGAGGA	3-GAAGAGGA	5.545193	-114.784167	0	T:1568.0(27.35%),B:7824.6(19.22%),P:1e-49	Tpos:54.2,Tstd:27.2,Bpos:50.2,Bstd:33.3,StrandBias:1.2,Multiplicity:1.16
0.101	0.071	0.770	0.058
0.797	0.063	0.094	0.046
0.626	0.047	0.186	0.141
0.041	0.084	0.855	0.020
0.881	0.046	0.035	0.038
0.251	0.049	0.512	0.188
0.085	0.070	0.800	0.045
0.761	0.079	0.090	0.070
>TTACGGCG	4-TTACGGCG	2.870287	-93.345786	0	T:2560.0(44.65%),B:14665.5(36.02%),P:1e-40	Tpos:51.4,Tstd:26.8,Bpos:50.5,Bstd:34.8,StrandBias:0.2,Multiplicity:1.37
0.169	0.094	0.111	0.626
0.115	0.120	0.142	0.623
0.576	0.131	0.157	0.136
0.121	0.597	0.132	0.150
0.140	0.105	0.604	0.151
0.122	0.136	0.621	0.121
0.102	0.691	0.100	0.107
0.084	0.136	0.663	0.117
>CGTTACCG	5-CGTTACCG	3.756738	-93.025331	0	T:1543.0(26.91%),B:7979.6(19.60%),P:1e-40	Tpos:52.2,Tstd:27.2,Bpos:50.6,Bstd:33.9,StrandBias:-0.2,Multiplicity:1.24
0.208	0.467	0.138	0.187
0.149	0.159	0.572	0.120
0.022	0.231	0.001	0.746
0.151	0.138	0.109	0.602
0.621	0.001	0.190	0.188
0.066	0.667	0.097	0.170
0.086	0.615	0.141	0.158
0.123	0.072	0.676	0.129
>TGGAGGAG	6-TGGAGGAG	5.191884	-89.526350	0	T:1301.0(22.69%),B:6520.1(16.01%),P:1e-38	Tpos:52.4,Tstd:25.9,Bpos:50.7,Bstd:30.0,StrandBias:1.0,Multiplicity:1.10
0.072	0.108	0.067	0.753
0.093	0.060	0.824	0.023
0.107	0.088	0.712	0.093
0.756	0.069	0.051	0.124
0.060	0.072	0.738	0.130
0.075	0.134	0.736	0.055
0.749	0.044	0.134	0.073
0.110	0.069	0.738	0.083
>CTADCAGC	7-CTADCAGC	5.067497	-70.145282	0	T:1347.0(23.49%),B:7107.6(17.46%),P:1e-30	Tpos:51.4,Tstd:27.9,Bpos:49.4,Bstd:29.4,StrandBias:-0.2,Multiplicity:1.13
0.001	0.481	0.231	0.287
0.169	0.216	0.151	0.464
0.901	0.001	0.001	0.097
0.343	0.148	0.217	0.292
0.001	0.997	0.001	0.001
0.702	0.078	0.087	0.133
0.001	0.152	0.806	0.041
0.035	0.825	0.139	0.001
>ATTGACGT	8-ATTGACGT	5.550470	-52.748258	0	T:236.0(4.12%),B:818.7(2.01%),P:1e-22	Tpos:48.0,Tstd:27.3,Bpos:50.3,Bstd:31.5,StrandBias:0.4,Multiplicity:1.01
0.717	0.056	0.164	0.063
0.060	0.072	0.193	0.675
0.065	0.080	0.066	0.789
0.114	0.060	0.725	0.101
0.783	0.047	0.106	0.064
0.055	0.823	0.093	0.029
0.061	0.107	0.831	0.001
0.129	0.094	0.112	0.665
>CCGCCAGT	9-CCGCCAGT	5.403403	-51.113263	0	T:584.0(10.18%),B:2734.5(6.72%),P:1e-22	Tpos:49.7,Tstd:26.8,Bpos:50.2,Bstd:28.6,StrandBias:-0.7,Multiplicity:1.03
0.070	0.718	0.075	0.137
0.144	0.690	0.074	0.092
0.055	0.117	0.700	0.128
0.104	0.687	0.109	0.100
0.030	0.865	0.059	0.046
0.846	0.023	0.092	0.039
0.134	0.146	0.665	0.055
0.124	0.017	0.021	0.838
>GTATSCKC	10-GTATSCKC	5.589307	-44.276688	0	T:573.0(9.99%),B:2760.2(6.78%),P:1e-19	Tpos:46.5,Tstd:26.8,Bpos:50.0,Bstd:33.9,StrandBias:-0.2,Multiplicity:1.08
0.024	0.001	0.802	0.173
0.273	0.236	0.001	0.489
0.470	0.247	0.282	0.001
0.001	0.001	0.172	0.826
0.085	0.403	0.511	0.001
0.135	0.840	0.024	0.001
0.037	0.039	0.479	0.445
0.182	0.515	0.178	0.125
>GGGTGAGT	11-GGGTGAGT	4.189686	-39.835304	0	T:802.0(13.99%),B:4221.9(10.37%),P:1e-17	Tpos:52.1,Tstd:26.7,Bpos:49.0,Bstd:28.8,StrandBias:1.0,Multiplicity:1.10
0.150	0.218	0.589	0.043
0.224	0.128	0.483	0.165
0.262	0.160	0.428	0.150
0.100	0.137	0.287	0.476
0.133	0.133	0.548	0.186
0.530	0.071	0.155	0.244
0.177	0.202	0.408	0.212
0.041	0.099	0.162	0.698
>GBTATAGG	12-GBTATAGG	6.037195	-38.484434	0	T:374.0(6.52%),B:1680.0(4.13%),P:1e-16	Tpos:49.3,Tstd:27.3,Bpos:49.2,Bstd:27.9,StrandBias:0.2,Multiplicity:1.02
0.001	0.001	0.653	0.345
0.046	0.386	0.237	0.332
0.001	0.001	0.015	0.983
0.649	0.001	0.213	0.137
0.001	0.287	0.001	0.711
0.544	0.289	0.166	0.001
0.001	0.001	0.997	0.001
0.079	0.365	0.555	0.001
>CGGTCCAT	13-CGGTCCAT	4.850596	-38.483295	0	T:593.0(10.34%),B:2964.7(7.28%),P:1e-16	Tpos:51.0,Tstd:27.8,Bpos:50.5,Bstd:31.6,StrandBias:-0.3,Multiplicity:1.10
0.047	0.831	0.029	0.093
0.108	0.106	0.758	0.028
0.120	0.059	0.769	0.052
0.073	0.026	0.097	0.804
0.123	0.676	0.094	0.107
0.056	0.712	0.154	0.078
0.742	0.080	0.061	0.117
0.128	0.053	0.106	0.713
>CATGCGCA	14-CATGCGCA	10.733346	-36.810529	0	T:39.0(0.68%),B:51.3(0.13%),P:1e-15	Tpos:38.3,Tstd:19.4,Bpos:53.4,Bstd:30.1,StrandBias:-0.3,Multiplicity:1.18
0.001	0.971	0.001	0.027
0.873	0.001	0.125	0.001
0.001	0.001	0.001	0.997
0.001	0.001	0.997	0.001
0.001	0.997	0.001	0.001
0.001	0.001	0.997	0.001
0.001	0.997	0.001	0.001
0.838	0.001	0.160	0.001
>GTCATCGT	15-GTCATCGT	6.335038	-36.174565	0	T:284.0(4.95%),B:1203.7(2.96%),P:1e-15	Tpos:51.4,Tstd:27.8,Bpos:49.7,Bstd:29.2,StrandBias:0.2,Multiplicity:1.01
0.371	0.017	0.611	0.001
0.023	0.001	0.397	0.579
0.090	0.888	0.001	0.021
0.900	0.001	0.098	0.001
0.013	0.001	0.132	0.854
0.141	0.685	0.043	0.131
0.066	0.244	0.579	0.111
0.165	0.069	0.047	0.719
>TGTGGTTG	16-TGTGGTTG	8.712643	-33.480108	0	T:121.0(2.11%),B:385.2(0.95%),P:1e-14	Tpos:47.6,Tstd:27.3,Bpos:51.4,Bstd:28.3,StrandBias:0.3,Multiplicity:1.00
0.001	0.001	0.001	0.997
0.001	0.001	0.815	0.183
0.001	0.001	0.001	0.997
0.001	0.001	0.997	0.001
0.001	0.001	0.997	0.001
0.001	0.001	0.001	0.997
0.147	0.001	0.001	0.851
0.001	0.212	0.786	0.001
>TMTCGCGA	17-TMTCGCGA	5.648210	-33.226166	0	T:191.0(3.33%),B:733.1(1.80%),P:1e-14	Tpos:49.0,Tstd:27.7,Bpos:50.3,Bstd:36.1,StrandBias:-0.3,Multiplicity:1.03
0.131	0.067	0.001	0.801
0.304	0.423	0.037	0.237
0.195	0.001	0.001	0.803
0.001	0.997	0.001	0.001
0.001	0.001	0.738	0.260
0.001	0.974	0.024	0.001
0.001	0.001	0.997	0.001
0.690	0.135	0.001	0.174
>CCGGAACA	18-CCGGAACA	7.244601	-29.475204	0	T:143.0(2.49%),B:517.1(1.27%),P:1e-12	Tpos:48.6,Tstd:28.5,Bpos:50.5,Bstd:35.5,StrandBias:-0.0,Multiplicity:1.02
0.001	0.934	0.057	0.008
0.034	0.803	0.117	0.046
0.001	0.011	0.953	0.035
0.030	0.001	0.968	0.001
0.882	0.001	0.116	0.001
0.935	0.001	0.063	0.001
0.047	0.699	0.253	0.001
0.878	0.042	0.022	0.058
>GCGASTAA	19-GCGASTAA	4.238917	-27.181619	0	T:177.0(3.09%),B:711.1(1.75%),P:1e-11	Tpos:51.8,Tstd:26.7,Bpos:51.2,Bstd:30.1,StrandBias:0.5,Multiplicity:1.03
0.046	0.236	0.636	0.082
0.154	0.497	0.117	0.232
0.175	0.208	0.571	0.046
0.441	0.196	0.261	0.101
0.206	0.220	0.362	0.212
0.087	0.166	0.150	0.597
0.512	0.178	0.228	0.082
0.432	0.176	0.122	0.269
>CCGATCCG	20-CCGATCCG	8.542717	-25.530626	0	T:71.0(1.24%),B:200.8(0.49%),P:1e-11	Tpos:37.9,Tstd:27.3,Bpos:51.0,Bstd:34.9,StrandBias:0.6,Multiplicity:1.06
0.001	0.997	0.001	0.001
0.001	0.810	0.188	0.001
0.359	0.001	0.639	0.001
0.997	0.001	0.001	0.001
0.001	0.001	0.001	0.997
0.001	0.905	0.093	0.001
0.301	0.697	0.001	0.001
0.001	0.001	0.997	0.001
>AYCGDACA	21-AYCGDACA	7.104314	-19.104185	0	T:49.0(0.85%),B:134.0(0.33%),P:1e-8	Tpos:52.4,Tstd:28.7,Bpos:52.4,Bstd:32.6,StrandBias:0.2,Multiplicity:1.00
0.724	0.001	0.274	0.001
0.001	0.484	0.001	0.514
0.001	0.997	0.001	0.001
0.001	0.001	0.997	0.001
0.363	0.001	0.359	0.277
0.590	0.001	0.001	0.408
0.129	0.602	0.268	0.001
0.738	0.260	0.001	0.001
>GGTCGAAA	22-GGTCGAAA	8.853899	-14.929433	0	T:18.0(0.31%),B:29.9(0.07%),P:1e-6	Tpos:55.4,Tstd:26.9,Bpos:60.6,Bstd:32.9,StrandBias:1.6,Multiplicity:1.00
0.001	0.001	0.997	0.001
0.001	0.221	0.777	0.001
0.001	0.001	0.001	0.997
0.001	0.997	0.001	0.001
0.001	0.001	0.997	0.001
0.997	0.001	0.001	0.001
0.997	0.001	0.001	0.001
0.858	0.001	0.001	0.140
>GTYCGATC	23-GTYCGATC	7.663320	-14.748653	0	T:27.0(0.47%),B:61.6(0.15%),P:1e-6	Tpos:52.5,Tstd:27.0,Bpos:49.8,Bstd:39.2,StrandBias:-0.7,Multiplicity:1.04
0.106	0.001	0.892	0.001
0.001	0.001	0.001	0.997
0.001	0.493	0.001	0.505
0.001	0.997	0.001	0.001
0.001	0.001	0.997	0.001
0.997	0.001	0.001	0.001
0.001	0.001	0.001	0.997
0.001	0.631	0.001	0.367
