>CCGGAAGYVG	1-CCGGAAGYVG	8.461223	-216.057593	0	T:233.0(4.06%),B:297.6(0.73%),P:1e-93	Tpos:45.9,Tstd:21.7,Bpos:52.3,Bstd:37.1,StrandBias:0.6,Multiplicity:1.12
0.001	0.594	0.404	0.001
0.027	0.934	0.038	0.001
0.001	0.001	0.917	0.081
0.001	0.001	0.997	0.001
0.871	0.084	0.013	0.032
0.960	0.019	0.020	0.001
0.306	0.019	0.674	0.001
0.165	0.385	0.001	0.450
0.265	0.201	0.351	0.183
0.208	0.203	0.378	0.211
>NCSCCGGAAA	2-NCSCCGGAAA	6.470366	-141.020388	0	T:368.0(6.42%),B:974.8(2.39%),P:1e-61	Tpos:47.2,Tstd:25.4,Bpos:49.4,Bstd:34.5,StrandBias:-0.1,Multiplicity:1.10
0.244	0.245	0.306	0.206
0.143	0.513	0.273	0.071
0.165	0.305	0.379	0.151
0.154	0.543	0.117	0.186
0.030	0.777	0.106	0.087
0.001	0.001	0.820	0.178
0.058	0.100	0.841	0.001
0.902	0.017	0.036	0.045
0.919	0.041	0.017	0.023
0.464	0.228	0.307	0.001
>GGGGGGRAAA	3-GGGGGGRAAA	3.846676	-114.113746	0	T:2879.0(50.21%),B:16511.9(40.48%),P:1e-49	Tpos:49.3,Tstd:23.0,Bpos:49.9,Bstd:30.5,StrandBias:1.2,Multiplicity:1.37
0.095	0.001	0.744	0.160
0.156	0.001	0.769	0.074
0.024	0.010	0.950	0.016
0.001	0.034	0.955	0.010
0.038	0.036	0.792	0.134
0.250	0.021	0.716	0.013
0.408	0.037	0.460	0.094
0.660	0.006	0.328	0.006
0.576	0.064	0.279	0.081
0.534	0.030	0.194	0.242
>AAGATGGCGG	4-AAGATGGCGG	9.220910	-110.224946	0	T:106.0(1.85%),B:119.9(0.29%),P:1e-47	Tpos:71.0,Tstd:20.1,Bpos:47.7,Bstd:33.3,StrandBias:1.3,Multiplicity:1.02
0.960	0.001	0.038	0.001
0.982	0.016	0.001	0.001
0.076	0.154	0.753	0.017
0.982	0.001	0.001	0.016
0.037	0.001	0.001	0.961
0.001	0.001	0.997	0.001
0.001	0.001	0.997	0.001
0.048	0.950	0.001	0.001
0.001	0.016	0.943	0.040
0.050	0.079	0.854	0.017
>TGCGCATGCG	5-TGCGCATGCG	8.571212	-100.886688	0	T:120.0(2.09%),B:171.7(0.42%),P:1e-43	Tpos:38.5,Tstd:19.6,Bpos:53.0,Bstd:35.9,StrandBias:-0.0,Multiplicity:1.09
0.056	0.154	0.114	0.676
0.123	0.047	0.783	0.047
0.053	0.849	0.063	0.035
0.084	0.053	0.833	0.030
0.035	0.890	0.023	0.052
0.700	0.093	0.065	0.142
0.121	0.075	0.037	0.767
0.023	0.058	0.833	0.086
0.065	0.785	0.095	0.055
0.047	0.055	0.892	0.006
>AAAGGGGCGG	6-AAAGGGGCGG	6.588679	-89.025186	0	T:512.0(8.93%),B:1962.4(4.81%),P:1e-38	Tpos:48.1,Tstd:26.7,Bpos:49.3,Bstd:33.5,StrandBias:1.0,Multiplicity:1.03
0.828	0.027	0.067	0.078
0.814	0.054	0.076	0.056
0.818	0.063	0.061	0.058
0.020	0.065	0.876	0.039
0.126	0.092	0.713	0.069
0.071	0.111	0.755	0.063
0.048	0.062	0.821	0.069
0.062	0.781	0.088	0.069
0.073	0.081	0.813	0.033
0.039	0.049	0.786	0.126
>CGATGATGAC	7-CGATGATGAC	4.846006	-84.104762	0	T:747.0(13.03%),B:3297.3(8.08%),P:1e-36	Tpos:48.4,Tstd:27.8,Bpos:51.1,Bstd:29.3,StrandBias:0.2,Multiplicity:1.07
0.098	0.622	0.131	0.149
0.110	0.098	0.679	0.113
0.688	0.106	0.103	0.103
0.102	0.090	0.100	0.708
0.079	0.082	0.758	0.081
0.698	0.093	0.121	0.088
0.095	0.087	0.118	0.700
0.079	0.103	0.744	0.074
0.696	0.108	0.084	0.112
0.091	0.710	0.097	0.102
>AAGAGGAGGA	8-AAGAGGAGGA	7.747198	-74.719189	0	T:458.0(7.99%),B:1793.6(4.40%),P:1e-32	Tpos:50.0,Tstd:24.9,Bpos:49.2,Bstd:33.7,StrandBias:1.6,Multiplicity:1.12
0.801	0.114	0.063	0.022
0.520	0.037	0.313	0.130
0.012	0.001	0.986	0.001
0.869	0.028	0.097	0.006
0.174	0.001	0.683	0.142
0.006	0.029	0.964	0.001
0.844	0.035	0.074	0.047
0.253	0.001	0.561	0.185
0.062	0.023	0.898	0.017
0.880	0.049	0.047	0.024
>TCTTTCCGGT	9-TCTTTCCGGT	6.904938	-68.119878	0	T:255.0(4.45%),B:817.4(2.00%),P:1e-29	Tpos:46.2,Tstd:26.2,Bpos:46.8,Bstd:32.5,StrandBias:0.0,Multiplicity:1.03
0.024	0.281	0.198	0.497
0.014	0.657	0.025	0.304
0.001	0.326	0.001	0.672
0.042	0.111	0.028	0.819
0.092	0.020	0.020	0.868
0.014	0.911	0.028	0.047
0.141	0.688	0.085	0.086
0.011	0.057	0.931	0.001
0.001	0.101	0.876	0.022
0.191	0.088	0.008	0.713
>GCCGATTGGC	10-GCCGATTGGC	9.114963	-65.696721	0	T:47.0(0.82%),B:36.6(0.09%),P:1e-28	Tpos:35.6,Tstd:24.0,Bpos:51.7,Bstd:38.6,StrandBias:-0.1,Multiplicity:1.02
0.001	0.062	0.587	0.350
0.001	0.925	0.073	0.001
0.001	0.879	0.062	0.058
0.062	0.001	0.587	0.350
0.875	0.001	0.062	0.062
0.063	0.063	0.011	0.863
0.001	0.001	0.001	0.997
0.001	0.001	0.997	0.001
0.001	0.062	0.936	0.001
0.001	0.936	0.062	0.001
>YWTGGCGGMG	11-YWTGGCGGMG	6.074776	-60.433838	0	T:484.0(8.44%),B:2064.0(5.06%),P:1e-26	Tpos:56.9,Tstd:26.2,Bpos:49.9,Bstd:32.5,StrandBias:0.8,Multiplicity:1.04
0.001	0.390	0.144	0.465
0.514	0.093	0.001	0.392
0.001	0.001	0.001	0.997
0.001	0.031	0.706	0.262
0.180	0.024	0.672	0.124
0.257	0.741	0.001	0.001
0.048	0.237	0.714	0.001
0.087	0.124	0.692	0.097
0.470	0.331	0.134	0.064
0.001	0.032	0.680	0.287
>GGAACTGGAT	12-GGAACTGGAT	6.556540	-55.912383	0	T:457.0(7.97%),B:1960.8(4.81%),P:1e-24	Tpos:50.8,Tstd:27.4,Bpos:50.3,Bstd:30.3,StrandBias:0.7,Multiplicity:1.04
0.082	0.046	0.805	0.067
0.038	0.047	0.869	0.046
0.736	0.101	0.080	0.083
0.820	0.054	0.053	0.073
0.074	0.771	0.068	0.087
0.081	0.053	0.072	0.794
0.043	0.059	0.818	0.080
0.047	0.036	0.845	0.072
0.800	0.084	0.042	0.074
0.095	0.069	0.093	0.743
>GCGTCACGTG	13-GCGTCACGTG	9.355944	-49.537642	0	T:40.0(0.70%),B:37.4(0.09%),P:1e-21	Tpos:32.8,Tstd:22.6,Bpos:53.5,Bstd:33.8,StrandBias:-0.5,Multiplicity:1.05
0.031	0.061	0.877	0.031
0.172	0.577	0.250	0.001
0.031	0.022	0.916	0.031
0.001	0.001	0.001	0.997
0.001	0.997	0.001	0.001
0.968	0.001	0.001	0.030
0.001	0.997	0.001	0.001
0.001	0.010	0.988	0.001
0.001	0.131	0.031	0.837
0.001	0.001	0.968	0.030
>HGTCACTBAC	14-HGTCACTBAC	8.162125	-47.203611	0	T:118.0(2.06%),B:307.4(0.75%),P:1e-20	Tpos:47.7,Tstd:25.6,Bpos:52.2,Bstd:27.3,StrandBias:-0.4,Multiplicity:1.02
0.324	0.311	0.001	0.364
0.061	0.015	0.923	0.001
0.420	0.001	0.001	0.578
0.085	0.913	0.001	0.001
0.962	0.001	0.001	0.036
0.001	0.735	0.165	0.099
0.061	0.001	0.001	0.937
0.001	0.382	0.377	0.240
0.671	0.189	0.026	0.114
0.084	0.744	0.171	0.001
>ACTCTCGCGA	15-ACTCTCGCGA	8.956833	-45.406025	0	T:29.0(0.51%),B:19.1(0.05%),P:1e-19	Tpos:36.9,Tstd:23.3,Bpos:51.3,Bstd:36.0,StrandBias:-1.8,Multiplicity:1.00
0.905	0.001	0.049	0.045
0.249	0.576	0.174	0.001
0.045	0.001	0.045	0.909
0.044	0.954	0.001	0.001
0.001	0.044	0.001	0.954
0.001	0.954	0.044	0.001
0.001	0.001	0.954	0.044
0.001	0.997	0.001	0.001
0.045	0.045	0.909	0.001
0.968	0.001	0.030	0.001
>GGGGGGCGGG	16-GGGGGGCGGG	9.108939	-44.094537	0	T:460.0(8.02%),B:2108.1(5.17%),P:1e-19	Tpos:34.7,Tstd:22.1,Bpos:48.0,Bstd:36.2,StrandBias:0.7,Multiplicity:1.17
0.221	0.192	0.586	0.001
0.001	0.316	0.682	0.001
0.227	0.029	0.466	0.278
0.401	0.001	0.597	0.001
0.001	0.001	0.997	0.001
0.001	0.001	0.997	0.001
0.323	0.583	0.001	0.093
0.001	0.001	0.843	0.155
0.001	0.001	0.997	0.001
0.001	0.001	0.997	0.001
>CGACAGCCAA	17-CGACAGCCAA	6.817027	-42.426560	0	T:265.0(4.62%),B:1045.3(2.56%),P:1e-18	Tpos:51.3,Tstd:27.2,Bpos:50.4,Bstd:28.5,StrandBias:-0.1,Multiplicity:1.03
0.073	0.718	0.119	0.090
0.069	0.089	0.712	0.130
0.718	0.067	0.143	0.072
0.065	0.835	0.073	0.027
0.830	0.046	0.051	0.073
0.042	0.064	0.844	0.050
0.056	0.845	0.056	0.043
0.041	0.883	0.061	0.015
0.781	0.084	0.053	0.082
0.838	0.047	0.059	0.056
>TAGTGGAGGA	18-TAGTGGAGGA	6.662090	-38.408548	0	T:346.0(6.03%),B:1526.3(3.74%),P:1e-16	Tpos:52.5,Tstd:26.3,Bpos:49.7,Bstd:30.0,StrandBias:1.1,Multiplicity:1.01
0.052	0.110	0.056	0.782
0.832	0.052	0.076	0.040
0.048	0.104	0.751	0.097
0.071	0.058	0.041	0.830
0.117	0.026	0.789	0.068
0.074	0.072	0.791	0.063
0.840	0.042	0.027	0.091
0.086	0.053	0.806	0.055
0.067	0.048	0.791	0.094
0.792	0.104	0.056	0.048
>CAGCAGCAGC	19-CAGCAGCAGC	6.576662	-36.583824	0	T:657.0(11.46%),B:3390.9(8.31%),P:1e-15	Tpos:53.6,Tstd:26.9,Bpos:48.9,Bstd:32.0,StrandBias:0.2,Multiplicity:1.15
0.060	0.800	0.080	0.060
0.785	0.055	0.064	0.096
0.070	0.068	0.797	0.065
0.043	0.834	0.077	0.046
0.729	0.107	0.082	0.082
0.066	0.049	0.839	0.046
0.046	0.823	0.074	0.057
0.739	0.044	0.097	0.120
0.073	0.060	0.805	0.062
0.041	0.854	0.034	0.071
>TTTATCAGGA	20-TTTATCAGGA	7.651967	-32.700512	0	T:60.0(1.05%),B:129.7(0.32%),P:1e-14	Tpos:52.3,Tstd:29.0,Bpos:46.2,Bstd:30.5,StrandBias:1.2,Multiplicity:1.00
0.041	0.112	0.066	0.781
0.156	0.144	0.036	0.664
0.145	0.181	0.144	0.530
0.677	0.272	0.031	0.020
0.234	0.157	0.107	0.502
0.059	0.607	0.026	0.308
0.596	0.145	0.025	0.234
0.064	0.025	0.868	0.043
0.129	0.109	0.608	0.154
0.519	0.050	0.175	0.256
>CGACGGACTG	21-CGACGGACTG	8.889763	-32.591538	0	T:17.0(0.30%),B:8.6(0.02%),P:1e-14	Tpos:67.0,Tstd:18.9,Bpos:37.7,Bstd:14.2,StrandBias:0.2,Multiplicity:1.00
0.105	0.789	0.105	0.001
0.001	0.105	0.789	0.105
0.992	0.001	0.006	0.001
0.001	0.894	0.001	0.104
0.001	0.001	0.997	0.001
0.001	0.104	0.894	0.001
0.959	0.001	0.020	0.020
0.105	0.789	0.001	0.105
0.001	0.001	0.104	0.894
0.001	0.001	0.997	0.001
>HGKTGGTGST	22-HGKTGGTGST	6.090140	-28.847677	0	T:185.0(3.23%),B:740.7(1.82%),P:1e-12	Tpos:49.7,Tstd:25.2,Bpos:51.5,Bstd:27.8,StrandBias:1.6,Multiplicity:1.00
0.260	0.326	0.175	0.240
0.278	0.028	0.485	0.208
0.022	0.222	0.323	0.433
0.118	0.241	0.039	0.602
0.205	0.020	0.647	0.128
0.158	0.035	0.779	0.028
0.287	0.124	0.134	0.456
0.029	0.023	0.913	0.035
0.146	0.243	0.386	0.226
0.212	0.118	0.211	0.459
>TTTTTTTWAA	23-TTTTTTTWAA	7.740919	-27.656220	0	T:290.0(5.06%),B:1334.3(3.27%),P:1e-12	Tpos:53.1,Tstd:30.6,Bpos:48.4,Bstd:29.7,StrandBias:1.4,Multiplicity:1.06
0.034	0.122	0.112	0.732
0.024	0.161	0.035	0.780
0.138	0.111	0.060	0.691
0.096	0.050	0.128	0.726
0.178	0.122	0.024	0.676
0.119	0.099	0.018	0.764
0.055	0.035	0.183	0.727
0.490	0.013	0.147	0.351
0.623	0.106	0.014	0.257
0.519	0.159	0.160	0.162
>CGGATGGGAG	24-CGGATGGGAG	11.043724	-24.609129	0	T:14.0(0.24%),B:8.8(0.02%),P:1e-10	Tpos:51.8,Tstd:30.7,Bpos:66.4,Bstd:24.4,StrandBias:3.6,Multiplicity:1.86
0.001	0.997	0.001	0.001
0.001	0.001	0.997	0.001
0.001	0.078	0.920	0.001
0.997	0.001	0.001	0.001
0.001	0.001	0.001	0.997
0.001	0.001	0.997	0.001
0.078	0.001	0.920	0.001
0.078	0.001	0.920	0.001
0.920	0.001	0.001	0.078
0.001	0.001	0.997	0.001
>CAAGATCATC	25-CAAGATCATC	9.088595	-23.685959	0	T:13.0(0.23%),B:7.7(0.02%),P:1e-10	Tpos:54.8,Tstd:25.3,Bpos:46.6,Bstd:15.5,StrandBias:-1.4,Multiplicity:1.00
0.001	0.997	0.001	0.001
0.997	0.001	0.001	0.001
0.905	0.093	0.001	0.001
0.001	0.001	0.997	0.001
0.997	0.001	0.001	0.001
0.001	0.001	0.093	0.905
0.001	0.997	0.001	0.001
0.997	0.001	0.001	0.001
0.001	0.001	0.001	0.997
0.001	0.997	0.001	0.001
>GGCACTTCCGGY	1-GGCACTTCCGGY	6.230982	-167.384612	0	T:245.0(4.27%),B:424.9(1.04%),P:1e-72	Tpos:45.4,Tstd:21.8,Bpos:50.1,Bstd:36.7,StrandBias:-0.8,Multiplicity:1.11
0.203	0.261	0.451	0.086
0.103	0.258	0.441	0.198
0.068	0.864	0.051	0.017
0.948	0.001	0.050	0.001
0.001	0.982	0.001	0.016
0.001	0.001	0.001	0.997
0.001	0.001	0.001	0.997
0.001	0.997	0.001	0.001
0.001	0.997	0.001	0.001
0.001	0.033	0.965	0.001
0.085	0.299	0.565	0.051
0.119	0.328	0.193	0.359
>AAGATGGCGGCB	2-AAGATGGCGGCB	9.448005	-145.049819	0	T:117.0(2.04%),B:104.9(0.26%),P:1e-62	Tpos:71.5,Tstd:20.7,Bpos:49.3,Bstd:31.5,StrandBias:1.5,Multiplicity:1.02
0.925	0.001	0.073	0.001
0.996	0.001	0.002	0.001
0.146	0.184	0.669	0.001
0.963	0.035	0.001	0.001
0.001	0.001	0.001	0.997
0.001	0.001	0.997	0.001
0.001	0.001	0.997	0.001
0.074	0.889	0.036	0.001
0.001	0.037	0.899	0.063
0.036	0.230	0.733	0.001
0.183	0.671	0.036	0.110
0.075	0.364	0.306	0.255
>MWGGGGVRGMVH	3-MWGGGGVRGMVH	5.758820	-123.951023	0	T:1835.0(32.00%),B:9395.3(23.03%),P:1e-53	Tpos:51.2,Tstd:24.1,Bpos:49.9,Bstd:29.7,StrandBias:1.0,Multiplicity:1.15
0.293	0.442	0.264	0.002
0.542	0.001	0.001	0.456
0.001	0.004	0.883	0.112
0.222	0.065	0.639	0.074
0.163	0.001	0.835	0.001
0.001	0.002	0.996	0.001
0.335	0.238	0.273	0.154
0.417	0.117	0.420	0.047
0.233	0.043	0.723	0.001
0.443	0.295	0.072	0.190
0.216	0.283	0.336	0.165
0.358	0.271	0.119	0.252
>GCGCATGCGCAG	4-GCGCATGCGCAG	5.569187	-93.953949	0	T:114.0(1.99%),B:166.5(0.41%),P:1e-40	Tpos:39.0,Tstd:19.0,Bpos:51.5,Bstd:35.9,StrandBias:0.3,Multiplicity:1.07
0.001	0.001	0.997	0.001
0.001	0.997	0.001	0.001
0.001	0.001	0.997	0.001
0.001	0.997	0.001	0.001
0.997	0.001	0.001	0.001
0.001	0.001	0.001	0.997
0.001	0.001	0.997	0.001
0.001	0.997	0.001	0.001
0.001	0.001	0.997	0.001
0.001	0.997	0.001	0.001
0.739	0.001	0.259	0.001
0.062	0.322	0.615	0.001
>AGGCCCCGCCCC	5-AGGCCCCGCCCC	11.256478	-77.733043	0	T:133.0(2.32%),B:264.4(0.65%),P:1e-33	Tpos:30.2,Tstd:18.5,Bpos:55.5,Bstd:34.7,StrandBias:-0.5,Multiplicity:1.05
0.508	0.180	0.074	0.238
0.091	0.128	0.720	0.061
0.001	0.001	0.856	0.142
0.001	0.674	0.030	0.295
0.001	0.760	0.001	0.238
0.020	0.919	0.060	0.001
0.001	0.997	0.001	0.001
0.241	0.001	0.757	0.001
0.001	0.997	0.001	0.001
0.001	0.997	0.001	0.001
0.121	0.749	0.091	0.039
0.001	0.853	0.023	0.123
>GAGGAGGAGGAG	6-GAGGAGGAGGAG	8.867352	-68.780834	0	T:315.0(5.49%),B:1103.5(2.70%),P:1e-29	Tpos:48.0,Tstd:24.0,Bpos:48.6,Bstd:31.5,StrandBias:1.3,Multiplicity:1.13
0.082	0.047	0.854	0.017
0.810	0.051	0.068	0.071
0.080	0.027	0.846	0.047
0.049	0.063	0.856	0.032
0.783	0.034	0.130	0.053
0.089	0.056	0.805	0.050
0.051	0.060	0.873	0.016
0.826	0.044	0.084	0.046
0.105	0.041	0.822	0.032
0.052	0.069	0.850	0.029
0.856	0.036	0.070	0.038
0.089	0.046	0.824	0.041
>GAWGAWGAWGAY	7-GAWGAWGAWGAY	9.583156	-67.857416	0	T:163.0(2.84%),B:411.7(1.01%),P:1e-29	Tpos:55.2,Tstd:27.3,Bpos:51.1,Bstd:33.9,StrandBias:2.3,Multiplicity:1.06
0.256	0.001	0.742	0.001
0.742	0.001	0.256	0.001
0.499	0.001	0.126	0.374
0.024	0.001	0.974	0.001
0.584	0.235	0.180	0.001
0.485	0.001	0.151	0.362
0.113	0.001	0.861	0.025
0.997	0.001	0.001	0.001
0.515	0.001	0.025	0.459
0.001	0.001	0.997	0.001
0.771	0.227	0.001	0.001
0.166	0.256	0.198	0.380
>GGGGGGGGGGGG	8-GGGGGGGGGGGG	6.478284	-56.045317	0	T:789.0(13.76%),B:3889.6(9.53%),P:1e-24	Tpos:45.9,Tstd:19.7,Bpos:48.8,Bstd:29.5,StrandBias:1.5,Multiplicity:1.11
0.053	0.118	0.500	0.329
0.001	0.012	0.663	0.324
0.001	0.040	0.735	0.224
0.004	0.007	0.711	0.278
0.010	0.001	0.972	0.017
0.024	0.001	0.934	0.041
0.001	0.001	0.997	0.001
0.145	0.092	0.670	0.093
0.159	0.059	0.678	0.104
0.231	0.010	0.678	0.081
0.085	0.001	0.873	0.041
0.034	0.008	0.907	0.051
>CAGCCAATCGGC	9-CAGCCAATCGGC	13.036303	-51.260127	0	T:16.0(0.28%),B:2.3(0.01%),P:1e-22	Tpos:40.7,Tstd:26.3,Bpos:37.6,Bstd:19.6,StrandBias:-0.2,Multiplicity:1.00
0.001	0.997	0.001	0.001
0.923	0.075	0.001	0.001
0.001	0.001	0.997	0.001
0.001	0.997	0.001	0.001
0.001	0.997	0.001	0.001
0.997	0.001	0.001	0.001
0.997	0.001	0.001	0.001
0.001	0.001	0.075	0.923
0.176	0.747	0.076	0.001
0.291	0.076	0.632	0.001
0.001	0.075	0.923	0.001
0.075	0.923	0.001	0.001
>TCTCGCGAGATT	10-TCTCGCGAGATT	11.754957	-48.605312	0	T:17.0(0.30%),B:3.4(0.01%),P:1e-21	Tpos:29.6,Tstd:15.4,Bpos:37.4,Bstd:37.2,StrandBias:1.9,Multiplicity:1.00
0.001	0.133	0.001	0.865
0.133	0.865	0.001	0.001
0.133	0.001	0.001	0.865
0.001	0.997	0.001	0.001
0.001	0.001	0.997	0.001
0.001	0.997	0.001	0.001
0.001	0.001	0.997	0.001
0.733	0.001	0.133	0.133
0.001	0.001	0.997	0.001
0.997	0.001	0.001	0.001
0.001	0.173	0.001	0.825
0.133	0.158	0.001	0.708
>GTCACGTGACSG	11-GTCACGTGACSG	9.246173	-44.506733	0	T:50.0(0.87%),B:69.2(0.17%),P:1e-19	Tpos:35.4,Tstd:23.0,Bpos:55.1,Bstd:37.9,StrandBias:0.3,Multiplicity:1.04
0.001	0.122	0.876	0.001
0.082	0.123	0.083	0.712
0.001	0.997	0.001	0.001
0.836	0.001	0.082	0.081
0.001	0.956	0.042	0.001
0.040	0.001	0.958	0.001
0.001	0.041	0.082	0.876
0.001	0.001	0.958	0.040
0.665	0.043	0.291	0.001
0.125	0.584	0.249	0.042
0.123	0.332	0.461	0.083
0.041	0.171	0.624	0.164
>GAAGTCCCGCCT	12-GAAGTCCCGCCT	13.301512	-43.234336	0	T:14.0(0.24%),B:2.6(0.01%),P:1e-18	Tpos:34.0,Tstd:23.9,Bpos:44.0,Bstd:0.0,StrandBias:0.2,Multiplicity:1.00
0.087	0.001	0.911	0.001
0.997	0.001	0.001	0.001
0.911	0.001	0.087	0.001
0.001	0.001	0.997	0.001
0.001	0.204	0.001	0.794
0.001	0.911	0.087	0.001
0.001	0.911	0.001	0.087
0.001	0.911	0.087	0.001
0.087	0.001	0.911	0.001
0.001	0.997	0.001	0.001
0.001	0.911	0.001	0.087
0.001	0.087	0.001	0.911
>GCTGCTGCTGYT	13-GCTGCTGCTGYT	5.784490	-42.971035	0	T:919.0(16.03%),B:4903.8(12.02%),P:1e-18	Tpos:52.9,Tstd:26.9,Bpos:49.2,Bstd:30.2,StrandBias:-0.3,Multiplicity:1.12
0.074	0.113	0.700	0.113
0.068	0.741	0.107	0.084
0.162	0.073	0.072	0.693
0.023	0.098	0.796	0.083
0.037	0.787	0.091	0.085
0.106	0.052	0.060	0.782
0.026	0.113	0.741	0.120
0.051	0.759	0.094	0.096
0.170	0.060	0.058	0.712
0.050	0.145	0.655	0.150
0.045	0.450	0.100	0.405
0.086	0.121	0.182	0.611
>GTGACGTCATCA	14-GTGACGTCATCA	11.543018	-37.080201	0	T:15.0(0.26%),B:4.9(0.01%),P:1e-16	Tpos:42.4,Tstd:22.9,Bpos:38.6,Bstd:19.3,StrandBias:-0.4,Multiplicity:1.00
0.240	0.080	0.592	0.088
0.079	0.001	0.001	0.919
0.001	0.001	0.997	0.001
0.919	0.001	0.079	0.001
0.160	0.680	0.080	0.080
0.001	0.001	0.997	0.001
0.001	0.079	0.001	0.919
0.001	0.997	0.001	0.001
0.919	0.079	0.001	0.001
0.001	0.239	0.001	0.759
0.001	0.919	0.001	0.079
0.888	0.096	0.008	0.008
>TTTTTTTTTCCC	15-TTTTTTTTTCCC	11.281602	-35.715548	0	T:162.0(2.83%),B:569.8(1.40%),P:1e-15	Tpos:55.7,Tstd:28.0,Bpos:49.4,Bstd:30.7,StrandBias:1.6,Multiplicity:1.01
0.096	0.001	0.001	0.902
0.001	0.001	0.001	0.997
0.140	0.001	0.001	0.858
0.001	0.108	0.001	0.890
0.001	0.001	0.001	0.997
0.001	0.001	0.001	0.997
0.001	0.001	0.001	0.997
0.001	0.001	0.001	0.997
0.001	0.303	0.001	0.695
0.001	0.586	0.001	0.412
0.164	0.612	0.001	0.223
0.138	0.860	0.001	0.001
>ACGGCTTTTCCG	16-ACGGCTTTTCCG	9.836397	-33.805402	0	T:24.0(0.42%),B:19.7(0.05%),P:1e-14	Tpos:50.2,Tstd:25.3,Bpos:57.7,Bstd:44.5,StrandBias:0.5,Multiplicity:1.00
0.727	0.057	0.054	0.162
0.057	0.835	0.054	0.054
0.054	0.054	0.784	0.108
0.001	0.057	0.834	0.108
0.001	0.997	0.001	0.001
0.001	0.108	0.165	0.726
0.001	0.108	0.162	0.729
0.001	0.108	0.054	0.837
0.053	0.001	0.001	0.945
0.001	0.891	0.107	0.001
0.108	0.834	0.001	0.057
0.057	0.057	0.885	0.001
>CTTCCGGTCGCG	17-CTTCCGGTCGCG	11.209059	-33.383067	0	T:18.0(0.31%),B:9.3(0.02%),P:1e-14	Tpos:32.9,Tstd:19.2,Bpos:20.0,Bstd:0.0,StrandBias:-0.6,Multiplicity:1.00
0.001	0.915	0.042	0.042
0.001	0.083	0.001	0.915
0.042	0.139	0.084	0.735
0.042	0.873	0.084	0.001
0.087	0.829	0.042	0.042
0.001	0.084	0.873	0.042
0.001	0.083	0.915	0.001
0.042	0.129	0.042	0.787
0.001	0.828	0.045	0.126
0.042	0.181	0.690	0.087
0.001	0.831	0.126	0.042
0.084	0.003	0.829	0.084
>TATTTTAGGGGG	18-TATTTTAGGGGG	9.558753	-32.231680	0	T:53.0(0.92%),B:105.0(0.26%),P:1e-13	Tpos:54.1,Tstd:16.5,Bpos:46.4,Bstd:23.8,StrandBias:3.2,Multiplicity:1.00
0.112	0.056	0.001	0.831
0.682	0.056	0.112	0.150
0.037	0.037	0.019	0.907
0.019	0.019	0.037	0.925
0.056	0.019	0.037	0.888
0.037	0.056	0.056	0.851
0.755	0.019	0.112	0.114
0.074	0.001	0.851	0.074
0.075	0.019	0.869	0.037
0.131	0.001	0.756	0.112
0.096	0.019	0.848	0.037
0.058	0.037	0.849	0.056
>GTGGTGATGATG	19-GTGGTGATGATG	9.155036	-29.571943	0	T:70.0(1.22%),B:179.5(0.44%),P:1e-12	Tpos:45.6,Tstd:22.9,Bpos:50.1,Bstd:26.8,StrandBias:2.1,Multiplicity:1.04
0.137	0.001	0.839	0.023
0.069	0.001	0.140	0.790
0.001	0.001	0.953	0.045
0.115	0.001	0.816	0.068
0.069	0.038	0.001	0.892
0.069	0.046	0.839	0.046
0.577	0.137	0.168	0.118
0.115	0.001	0.001	0.883
0.024	0.069	0.838	0.069
0.671	0.023	0.259	0.047
0.092	0.047	0.069	0.792
0.080	0.023	0.896	0.001
>CCTGGATTGGTG	20-CCTGGATTGGTG	13.702315	-28.056858	0	T:10.0(0.17%),B:2.6(0.01%),P:1e-12	Tpos:41.7,Tstd:26.8,Bpos:39.1,Bstd:18.4,StrandBias:1.2,Multiplicity:1.00
0.001	0.997	0.001	0.001
0.001	0.874	0.124	0.001
0.001	0.001	0.124	0.874
0.001	0.001	0.997	0.001
0.001	0.001	0.997	0.001
0.749	0.125	0.125	0.001
0.124	0.001	0.001	0.874
0.001	0.001	0.001	0.997
0.001	0.001	0.874	0.124
0.001	0.124	0.874	0.001
0.001	0.001	0.001	0.997
0.001	0.001	0.997	0.001
>GCGGATGRGAGA	21-GCGGATGRGAGA	12.728953	-22.386397	0	T:7.0(0.12%),B:1.0(0.00%),P:1e-9	Tpos:53.1,Tstd:32.5,Bpos:29.0,Bstd:0.0,StrandBias:3.6,Multiplicity:1.86
0.001	0.182	0.635	0.182
0.001	0.628	0.001	0.370
0.001	0.001	0.997	0.001
0.001	0.188	0.629	0.182
0.997	0.001	0.001	0.001
0.181	0.001	0.001	0.817
0.001	0.001	0.997	0.001
0.552	0.001	0.446	0.001
0.001	0.001	0.997	0.001
0.997	0.001	0.001	0.001
0.001	0.001	0.997	0.001
0.817	0.181	0.001	0.001
>GCCAATCGCCGC	22-GCCAATCGCCGC	8.463612	-22.181227	0	T:63.0(1.10%),B:181.3(0.44%),P:1e-9	Tpos:47.4,Tstd:26.6,Bpos:53.9,Bstd:41.3,StrandBias:-0.7,Multiplicity:1.00
0.100	0.100	0.700	0.100
0.100	0.700	0.100	0.100
0.100	0.700	0.100	0.100
0.700	0.100	0.100	0.100
0.700	0.100	0.100	0.100
0.100	0.100	0.100	0.700
0.100	0.700	0.100	0.100
0.100	0.100	0.700	0.100
0.100	0.700	0.100	0.100
0.100	0.700	0.100	0.100
0.100	0.100	0.700	0.100
0.100	0.700	0.100	0.100
>ACAGGACGCGCC	23-ACAGGACGCGCC	10.409522	-20.957883	0	T:9.0(0.16%),B:3.2(0.01%),P:1e-9	Tpos:50.6,Tstd:18.7,Bpos:73.3,Bstd:7.9,StrandBias:-2.6,Multiplicity:1.00
0.700	0.100	0.100	0.100
0.100	0.700	0.100	0.100
0.700	0.100	0.100	0.100
0.100	0.100	0.700	0.100
0.100	0.100	0.700	0.100
0.700	0.100	0.100	0.100
0.100	0.700	0.100	0.100
0.100	0.100	0.700	0.100
0.100	0.700	0.100	0.100
0.100	0.100	0.700	0.100
0.100	0.700	0.100	0.100
0.100	0.700	0.100	0.100
>GGGCGGGCCCGA	24-GGGCGGGCCCGA	12.682941	-19.189354	0	T:21.0(0.37%),B:30.8(0.08%),P:1e-8	Tpos:31.4,Tstd:21.1,Bpos:69.6,Bstd:15.6,StrandBias:0.6,Multiplicity:1.06
0.054	0.001	0.891	0.054
0.001	0.001	0.997	0.001
0.001	0.054	0.891	0.054
0.001	0.944	0.001	0.054
0.054	0.001	0.944	0.001
0.001	0.001	0.944	0.054
0.001	0.001	0.997	0.001
0.001	0.944	0.054	0.001
0.001	0.944	0.054	0.001
0.001	0.997	0.001	0.001
0.001	0.054	0.944	0.001
0.603	0.209	0.187	0.001
>TGCTGCTGCTGC	25-TGCTGCTGCTGC	7.643524	-13.756070	0	T:172.0(3.00%),B:835.0(2.05%),P:1e-5	Tpos:56.2,Tstd:27.3,Bpos:47.2,Bstd:30.0,StrandBias:0.3,Multiplicity:1.02
0.018	0.032	0.024	0.926
0.060	0.076	0.745	0.119
0.078	0.720	0.101	0.101
0.078	0.113	0.069	0.740
0.143	0.078	0.683	0.096
0.148	0.661	0.060	0.131
0.072	0.136	0.133	0.659
0.107	0.084	0.684	0.125
0.139	0.741	0.084	0.036
0.066	0.066	0.096	0.772
0.018	0.066	0.862	0.054
0.078	0.808	0.084	0.030
>CGGAAA	1-CGGAAA	4.365943	-97.851088	0	T:1155.0(20.14%),B:5530.8(13.56%),P:1e-42	Tpos:49.1,Tstd:26.4,Bpos:49.1,Bstd:36.7,StrandBias:0.0,Multiplicity:1.30
0.001	0.997	0.001	0.001
0.001	0.406	0.592	0.001
0.001	0.001	0.997	0.001
0.489	0.172	0.106	0.234
0.759	0.001	0.001	0.239
0.743	0.088	0.071	0.098
>TCGTCA	2-TCGTCA	5.088691	-95.432386	0	T:1607.0(28.03%),B:8363.4(20.50%),P:1e-41	Tpos:49.2,Tstd:28.4,Bpos:50.1,Bstd:31.4,StrandBias:-0.6,Multiplicity:1.26
0.200	0.024	0.174	0.602
0.001	0.997	0.001	0.001
0.270	0.001	0.556	0.173
0.035	0.059	0.024	0.882
0.014	0.984	0.001	0.001
0.974	0.001	0.024	0.001
>CGSAAG	3-CGSAAG	5.088754	-91.797942	0	T:635.0(11.07%),B:2597.4(6.37%),P:1e-39	Tpos:45.8,Tstd:25.5,Bpos:50.6,Bstd:37.6,StrandBias:0.2,Multiplicity:1.11
0.001	0.897	0.001	0.101
0.001	0.186	0.812	0.001
0.055	0.469	0.333	0.142
0.710	0.001	0.001	0.288
0.645	0.001	0.001	0.353
0.159	0.092	0.624	0.125
>AAGGGG	4-AAGGGG	5.259923	-90.790357	0	T:1630.0(28.43%),B:8582.8(21.04%),P:1e-39	Tpos:47.2,Tstd:25.6,Bpos:50.2,Bstd:32.2,StrandBias:0.8,Multiplicity:1.09
0.919	0.001	0.001	0.079
0.771	0.001	0.227	0.001
0.001	0.001	0.997	0.001
0.124	0.001	0.874	0.001
0.001	0.110	0.888	0.001
0.001	0.001	0.997	0.001
>GAAGCT	5-GAAGCT	4.385719	-87.406220	0	T:1900.0(33.14%),B:10385.7(25.46%),P:1e-37	Tpos:51.5,Tstd:28.6,Bpos:50.5,Bstd:32.5,StrandBias:0.6,Multiplicity:1.12
0.001	0.001	0.997	0.001
0.997	0.001	0.001	0.001
0.901	0.001	0.001	0.097
0.001	0.001	0.997	0.001
0.232	0.766	0.001	0.001
0.008	0.001	0.112	0.879
>GGAGGA	6-GGAGGA	4.257532	-84.472360	0	T:3241.0(56.52%),B:19629.3(48.12%),P:1e-36	Tpos:51.7,Tstd:25.5,Bpos:49.9,Bstd:32.0,StrandBias:1.1,Multiplicity:1.68
0.095	0.001	0.903	0.001
0.001	0.001	0.997	0.001
0.741	0.001	0.257	0.001
0.089	0.001	0.835	0.075
0.001	0.147	0.851	0.001
0.997	0.001	0.001	0.001
>GCCGTW	7-GCCGTW	4.190267	-49.768842	0	T:1957.0(34.13%),B:11534.8(28.28%),P:1e-21	Tpos:52.0,Tstd:27.7,Bpos:50.0,Bstd:32.3,StrandBias:0.3,Multiplicity:1.23
0.143	0.001	0.792	0.064
0.037	0.661	0.216	0.086
0.076	0.560	0.003	0.361
0.001	0.001	0.997	0.001
0.003	0.001	0.001	0.995
0.473	0.086	0.001	0.440
>AGCGGA	8-AGCGGA	6.594725	-49.257512	0	T:695.0(12.12%),B:3422.4(8.39%),P:1e-21	Tpos:50.8,Tstd:27.7,Bpos:50.1,Bstd:32.7,StrandBias:1.0,Multiplicity:1.06
0.997	0.001	0.001	0.001
0.001	0.263	0.735	0.001
0.001	0.687	0.001	0.311
0.001	0.001	0.997	0.001
0.001	0.001	0.997	0.001
0.997	0.001	0.001	0.001
>GTCGGT	9-GTCGGT	5.083277	-40.536257	0	T:698.0(12.17%),B:3575.0(8.76%),P:1e-17	Tpos:54.1,Tstd:28.2,Bpos:49.2,Bstd:37.4,StrandBias:0.6,Multiplicity:1.11
0.042	0.044	0.778	0.136
0.036	0.001	0.130	0.833
0.040	0.871	0.088	0.001
0.036	0.023	0.940	0.001
0.001	0.135	0.863	0.001
0.086	0.111	0.001	0.802
>CCAACC	10-CCAACC	2.232639	-37.089972	0	T:636.0(11.09%),B:3253.4(7.97%),P:1e-16	Tpos:48.9,Tstd:27.3,Bpos:50.2,Bstd:32.0,StrandBias:-0.6,Multiplicity:1.05
0.001	0.997	0.001	0.001
0.001	0.982	0.016	0.001
0.997	0.001	0.001	0.001
0.997	0.001	0.001	0.001
0.001	0.854	0.001	0.144
0.001	0.997	0.001	0.001
>AGCTGC	11-AGCTGC	5.441596	-33.993803	0	T:1670.0(29.12%),B:10017.8(24.56%),P:1e-14	Tpos:52.6,Tstd:28.3,Bpos:49.9,Bstd:32.1,StrandBias:-0.0,Multiplicity:1.31
0.795	0.091	0.001	0.113
0.001	0.001	0.997	0.001
0.001	0.883	0.001	0.115
0.188	0.001	0.001	0.810
0.001	0.001	0.997	0.001
0.001	0.871	0.001	0.127
>CCGGAAGT	1-CCGGAAGT	8.550568	-196.029592	0	T:206.0(3.59%),B:255.5(0.63%),P:1e-85	Tpos:44.1,Tstd:21.7,Bpos:55.8,Bstd:36.0,StrandBias:0.5,Multiplicity:1.11
0.044	0.746	0.171	0.039
0.001	0.997	0.001	0.001
0.001	0.001	0.997	0.001
0.001	0.001	0.997	0.001
0.997	0.001	0.001	0.001
0.997	0.001	0.001	0.001
0.112	0.023	0.864	0.001
0.099	0.358	0.001	0.542
>KTTTCCGS	2-KTTTCCGS	1.387924	-122.015073	0	T:1651.0(28.79%),B:8260.8(20.25%),P:1e-52	Tpos:49.8,Tstd:26.6,Bpos:49.6,Bstd:34.4,StrandBias:-0.0,Multiplicity:1.22
0.203	0.001	0.356	0.440
0.001	0.297	0.007	0.695
0.105	0.001	0.001	0.893
0.237	0.001	0.001	0.761
0.001	0.670	0.328	0.001
0.001	0.997	0.001	0.001
0.001	0.001	0.997	0.001
0.032	0.506	0.461	0.001
>TGGRGGAG	3-TGGRGGAG	5.478467	-113.374775	0	T:1842.0(32.12%),B:9592.8(23.51%),P:1e-49	Tpos:49.6,Tstd:24.0,Bpos:49.0,Bstd:30.0,StrandBias:1.3,Multiplicity:1.25
0.269	0.017	0.166	0.548
0.001	0.031	0.923	0.045
0.111	0.167	0.589	0.133
0.356	0.083	0.361	0.200
0.155	0.054	0.759	0.032
0.072	0.199	0.728	0.001
0.472	0.001	0.303	0.224
0.297	0.001	0.701	0.001
>CRTCTTCN	4-CRTCTTCN	5.360640	-97.530376	0	T:1601.0(27.92%),B:8293.3(20.33%),P:1e-42	Tpos:52.5,Tstd:27.0,Bpos:50.3,Bstd:31.9,StrandBias:-1.0,Multiplicity:1.20
0.001	0.845	0.153	0.001
0.375	0.137	0.318	0.170
0.001	0.202	0.029	0.768
0.001	0.997	0.001	0.001
0.409	0.001	0.001	0.589
0.064	0.001	0.042	0.893
0.063	0.749	0.001	0.187
0.196	0.242	0.266	0.296
>MGCTTSCG	5-MGCTTSCG	6.731602	-71.651935	0	T:300.0(5.23%),B:1011.0(2.48%),P:1e-31	Tpos:42.0,Tstd:23.1,Bpos:51.8,Bstd:38.9,StrandBias:0.2,Multiplicity:1.12
0.432	0.437	0.001	0.130
0.162	0.011	0.780	0.047
0.027	0.690	0.001	0.282
0.046	0.145	0.271	0.538
0.122	0.001	0.001	0.876
0.001	0.495	0.503	0.001
0.001	0.997	0.001	0.001
0.001	0.001	0.854	0.144
>TTTGGCGG	6-TTTGGCGG	4.647972	-67.725220	0	T:489.0(8.53%),B:2021.7(4.96%),P:1e-29	Tpos:56.7,Tstd:27.2,Bpos:49.8,Bstd:32.0,StrandBias:0.7,Multiplicity:1.05
0.266	0.127	0.095	0.512
0.293	0.121	0.105	0.481
0.227	0.247	0.020	0.506
0.155	0.146	0.634	0.065
0.225	0.082	0.567	0.126
0.081	0.667	0.138	0.114
0.192	0.196	0.512	0.100
0.089	0.164	0.689	0.058
>GGCGGGGC	7-GGCGGGGC	5.755811	-56.331691	0	T:517.0(9.02%),B:2292.8(5.62%),P:1e-24	Tpos:36.1,Tstd:23.2,Bpos:51.3,Bstd:35.8,StrandBias:0.5,Multiplicity:1.21
0.001	0.001	0.997	0.001
0.001	0.001	0.997	0.001
0.001	0.777	0.001	0.221
0.001	0.001	0.997	0.001
0.001	0.001	0.630	0.368
0.001	0.001	0.997	0.001
0.010	0.001	0.634	0.355
0.001	0.997	0.001	0.001
>CVSMGNWA	8-CVSMGNWA	3.697594	-56.251650	0	T:456.0(7.95%),B:1951.2(4.78%),P:1e-24	Tpos:50.9,Tstd:27.1,Bpos:50.3,Bstd:34.1,StrandBias:0.6,Multiplicity:1.03
0.143	0.483	0.188	0.187
0.267	0.356	0.354	0.023
0.162	0.283	0.414	0.141
0.262	0.370	0.178	0.190
0.210	0.171	0.400	0.220
0.205	0.272	0.311	0.212
0.398	0.187	0.001	0.414
0.889	0.001	0.109	0.001
>CCCCTAAA	9-CCCCTAAA	4.881155	-53.958661	0	T:868.0(15.14%),B:4400.1(10.79%),P:1e-23	Tpos:48.9,Tstd:24.7,Bpos:49.8,Bstd:28.9,StrandBias:-1.2,Multiplicity:1.07
0.054	0.753	0.117	0.076
0.072	0.810	0.060	0.058
0.081	0.880	0.007	0.032
0.035	0.643	0.187	0.135
0.120	0.057	0.055	0.768
0.711	0.094	0.057	0.138
0.706	0.041	0.075	0.178
0.733	0.104	0.041	0.122
>TACCGATC	10-TACCGATC	5.222992	-52.518746	0	T:269.0(4.69%),B:986.2(2.42%),P:1e-22	Tpos:51.2,Tstd:26.9,Bpos:49.0,Bstd:34.9,StrandBias:-0.4,Multiplicity:1.04
0.112	0.061	0.029	0.798
0.620	0.095	0.145	0.140
0.086	0.691	0.135	0.088
0.074	0.814	0.078	0.034
0.044	0.073	0.855	0.028
0.686	0.030	0.140	0.144
0.065	0.090	0.043	0.802
0.063	0.740	0.103	0.094
>AGCAGCWG	11-AGCAGCWG	5.527068	-51.569042	0	T:1245.0(21.71%),B:6807.7(16.69%),P:1e-22	Tpos:52.7,Tstd:28.0,Bpos:49.5,Bstd:30.5,StrandBias:0.3,Multiplicity:1.12
0.697	0.236	0.001	0.066
0.253	0.001	0.673	0.073
0.062	0.750	0.187	0.001
0.732	0.001	0.035	0.232
0.001	0.001	0.997	0.001
0.001	0.862	0.046	0.091
0.407	0.109	0.103	0.382
0.322	0.124	0.497	0.057
>CGRSTTGT	12-CGRSTTGT	5.570312	-49.326561	0	T:390.0(6.80%),B:1656.7(4.06%),P:1e-21	Tpos:51.4,Tstd:27.2,Bpos:50.7,Bstd:32.2,StrandBias:0.1,Multiplicity:1.02
0.040	0.722	0.237	0.001
0.180	0.073	0.746	0.001
0.414	0.001	0.480	0.105
0.096	0.452	0.329	0.122
0.001	0.188	0.036	0.775
0.336	0.001	0.032	0.631
0.001	0.173	0.630	0.196
0.129	0.231	0.001	0.639
>GATGTACT	13-GATGTACT	4.831123	-47.384337	0	T:894.0(15.59%),B:4668.1(11.44%),P:1e-20	Tpos:49.9,Tstd:28.3,Bpos:49.5,Bstd:29.1,StrandBias:0.3,Multiplicity:1.08
0.024	0.090	0.848	0.038
0.644	0.160	0.125	0.071
0.108	0.102	0.120	0.670
0.086	0.071	0.753	0.090
0.126	0.056	0.034	0.784
0.748	0.054	0.140	0.058
0.068	0.816	0.086	0.030
0.089	0.090	0.077	0.744
>CCAATCGG	14-CCAATCGG	8.601356	-45.414920	0	T:89.0(1.55%),B:198.2(0.49%),P:1e-19	Tpos:31.7,Tstd:24.6,Bpos:53.1,Bstd:30.4,StrandBias:0.5,Multiplicity:1.04
0.011	0.960	0.001	0.028
0.039	0.959	0.001	0.001
0.984	0.014	0.001	0.001
0.955	0.001	0.021	0.023
0.019	0.033	0.001	0.947
0.164	0.805	0.030	0.001
0.199	0.025	0.775	0.001
0.001	0.201	0.797	0.001
>ACTTCCCG	15-ACTTCCCG	7.117832	-38.241870	0	T:205.0(3.58%),B:767.8(1.88%),P:1e-16	Tpos:49.9,Tstd:24.6,Bpos:49.3,Bstd:31.8,StrandBias:-0.3,Multiplicity:1.04
0.978	0.020	0.001	0.001
0.040	0.523	0.356	0.081
0.001	0.001	0.001	0.997
0.081	0.001	0.001	0.917
0.041	0.750	0.001	0.208
0.001	0.974	0.012	0.013
0.001	0.932	0.001	0.066
0.001	0.163	0.835	0.001
>AGYCGACT	16-AGYCGACT	4.173178	-38.188894	0	T:266.0(4.64%),B:1088.8(2.67%),P:1e-16	Tpos:51.9,Tstd:26.0,Bpos:51.0,Bstd:35.8,StrandBias:-0.3,Multiplicity:1.05
0.949	0.049	0.001	0.001
0.001	0.035	0.963	0.001
0.001	0.535	0.001	0.463
0.001	0.958	0.040	0.001
0.007	0.001	0.991	0.001
0.997	0.001	0.001	0.001
0.001	0.962	0.036	0.001
0.001	0.364	0.001	0.634
>TMTCGCGA	17-TMTCGCGA	8.378264	-37.858475	0	T:32.0(0.56%),B:32.7(0.08%),P:1e-16	Tpos:32.0,Tstd:21.3,Bpos:46.3,Bstd:32.0,StrandBias:-0.2,Multiplicity:1.03
0.056	0.001	0.001	0.942
0.477	0.394	0.002	0.127
0.349	0.001	0.001	0.649
0.001	0.590	0.408	0.001
0.001	0.001	0.997	0.001
0.001	0.722	0.001	0.276
0.087	0.061	0.851	0.001
0.911	0.001	0.001	0.087
>GTKACGTG	18-GTKACGTG	6.516116	-37.062696	0	T:204.0(3.56%),B:771.9(1.89%),P:1e-16	Tpos:41.6,Tstd:25.2,Bpos:48.4,Bstd:35.7,StrandBias:0.3,Multiplicity:1.14
0.001	0.113	0.885	0.001
0.001	0.001	0.001	0.997
0.046	0.210	0.420	0.324
0.843	0.042	0.023	0.092
0.001	0.997	0.001	0.001
0.039	0.107	0.820	0.034
0.101	0.226	0.001	0.672
0.037	0.155	0.597	0.211
>CRGGTAAA	19-CRGGTAAA	4.171223	-30.196384	0	T:660.0(11.51%),B:3524.2(8.64%),P:1e-13	Tpos:53.0,Tstd:27.8,Bpos:49.6,Bstd:29.3,StrandBias:0.2,Multiplicity:1.05
0.059	0.606	0.230	0.105
0.422	0.043	0.285	0.250
0.181	0.127	0.597	0.095
0.163	0.196	0.452	0.189
0.169	0.211	0.046	0.574
0.493	0.176	0.194	0.137
0.454	0.225	0.215	0.106
0.522	0.117	0.178	0.183
>TTGATGCG	20-TTGATGCG	5.458055	-29.800367	0	T:162.0(2.83%),B:612.8(1.50%),P:1e-12	Tpos:50.3,Tstd:29.0,Bpos:50.5,Bstd:31.0,StrandBias:0.5,Multiplicity:1.01
0.001	0.001	0.001	0.997
0.001	0.166	0.001	0.832
0.001	0.001	0.997	0.001
0.997	0.001	0.001	0.001
0.001	0.001	0.001	0.997
0.012	0.164	0.823	0.001
0.378	0.620	0.001	0.001
0.001	0.033	0.952	0.014
>AGCGCTTC	21-AGCGCTTC	8.725664	-27.409953	0	T:47.0(0.82%),B:97.4(0.24%),P:1e-11	Tpos:61.0,Tstd:28.7,Bpos:49.0,Bstd:35.0,StrandBias:-0.7,Multiplicity:1.03
0.997	0.001	0.001	0.001
0.001	0.001	0.890	0.108
0.001	0.997	0.001	0.001
0.001	0.001	0.997	0.001
0.001	0.997	0.001	0.001
0.001	0.001	0.001	0.997
0.001	0.001	0.001	0.997
0.001	0.886	0.112	0.001
>ACGCTCTA	22-ACGCTCTA	6.462333	-23.040133	0	T:153.0(2.67%),B:622.7(1.53%),P:1e-10	Tpos:53.8,Tstd:27.7,Bpos:48.9,Bstd:31.1,StrandBias:-0.5,Multiplicity:1.01
0.862	0.036	0.072	0.030
0.064	0.831	0.001	0.104
0.001	0.114	0.884	0.001
0.039	0.959	0.001	0.001
0.061	0.019	0.001	0.919
0.001	0.854	0.144	0.001
0.078	0.045	0.008	0.869
0.815	0.001	0.183	0.001
>TTTTTTAA	23-TTTTTTAA	9.747006	-21.386100	0	T:241.0(4.20%),B:1132.4(2.78%),P:1e-9	Tpos:53.2,Tstd:30.3,Bpos:49.2,Bstd:30.3,StrandBias:1.2,Multiplicity:1.05
0.001	0.001	0.001	0.997
0.001	0.001	0.001	0.997
0.001	0.001	0.001	0.997
0.072	0.001	0.001	0.926
0.001	0.001	0.001	0.997
0.001	0.062	0.001	0.936
0.642	0.001	0.001	0.356
0.856	0.001	0.001	0.142
>GATCGAAG	24-GATCGAAG	7.354995	-20.098540	0	T:100.0(1.74%),B:370.9(0.91%),P:1e-8	Tpos:52.0,Tstd:29.0,Bpos:51.1,Bstd:34.5,StrandBias:0.8,Multiplicity:1.02
0.167	0.074	0.708	0.051
0.978	0.020	0.001	0.001
0.031	0.133	0.001	0.835
0.001	0.757	0.200	0.042
0.031	0.071	0.897	0.001
0.997	0.001	0.001	0.001
0.921	0.077	0.001	0.001
0.011	0.019	0.919	0.051
>CGGCGATT	25-CGGCGATT	9.831448	-16.610640	0	T:17.0(0.30%),B:23.6(0.06%),P:1e-7	Tpos:52.1,Tstd:28.2,Bpos:46.6,Bstd:30.2,StrandBias:0.0,Multiplicity:1.00
0.001	0.997	0.001	0.001
0.001	0.001	0.997	0.001
0.001	0.001	0.997	0.001
0.001	0.997	0.001	0.001
0.001	0.001	0.997	0.001
0.708	0.001	0.001	0.290
0.001	0.001	0.001	0.997
0.001	0.001	0.001	0.997
