>TTTGGAGGAG	1-TTTGGAGGAG	4.599060	-150.307814	0	T:2135.0(37.23%),B:11001.1(26.86%),P:1e-65	Tpos:50.6,Tstd:25.3,Bpos:50.1,Bstd:29.1,StrandBias:1.0,Multiplicity:1.16
0.120	0.085	0.144	0.651
0.092	0.117	0.111	0.680
0.102	0.089	0.111	0.698
0.105	0.080	0.715	0.100
0.102	0.109	0.699	0.090
0.684	0.105	0.119	0.092
0.101	0.076	0.733	0.090
0.074	0.103	0.737	0.086
0.679	0.102	0.118	0.101
0.091	0.102	0.727	0.080
>CCGGAAGTGR	2-CCGGAAGTGR	6.796575	-148.332862	0	T:380.0(6.63%),B:999.6(2.44%),P:1e-64	Tpos:45.4,Tstd:22.3,Bpos:52.0,Bstd:35.7,StrandBias:0.3,Multiplicity:1.14
0.154	0.632	0.173	0.041
0.067	0.857	0.053	0.023
0.001	0.001	0.997	0.001
0.009	0.001	0.989	0.001
0.903	0.010	0.086	0.001
0.956	0.001	0.023	0.020
0.245	0.212	0.523	0.020
0.265	0.261	0.001	0.473
0.145	0.221	0.448	0.186
0.398	0.145	0.313	0.143
>GAWGATGATG	3-GAWGATGATG	4.449810	-127.150131	0	T:1994.0(34.78%),B:10410.4(25.42%),P:1e-55	Tpos:53.0,Tstd:26.1,Bpos:50.3,Bstd:30.7,StrandBias:1.3,Multiplicity:1.27
0.035	0.018	0.922	0.025
0.670	0.069	0.194	0.067
0.500	0.121	0.020	0.359
0.057	0.065	0.811	0.067
0.710	0.105	0.083	0.102
0.179	0.078	0.093	0.650
0.017	0.018	0.951	0.014
0.746	0.080	0.113	0.061
0.110	0.142	0.104	0.644
0.071	0.039	0.863	0.027
>YYCCCCCCCC	4-YYCCCCCCCC	7.130197	-111.636291	0	T:821.0(14.32%),B:3454.1(8.43%),P:1e-48	Tpos:41.4,Tstd:22.5,Bpos:49.7,Bstd:32.1,StrandBias:-1.1,Multiplicity:1.20
0.095	0.417	0.114	0.373
0.015	0.440	0.036	0.509
0.001	0.893	0.001	0.105
0.082	0.827	0.001	0.090
0.060	0.705	0.072	0.163
0.058	0.841	0.100	0.001
0.034	0.844	0.031	0.091
0.016	0.840	0.001	0.143
0.018	0.956	0.001	0.025
0.075	0.706	0.001	0.218
>AAGATGGCGG	5-AAGATGGCGG	6.978162	-87.006752	0	T:308.0(5.37%),B:964.8(2.36%),P:1e-37	Tpos:57.1,Tstd:25.8,Bpos:52.8,Bstd:32.5,StrandBias:0.9,Multiplicity:1.01
0.753	0.066	0.113	0.068
0.891	0.025	0.026	0.058
0.085	0.097	0.746	0.072
0.725	0.086	0.102	0.087
0.071	0.083	0.125	0.721
0.081	0.092	0.756	0.071
0.014	0.068	0.879	0.039
0.035	0.838	0.032	0.095
0.069	0.062	0.817	0.052
0.032	0.039	0.880	0.049
>TGCGCATGCG	6-TGCGCATGCG	8.904595	-84.850802	0	T:110.0(1.92%),B:172.9(0.42%),P:1e-36	Tpos:33.6,Tstd:19.2,Bpos:52.1,Bstd:39.8,StrandBias:-0.1,Multiplicity:1.06
0.074	0.248	0.135	0.543
0.093	0.043	0.829	0.035
0.035	0.886	0.057	0.022
0.048	0.031	0.896	0.025
0.064	0.879	0.050	0.007
0.746	0.125	0.083	0.046
0.064	0.073	0.195	0.668
0.053	0.037	0.787	0.123
0.024	0.893	0.041	0.042
0.026	0.041	0.877	0.056
>CAGCAGCAGC	7-CAGCAGCAGC	4.567682	-65.248805	0	T:1454.0(25.36%),B:7921.7(19.34%),P:1e-28	Tpos:53.2,Tstd:26.1,Bpos:50.0,Bstd:31.1,StrandBias:0.0,Multiplicity:1.15
0.143	0.556	0.147	0.154
0.591	0.123	0.135	0.151
0.152	0.115	0.601	0.132
0.135	0.580	0.125	0.160
0.550	0.136	0.136	0.178
0.165	0.107	0.636	0.092
0.143	0.645	0.053	0.159
0.580	0.137	0.130	0.153
0.179	0.120	0.668	0.033
0.106	0.592	0.134	0.168
>GGGGGTGATT	8-GGGGGTGATT	6.720355	-59.242077	0	T:293.0(5.11%),B:1063.2(2.60%),P:1e-25	Tpos:50.8,Tstd:24.4,Bpos:51.1,Bstd:26.7,StrandBias:1.4,Multiplicity:1.01
0.069	0.043	0.811	0.077
0.049	0.071	0.802	0.078
0.047	0.060	0.850	0.043
0.055	0.042	0.815	0.088
0.045	0.109	0.772	0.074
0.079	0.068	0.087	0.766
0.068	0.076	0.787	0.069
0.745	0.053	0.107	0.095
0.071	0.081	0.051	0.797
0.067	0.027	0.048	0.858
>GCCCCGCCTC	9-GCCCCGCCTC	8.191707	-46.490558	0	T:132.0(2.30%),B:371.7(0.91%),P:1e-20	Tpos:36.0,Tstd:23.3,Bpos:52.2,Bstd:33.0,StrandBias:-0.6,Multiplicity:1.05
0.040	0.001	0.958	0.001
0.001	0.802	0.061	0.136
0.057	0.941	0.001	0.001
0.022	0.976	0.001	0.001
0.095	0.903	0.001	0.001
0.001	0.001	0.997	0.001
0.001	0.997	0.001	0.001
0.001	0.997	0.001	0.001
0.001	0.001	0.001	0.997
0.001	0.867	0.001	0.131
>TCTCGCGAGA	10-TCTCGCGAGA	10.601731	-43.289124	0	T:14.0(0.24%),B:2.7(0.01%),P:1e-18	Tpos:32.5,Tstd:22.5,Bpos:37.5,Bstd:0.8,StrandBias:0.5,Multiplicity:1.08
0.001	0.001	0.001	0.997
0.001	0.946	0.001	0.052
0.001	0.001	0.202	0.796
0.001	0.997	0.001	0.001
0.001	0.001	0.997	0.001
0.001	0.997	0.001	0.001
0.001	0.001	0.997	0.001
0.997	0.001	0.001	0.001
0.001	0.001	0.997	0.001
0.946	0.052	0.001	0.001
>GAGCCAATCG	11-GAGCCAATCG	6.979933	-41.485499	0	T:176.0(3.07%),B:602.5(1.47%),P:1e-18	Tpos:45.1,Tstd:29.1,Bpos:50.4,Bstd:29.5,StrandBias:-0.2,Multiplicity:1.03
0.073	0.078	0.790	0.059
0.797	0.051	0.072	0.080
0.048	0.051	0.884	0.017
0.026	0.836	0.096	0.042
0.038	0.869	0.034	0.059
0.853	0.078	0.026	0.043
0.795	0.073	0.059	0.073
0.048	0.101	0.143	0.708
0.079	0.724	0.130	0.067
0.105	0.084	0.748	0.063
>CGGCCGTTGA	12-CGGCCGTTGA	4.958208	-41.247160	0	T:499.0(8.70%),B:2380.6(5.81%),P:1e-17	Tpos:51.2,Tstd:26.2,Bpos:49.2,Bstd:33.6,StrandBias:0.2,Multiplicity:1.07
0.101	0.674	0.114	0.111
0.110	0.122	0.682	0.086
0.079	0.114	0.727	0.080
0.090	0.745	0.082	0.083
0.115	0.663	0.097	0.125
0.127	0.116	0.675	0.082
0.093	0.130	0.105	0.672
0.096	0.085	0.110	0.709
0.081	0.100	0.746	0.073
0.708	0.084	0.114	0.094
>TTTTTYAGGT	13-TTTTTYAGGT	8.951973	-40.463384	0	T:107.0(1.87%),B:290.9(0.71%),P:1e-17	Tpos:51.4,Tstd:29.3,Bpos:54.8,Bstd:30.4,StrandBias:1.3,Multiplicity:1.02
0.276	0.113	0.001	0.610
0.025	0.128	0.026	0.821
0.001	0.001	0.185	0.813
0.001	0.001	0.043	0.955
0.066	0.010	0.014	0.910
0.205	0.333	0.025	0.437
0.973	0.001	0.001	0.025
0.151	0.049	0.799	0.001
0.130	0.069	0.790	0.011
0.025	0.001	0.067	0.907
>GCCATGGYGA	14-GCCATGGYGA	7.759441	-40.333003	0	T:52.0(0.91%),B:83.7(0.20%),P:1e-17	Tpos:60.4,Tstd:29.5,Bpos:53.9,Bstd:28.9,StrandBias:1.1,Multiplicity:1.00
0.307	0.198	0.485	0.010
0.049	0.570	0.028	0.353
0.001	0.898	0.043	0.058
0.613	0.046	0.198	0.143
0.026	0.093	0.047	0.834
0.001	0.046	0.936	0.017
0.272	0.186	0.454	0.088
0.199	0.437	0.030	0.334
0.337	0.151	0.488	0.025
0.476	0.156	0.227	0.141
>TTTTTATAGG	15-TTTTTATAGG	10.296193	-37.742774	0	T:14.0(0.24%),B:3.4(0.01%),P:1e-16	Tpos:41.6,Tstd:18.3,Bpos:36.9,Bstd:22.6,StrandBias:1.6,Multiplicity:1.00
0.100	0.100	0.100	0.700
0.100	0.100	0.100	0.700
0.100	0.100	0.100	0.700
0.100	0.100	0.100	0.700
0.100	0.100	0.100	0.700
0.700	0.100	0.100	0.100
0.100	0.100	0.100	0.700
0.700	0.100	0.100	0.100
0.100	0.100	0.700	0.100
0.100	0.100	0.700	0.100
>TGACGTCATC	16-TGACGTCATC	7.195282	-35.391530	0	T:99.0(1.73%),B:278.5(0.68%),P:1e-15	Tpos:42.2,Tstd:26.0,Bpos:45.1,Bstd:37.8,StrandBias:-0.3,Multiplicity:1.00
0.083	0.058	0.135	0.724
0.101	0.082	0.749	0.068
0.890	0.070	0.015	0.025
0.080	0.802	0.052	0.066
0.069	0.066	0.804	0.061
0.047	0.044	0.068	0.841
0.060	0.828	0.039	0.073
0.798	0.066	0.053	0.083
0.050	0.118	0.059	0.773
0.087	0.800	0.072	0.041
>CGACTGCGCA	17-CGACTGCGCA	8.285973	-35.087693	0	T:45.0(0.78%),B:72.9(0.18%),P:1e-15	Tpos:36.7,Tstd:22.9,Bpos:51.6,Bstd:39.5,StrandBias:-0.2,Multiplicity:1.00
0.001	0.885	0.057	0.057
0.001	0.062	0.880	0.057
0.806	0.001	0.062	0.131
0.001	0.942	0.001	0.056
0.001	0.056	0.001	0.942
0.001	0.056	0.942	0.001
0.057	0.885	0.057	0.001
0.056	0.001	0.942	0.001
0.001	0.997	0.001	0.001
0.898	0.001	0.044	0.057
>CGCGTTTTGT	18-CGCGTTTTGT	4.924313	-34.362611	0	T:565.0(9.85%),B:2877.9(7.03%),P:1e-14	Tpos:51.3,Tstd:26.7,Bpos:50.6,Bstd:32.2,StrandBias:0.1,Multiplicity:1.05
0.096	0.708	0.108	0.088
0.107	0.110	0.692	0.091
0.080	0.704	0.116	0.100
0.098	0.109	0.654	0.139
0.075	0.114	0.113	0.698
0.071	0.119	0.096	0.714
0.057	0.126	0.108	0.709
0.065	0.093	0.102	0.740
0.073	0.120	0.664	0.143
0.098	0.089	0.095	0.718
>GGTCACGTGA	19-GGTCACGTGA	8.846437	-34.081719	0	T:54.0(0.94%),B:104.6(0.26%),P:1e-14	Tpos:37.9,Tstd:20.1,Bpos:54.2,Bstd:30.4,StrandBias:0.0,Multiplicity:1.02
0.018	0.195	0.753	0.034
0.001	0.077	0.921	0.001
0.014	0.014	0.009	0.963
0.001	0.997	0.001	0.001
0.965	0.033	0.001	0.001
0.034	0.874	0.044	0.048
0.022	0.001	0.976	0.001
0.001	0.001	0.033	0.965
0.033	0.001	0.965	0.001
0.913	0.001	0.069	0.017
>CCTTAAGGGG	20-CCTTAAGGGG	6.855050	-32.778579	0	T:174.0(3.03%),B:653.9(1.60%),P:1e-14	Tpos:53.0,Tstd:23.7,Bpos:50.8,Bstd:28.9,StrandBias:0.0,Multiplicity:1.01
0.064	0.769	0.106	0.061
0.068	0.805	0.040	0.087
0.114	0.065	0.042	0.779
0.156	0.039	0.082	0.723
0.793	0.087	0.053	0.067
0.873	0.028	0.046	0.053
0.053	0.033	0.859	0.055
0.044	0.067	0.808	0.081
0.098	0.052	0.801	0.049
0.059	0.070	0.796	0.075
>GTAACCGTTG	21-GTAACCGTTG	6.541231	-31.490143	0	T:131.0(2.28%),B:447.3(1.09%),P:1e-13	Tpos:51.5,Tstd:27.1,Bpos:51.3,Bstd:29.4,StrandBias:0.1,Multiplicity:1.01
0.081	0.055	0.809	0.055
0.063	0.020	0.075	0.842
0.813	0.077	0.069	0.041
0.918	0.061	0.001	0.020
0.151	0.725	0.081	0.043
0.036	0.780	0.061	0.123
0.068	0.014	0.839	0.079
0.124	0.093	0.128	0.655
0.041	0.020	0.139	0.800
0.020	0.122	0.817	0.041
>SCGTCGCCAC	22-SCGTCGCCAC	10.297170	-28.360040	0	T:20.0(0.35%),B:16.4(0.04%),P:1e-12	Tpos:36.2,Tstd:26.8,Bpos:49.6,Bstd:35.9,StrandBias:-1.1,Multiplicity:1.00
0.001	0.481	0.517	0.001
0.001	0.997	0.001	0.001
0.001	0.001	0.791	0.207
0.001	0.001	0.089	0.909
0.001	0.997	0.001	0.001
0.001	0.001	0.997	0.001
0.001	0.997	0.001	0.001
0.001	0.997	0.001	0.001
0.997	0.001	0.001	0.001
0.001	0.791	0.207	0.001
>CCAATAAGGC	23-CCAATAAGGC	9.619810	-27.406567	0	T:37.0(0.65%),B:63.5(0.16%),P:1e-11	Tpos:42.0,Tstd:26.7,Bpos:53.4,Bstd:27.0,StrandBias:0.2,Multiplicity:1.00
0.001	0.960	0.001	0.038
0.055	0.943	0.001	0.001
0.943	0.001	0.001	0.055
0.814	0.129	0.056	0.001
0.039	0.061	0.062	0.838
0.887	0.056	0.056	0.001
0.905	0.001	0.056	0.038
0.056	0.056	0.887	0.001
0.055	0.001	0.943	0.001
0.015	0.928	0.056	0.001
>GGCTTTAYGK	24-GGCTTTAYGK	8.033978	-24.348920	0	T:59.0(1.03%),B:155.4(0.38%),P:1e-10	Tpos:50.0,Tstd:24.8,Bpos:49.7,Bstd:27.4,StrandBias:0.8,Multiplicity:1.02
0.068	0.001	0.738	0.193
0.001	0.001	0.793	0.205
0.001	0.648	0.350	0.001
0.020	0.313	0.001	0.666
0.001	0.001	0.001	0.997
0.001	0.199	0.221	0.579
0.587	0.180	0.232	0.001
0.210	0.259	0.159	0.373
0.001	0.085	0.641	0.273
0.010	0.001	0.556	0.433
>GGGCGTGGCT	25-GGGCGTGGCT	10.296193	-11.636090	0	T:8.0(0.14%),B:7.3(0.02%),P:1e-5	Tpos:20.0,Tstd:13.3,Bpos:31.7,Bstd:5.3,StrandBias:1.3,Multiplicity:1.00
0.100	0.100	0.700	0.100
0.100	0.100	0.700	0.100
0.100	0.100	0.700	0.100
0.100	0.700	0.100	0.100
0.100	0.100	0.700	0.100
0.100	0.100	0.100	0.700
0.100	0.100	0.700	0.100
0.100	0.100	0.700	0.100
0.100	0.700	0.100	0.100
0.100	0.100	0.100	0.700
>CSCCGGAAGTNN	1-CSCCGGAAGTNN	5.705751	-126.895023	0	T:173.0(3.02%),B:282.1(0.69%),P:1e-55	Tpos:42.5,Tstd:21.4,Bpos:50.0,Bstd:35.7,StrandBias:0.6,Multiplicity:1.11
0.201	0.376	0.212	0.211
0.194	0.236	0.384	0.185
0.169	0.546	0.132	0.153
0.113	0.647	0.143	0.097
0.079	0.182	0.639	0.100
0.160	0.113	0.567	0.160
0.610	0.112	0.128	0.150
0.586	0.165	0.108	0.141
0.168	0.169	0.500	0.163
0.159	0.153	0.159	0.529
0.189	0.263	0.304	0.244
0.311	0.216	0.261	0.212
>CAGCAGCAGCAR	2-CAGCAGCAGCAR	3.816401	-118.953469	0	T:3106.0(54.17%),B:18085.6(44.16%),P:1e-51	Tpos:52.3,Tstd:26.1,Bpos:50.2,Bstd:29.6,StrandBias:-0.2,Multiplicity:1.39
0.023	0.803	0.029	0.145
0.570	0.004	0.104	0.322
0.107	0.210	0.510	0.173
0.037	0.837	0.007	0.119
0.607	0.015	0.158	0.220
0.087	0.104	0.723	0.086
0.123	0.652	0.067	0.158
0.517	0.012	0.192	0.279
0.125	0.240	0.450	0.185
0.188	0.608	0.046	0.158
0.423	0.169	0.201	0.208
0.251	0.187	0.360	0.202
>AAGATGGCGGCG	3-AAGATGGCGGCG	11.200296	-111.538242	0	T:61.0(1.06%),B:29.6(0.07%),P:1e-48	Tpos:70.1,Tstd:22.5,Bpos:54.5,Bstd:27.5,StrandBias:1.8,Multiplicity:1.00
0.756	0.001	0.242	0.001
0.938	0.001	0.060	0.001
0.191	0.001	0.807	0.001
0.816	0.062	0.121	0.001
0.001	0.001	0.001	0.997
0.001	0.001	0.997	0.001
0.001	0.001	0.997	0.001
0.001	0.938	0.001	0.060
0.062	0.001	0.691	0.246
0.001	0.001	0.997	0.001
0.060	0.697	0.242	0.001
0.062	0.243	0.509	0.186
>TTGCGCATGCGC	4-TTGCGCATGCGC	9.483199	-94.041470	0	T:104.0(1.81%),B:138.1(0.34%),P:1e-40	Tpos:33.0,Tstd:17.8,Bpos:52.3,Bstd:37.5,StrandBias:-0.1,Multiplicity:1.08
0.100	0.226	0.157	0.517
0.036	0.161	0.178	0.625
0.059	0.093	0.816	0.032
0.067	0.799	0.081	0.053
0.067	0.050	0.813	0.070
0.039	0.847	0.093	0.021
0.654	0.182	0.123	0.041
0.041	0.125	0.203	0.631
0.025	0.096	0.826	0.053
0.055	0.802	0.063	0.080
0.049	0.060	0.799	0.092
0.042	0.870	0.053	0.035
>GAAGAGGAGGAG	5-GAAGAGGAGGAG	6.604210	-92.161833	0	T:1070.0(18.66%),B:5112.5(12.48%),P:1e-40	Tpos:49.6,Tstd:24.6,Bpos:50.2,Bstd:32.2,StrandBias:1.5,Multiplicity:1.20
0.100	0.113	0.765	0.022
0.711	0.107	0.121	0.061
0.592	0.065	0.258	0.085
0.122	0.080	0.797	0.001
0.693	0.110	0.125	0.072
0.127	0.022	0.745	0.106
0.089	0.097	0.796	0.018
0.706	0.114	0.097	0.083
0.122	0.038	0.748	0.092
0.082	0.080	0.837	0.001
0.717	0.094	0.104	0.085
0.121	0.082	0.736	0.061
>TTTGGGGGGGGG	6-TTTGGGGGGGGG	4.232367	-59.160536	0	T:2100.0(36.62%),B:12327.0(30.10%),P:1e-25	Tpos:45.9,Tstd:22.2,Bpos:50.0,Bstd:28.7,StrandBias:1.3,Multiplicity:1.25
0.085	0.102	0.129	0.684
0.062	0.117	0.147	0.674
0.073	0.062	0.175	0.690
0.062	0.041	0.801	0.096
0.070	0.051	0.794	0.085
0.073	0.049	0.791	0.087
0.070	0.060	0.791	0.079
0.096	0.088	0.711	0.105
0.099	0.079	0.729	0.093
0.088	0.064	0.753	0.095
0.087	0.049	0.793	0.071
0.095	0.060	0.791	0.054
>ACTCTCGCGAGA	7-ACTCTCGCGAGA	10.580989	-51.322882	0	T:16.0(0.28%),B:2.7(0.01%),P:1e-22	Tpos:40.2,Tstd:21.5,Bpos:38.0,Bstd:0.0,StrandBias:0.0,Multiplicity:1.06
0.548	0.214	0.101	0.137
0.069	0.681	0.181	0.069
0.001	0.001	0.066	0.932
0.066	0.932	0.001	0.001
0.001	0.067	0.100	0.832
0.001	0.898	0.100	0.001
0.034	0.101	0.831	0.034
0.033	0.866	0.100	0.001
0.067	0.001	0.899	0.033
0.896	0.036	0.034	0.034
0.001	0.033	0.799	0.167
0.899	0.067	0.033	0.001
>GCCAATGAGCGG	8-GCCAATGAGCGG	13.074497	-43.289124	0	T:14.0(0.24%),B:2.5(0.01%),P:1e-18	Tpos:33.4,Tstd:24.8,Bpos:55.1,Bstd:19.1,StrandBias:1.3,Multiplicity:1.00
0.001	0.084	0.914	0.001
0.001	0.997	0.001	0.001
0.001	0.997	0.001	0.001
0.997	0.001	0.001	0.001
0.831	0.001	0.084	0.084
0.001	0.001	0.001	0.997
0.001	0.323	0.592	0.084
0.914	0.001	0.084	0.001
0.084	0.001	0.914	0.001
0.084	0.914	0.001	0.001
0.084	0.001	0.914	0.001
0.001	0.001	0.997	0.001
>TWYTTCAGGTMG	9-TWYTTCAGGTMG	7.565108	-38.812612	0	T:147.0(2.56%),B:479.3(1.17%),P:1e-16	Tpos:50.4,Tstd:24.6,Bpos:49.5,Bstd:28.3,StrandBias:0.7,Multiplicity:1.01
0.078	0.260	0.185	0.477
0.419	0.029	0.261	0.291
0.104	0.317	0.156	0.424
0.052	0.001	0.026	0.921
0.001	0.001	0.025	0.973
0.001	0.997	0.001	0.001
0.600	0.321	0.078	0.001
0.001	0.001	0.997	0.001
0.001	0.001	0.997	0.001
0.078	0.078	0.208	0.636
0.451	0.471	0.052	0.026
0.104	0.052	0.766	0.078
>TWGTYGGCGWTC	10-TWGTYGGCGWTC	-0.287997	-37.212209	0	T:917.0(15.99%),B:5022.9(12.26%),P:1e-16	Tpos:50.7,Tstd:26.7,Bpos:49.7,Bstd:30.8,StrandBias:-0.1,Multiplicity:1.09
0.404	0.001	0.001	0.594
0.469	0.001	0.001	0.529
0.001	0.128	0.870	0.001
0.404	0.001	0.001	0.594
0.193	0.331	0.001	0.474
0.064	0.336	0.599	0.001
0.001	0.001	0.672	0.326
0.001	0.997	0.001	0.001
0.001	0.001	0.997	0.001
0.465	0.001	0.129	0.405
0.271	0.001	0.142	0.586
0.001	0.997	0.001	0.001
>GTCACGTGACCG	11-GTCACGTGACCG	9.583229	-36.165383	0	T:41.0(0.72%),B:58.1(0.14%),P:1e-15	Tpos:38.2,Tstd:19.9,Bpos:52.8,Bstd:35.2,StrandBias:0.4,Multiplicity:1.06
0.026	0.157	0.816	0.001
0.027	0.134	0.027	0.812
0.027	0.892	0.054	0.027
0.866	0.080	0.027	0.027
0.001	0.920	0.053	0.026
0.028	0.080	0.865	0.027
0.026	0.001	0.080	0.893
0.001	0.053	0.920	0.026
0.758	0.134	0.107	0.001
0.001	0.892	0.081	0.026
0.080	0.808	0.111	0.001
0.110	0.264	0.572	0.054
>AGGYCCNGCCTC	12-AGGYCCNGCCTC	10.131001	-30.709498	0	T:55.0(0.96%),B:117.1(0.29%),P:1e-13	Tpos:39.0,Tstd:21.5,Bpos:60.7,Bstd:15.8,StrandBias:-0.1,Multiplicity:1.05
0.649	0.226	0.057	0.068
0.191	0.023	0.763	0.023
0.183	0.034	0.760	0.023
0.160	0.305	0.114	0.421
0.227	0.771	0.001	0.001
0.001	0.661	0.148	0.190
0.273	0.297	0.248	0.182
0.023	0.034	0.932	0.011
0.125	0.829	0.023	0.023
0.001	0.977	0.011	0.011
0.057	0.285	0.145	0.513
0.034	0.692	0.023	0.251
>GTCGCCATGACG	13-GTCGCCATGACG	9.969683	-29.516915	0	T:22.0(0.38%),B:19.8(0.05%),P:1e-12	Tpos:53.8,Tstd:24.5,Bpos:52.6,Bstd:42.0,StrandBias:0.5,Multiplicity:1.00
0.001	0.001	0.923	0.075
0.038	0.079	0.076	0.807
0.038	0.728	0.117	0.117
0.113	0.038	0.773	0.076
0.001	0.923	0.001	0.075
0.001	0.887	0.037	0.075
0.925	0.037	0.037	0.001
0.076	0.041	0.076	0.807
0.001	0.001	0.961	0.037
0.698	0.038	0.151	0.113
0.151	0.735	0.038	0.076
0.113	0.001	0.849	0.037
>TGTATGATCTGT	14-TGTATGATCTGT	11.059952	-27.438124	0	T:11.0(0.19%),B:3.5(0.01%),P:1e-11	Tpos:46.5,Tstd:25.7,Bpos:66.1,Bstd:11.4,StrandBias:0.3,Multiplicity:1.00
0.272	0.018	0.044	0.666
0.176	0.044	0.727	0.053
0.096	0.088	0.088	0.728
0.570	0.096	0.290	0.044
0.088	0.001	0.105	0.806
0.096	0.053	0.772	0.079
0.622	0.264	0.035	0.079
0.220	0.035	0.044	0.701
0.087	0.580	0.272	0.061
0.167	0.001	0.026	0.806
0.044	0.070	0.781	0.105
0.062	0.061	0.079	0.798
>GACGTCTGCGCA	15-GACGTCTGCGCA	9.521978	-24.680390	0	T:26.0(0.45%),B:35.0(0.09%),P:1e-10	Tpos:43.2,Tstd:29.3,Bpos:49.4,Bstd:36.0,StrandBias:-0.6,Multiplicity:1.04
0.072	0.001	0.891	0.036
0.743	0.112	0.144	0.001
0.001	0.891	0.072	0.036
0.072	0.072	0.748	0.108
0.072	0.004	0.072	0.852
0.001	0.927	0.036	0.036
0.083	0.108	0.036	0.773
0.036	0.036	0.856	0.072
0.108	0.784	0.072	0.036
0.036	0.036	0.924	0.004
0.107	0.891	0.001	0.001
0.737	0.036	0.191	0.036
>TATGGTAGGGGA	16-TATGGTAGGGGA	10.409522	-23.734188	0	T:13.0(0.23%),B:7.4(0.02%),P:1e-10	Tpos:50.2,Tstd:22.2,Bpos:43.8,Bstd:16.1,StrandBias:2.8,Multiplicity:1.00
0.100	0.100	0.100	0.700
0.700	0.100	0.100	0.100
0.100	0.100	0.100	0.700
0.100	0.100	0.700	0.100
0.100	0.100	0.700	0.100
0.100	0.100	0.100	0.700
0.700	0.100	0.100	0.100
0.100	0.100	0.700	0.100
0.100	0.100	0.700	0.100
0.100	0.100	0.700	0.100
0.100	0.100	0.700	0.100
0.700	0.100	0.100	0.100
>TTTCATCWGCCC	17-TTTCATCWGCCC	11.904488	-20.591267	0	T:14.0(0.24%),B:11.1(0.03%),P:1e-8	Tpos:44.8,Tstd:26.1,Bpos:53.7,Bstd:30.1,StrandBias:0.2,Multiplicity:1.00
0.101	0.001	0.001	0.897
0.094	0.001	0.001	0.904
0.001	0.094	0.001	0.904
0.001	0.904	0.094	0.001
0.516	0.197	0.001	0.286
0.001	0.101	0.001	0.897
0.006	0.797	0.095	0.102
0.516	0.001	0.001	0.482
0.001	0.006	0.987	0.006
0.001	0.809	0.095	0.095
0.001	0.904	0.001	0.094
0.001	0.997	0.001	0.001
>GGTTTTTTTTTA	18-GGTTTTTTTTTA	10.746726	-19.434041	0	T:129.0(2.25%),B:529.2(1.29%),P:1e-8	Tpos:60.4,Tstd:27.7,Bpos:50.5,Bstd:29.1,StrandBias:1.4,Multiplicity:1.07
0.076	0.001	0.788	0.135
0.103	0.103	0.636	0.158
0.064	0.114	0.011	0.811
0.036	0.049	0.036	0.879
0.024	0.036	0.043	0.897
0.061	0.073	0.049	0.817
0.057	0.025	0.034	0.884
0.061	0.049	0.012	0.878
0.036	0.025	0.028	0.911
0.012	0.061	0.024	0.903
0.046	0.025	0.012	0.917
0.690	0.031	0.050	0.229
>TCCCATTGGCGT	19-TCCCATTGGCGT	9.057350	-18.627856	0	T:11.0(0.19%),B:8.0(0.02%),P:1e-8	Tpos:45.7,Tstd:27.2,Bpos:59.9,Bstd:16.9,StrandBias:-2.0,Multiplicity:1.00
0.094	0.110	0.108	0.688
0.082	0.699	0.109	0.110
0.115	0.670	0.071	0.144
0.103	0.727	0.071	0.099
0.672	0.141	0.067	0.120
0.092	0.104	0.139	0.665
0.103	0.079	0.115	0.703
0.092	0.093	0.703	0.112
0.092	0.126	0.663	0.119
0.156	0.574	0.141	0.129
0.141	0.136	0.553	0.170
0.098	0.101	0.121	0.680
>TTGGACGMYWSC	20-TTGGACGMYWSC	6.721436	-18.528365	0	T:9.0(0.16%),B:4.6(0.01%),P:1e-8	Tpos:62.0,Tstd:25.6,Bpos:50.3,Bstd:19.7,StrandBias:1.0,Multiplicity:1.00
0.001	0.001	0.001	0.997
0.098	0.001	0.001	0.900
0.001	0.001	0.997	0.001
0.001	0.001	0.802	0.196
0.997	0.001	0.001	0.001
0.001	0.997	0.001	0.001
0.001	0.001	0.997	0.001
0.499	0.499	0.001	0.001
0.001	0.499	0.001	0.499
0.499	0.001	0.001	0.499
0.001	0.499	0.499	0.001
0.098	0.900	0.001	0.001
>AAGAAGTTGGCG	21-AAGAAGTTGGCG	12.603850	-17.286202	0	T:11.0(0.19%),B:8.5(0.02%),P:1e-7	Tpos:57.6,Tstd:33.4,Bpos:83.0,Bstd:0.0,StrandBias:0.6,Multiplicity:1.00
0.997	0.001	0.001	0.001
0.997	0.001	0.001	0.001
0.001	0.001	0.997	0.001
0.997	0.001	0.001	0.001
0.809	0.095	0.095	0.001
0.001	0.190	0.714	0.095
0.190	0.001	0.001	0.808
0.001	0.001	0.285	0.713
0.001	0.001	0.997	0.001
0.001	0.001	0.997	0.001
0.190	0.714	0.095	0.001
0.095	0.095	0.809	0.001
>GCATTGCAGGAG	22-GCATTGCAGGAG	11.764549	-15.085619	0	T:11.0(0.19%),B:10.2(0.02%),P:1e-6	Tpos:47.6,Tstd:31.5,Bpos:44.0,Bstd:4.3,StrandBias:0.3,Multiplicity:1.00
0.104	0.001	0.894	0.001
0.220	0.774	0.005	0.001
0.894	0.001	0.104	0.001
0.355	0.001	0.001	0.643
0.001	0.210	0.105	0.684
0.001	0.115	0.883	0.001
0.001	0.997	0.001	0.001
0.894	0.104	0.001	0.001
0.001	0.001	0.997	0.001
0.321	0.105	0.573	0.001
0.753	0.001	0.245	0.001
0.255	0.105	0.639	0.001
>GGGTGGGGTGGG	23-GGGTGGGGTGGG	9.563097	-9.400952	0	T:140.0(2.44%),B:715.2(1.75%),P:1e-4	Tpos:47.5,Tstd:27.0,Bpos:50.2,Bstd:32.3,StrandBias:1.5,Multiplicity:1.02
0.053	0.026	0.895	0.026
0.052	0.001	0.946	0.001
0.026	0.123	0.850	0.001
0.132	0.222	0.001	0.645
0.045	0.018	0.858	0.079
0.124	0.001	0.849	0.026
0.185	0.001	0.708	0.106
0.079	0.142	0.726	0.053
0.052	0.001	0.001	0.946
0.001	0.026	0.947	0.026
0.132	0.001	0.735	0.132
0.026	0.026	0.895	0.053
>BGCCCCTCCCCS	24-BGCCCCTCCCCS	11.085598	-9.312911	0	T:64.0(1.12%),B:274.0(0.67%),P:1e-4	Tpos:37.9,Tstd:24.2,Bpos:55.6,Bstd:31.7,StrandBias:-0.8,Multiplicity:1.00
0.061	0.354	0.342	0.244
0.001	0.048	0.950	0.001
0.049	0.756	0.146	0.049
0.001	0.997	0.001	0.001
0.001	0.950	0.048	0.001
0.001	0.950	0.048	0.001
0.001	0.001	0.060	0.938
0.001	0.903	0.048	0.048
0.001	0.853	0.001	0.145
0.001	0.950	0.048	0.001
0.001	0.756	0.048	0.195
0.001	0.390	0.512	0.097
>CGGMTGTGACGC	25-CGGMTGTGACGC	12.755779	-7.540295	0	T:9.0(0.16%),B:16.9(0.04%),P:1e-3	Tpos:50.2,Tstd:22.9,Bpos:74.0,Bstd:0.0,StrandBias:2.0,Multiplicity:1.25
0.001	0.997	0.001	0.001
0.001	0.001	0.997	0.001
0.001	0.001	0.997	0.001
0.445	0.553	0.001	0.001
0.001	0.001	0.222	0.776
0.001	0.001	0.997	0.001
0.222	0.222	0.001	0.555
0.001	0.001	0.997	0.001
0.722	0.001	0.276	0.001
0.001	0.997	0.001	0.001
0.001	0.001	0.997	0.001
0.001	0.997	0.001	0.001
>CGATGA	1-CGATGA	3.757105	-121.853026	0	T:2983.0(52.02%),B:17169.3(41.92%),P:1e-52	Tpos:52.0,Tstd:27.3,Bpos:49.4,Bstd:33.1,StrandBias:0.8,Multiplicity:1.56
0.091	0.574	0.184	0.151
0.070	0.016	0.884	0.030
0.723	0.127	0.082	0.068
0.232	0.176	0.201	0.391
0.097	0.072	0.740	0.091
0.690	0.166	0.092	0.052
>CCGGAA	2-CCGGAA	5.990107	-108.969234	0	T:598.0(10.43%),B:2267.0(5.54%),P:1e-47	Tpos:47.2,Tstd:24.2,Bpos:51.1,Bstd:38.0,StrandBias:0.4,Multiplicity:1.23
0.099	0.664	0.236	0.001
0.001	0.997	0.001	0.001
0.001	0.001	0.997	0.001
0.001	0.001	0.997	0.001
0.997	0.001	0.001	0.001
0.997	0.001	0.001	0.001
>CCCCTA	3-CCCCTA	4.465443	-92.164004	0	T:2039.0(35.56%),B:11260.8(27.49%),P:1e-40	Tpos:47.6,Tstd:23.5,Bpos:50.2,Bstd:30.5,StrandBias:-1.1,Multiplicity:1.29
0.046	0.885	0.062	0.007
0.060	0.634	0.172	0.134
0.087	0.638	0.132	0.143
0.034	0.797	0.085	0.084
0.152	0.244	0.051	0.553
0.496	0.178	0.020	0.307
>AACAGC	4-AACAGC	4.959633	-66.142181	0	T:1800.0(31.39%),B:10167.0(24.82%),P:1e-28	Tpos:51.5,Tstd:28.0,Bpos:50.0,Bstd:30.1,StrandBias:-0.1,Multiplicity:1.22
0.839	0.001	0.159	0.001
0.624	0.001	0.208	0.167
0.001	0.968	0.030	0.001
0.857	0.001	0.023	0.119
0.001	0.047	0.921	0.031
0.001	0.880	0.087	0.032
>AAGGAG	5-AAGGAG	5.392059	-65.480443	0	T:1946.0(33.94%),B:11151.0(27.23%),P:1e-28	Tpos:52.0,Tstd:27.1,Bpos:50.5,Bstd:31.4,StrandBias:0.8,Multiplicity:1.15
0.781	0.001	0.121	0.097
0.997	0.001	0.001	0.001
0.001	0.101	0.897	0.001
0.001	0.001	0.997	0.001
0.686	0.145	0.001	0.168
0.001	0.001	0.997	0.001
>GCGGTA	6-GCGGTA	3.183282	-60.938779	0	T:2224.0(38.79%),B:13128.5(32.05%),P:1e-26	Tpos:51.5,Tstd:27.6,Bpos:50.4,Bstd:32.9,StrandBias:0.5,Multiplicity:1.32
0.055	0.042	0.868	0.035
0.043	0.877	0.079	0.001
0.001	0.095	0.769	0.135
0.115	0.036	0.817	0.032
0.001	0.078	0.068	0.853
0.913	0.041	0.001	0.045
>TTCGTC	7-TTCGTC	2.022153	-59.459058	0	T:1255.0(21.89%),B:6750.9(16.48%),P:1e-25	Tpos:50.0,Tstd:28.4,Bpos:49.7,Bstd:36.6,StrandBias:0.2,Multiplicity:1.16
0.197	0.001	0.046	0.756
0.001	0.001	0.015	0.983
0.001	0.997	0.001	0.001
0.001	0.001	0.997	0.001
0.019	0.003	0.226	0.752
0.274	0.724	0.001	0.001
>VGCGKT	8-VGCGKT	5.329359	-48.114063	0	T:639.0(11.14%),B:3116.7(7.61%),P:1e-20	Tpos:52.2,Tstd:27.8,Bpos:49.7,Bstd:37.2,StrandBias:0.5,Multiplicity:1.09
0.303	0.280	0.356	0.061
0.208	0.152	0.638	0.002
0.001	0.995	0.001	0.003
0.001	0.164	0.721	0.114
0.164	0.001	0.405	0.430
0.084	0.001	0.001	0.914
>ATTCGC	9-ATTCGC	5.112189	-38.497736	0	T:403.0(7.03%),B:1856.0(4.53%),P:1e-16	Tpos:41.1,Tstd:27.5,Bpos:50.5,Bstd:32.3,StrandBias:0.2,Multiplicity:1.11
0.857	0.003	0.088	0.052
0.158	0.038	0.146	0.658
0.117	0.146	0.166	0.571
0.146	0.554	0.299	0.001
0.001	0.001	0.997	0.001
0.075	0.784	0.037	0.104
>GTGACG	10-GTGACG	6.143923	-34.922697	0	T:324.0(5.65%),B:1447.6(3.53%),P:1e-15	Tpos:43.0,Tstd:24.8,Bpos:50.9,Bstd:37.4,StrandBias:0.5,Multiplicity:1.09
0.001	0.001	0.837	0.161
0.001	0.001	0.001	0.997
0.001	0.283	0.715	0.001
0.997	0.001	0.001	0.001
0.001	0.997	0.001	0.001
0.001	0.001	0.997	0.001
>MWGTCG	11-MWGTCG	6.064254	-33.306260	0	T:262.0(4.57%),B:1118.1(2.73%),P:1e-14	Tpos:55.0,Tstd:27.9,Bpos:51.4,Bstd:37.0,StrandBias:0.3,Multiplicity:1.02
0.560	0.426	0.001	0.013
0.474	0.155	0.001	0.370
0.378	0.001	0.620	0.001
0.154	0.001	0.001	0.844
0.001	0.997	0.001	0.001
0.001	0.001	0.997	0.001
>CGGTTT	12-CGGTTT	5.121470	-27.446128	0	T:453.0(7.90%),B:2309.3(5.64%),P:1e-11	Tpos:47.3,Tstd:27.9,Bpos:49.1,Bstd:35.5,StrandBias:0.1,Multiplicity:1.07
0.001	0.711	0.287	0.001
0.001	0.092	0.906	0.001
0.001	0.320	0.548	0.131
0.001	0.001	0.001	0.997
0.208	0.250	0.001	0.541
0.303	0.001	0.231	0.465
>TCGCGA	13-TCGCGA	6.177716	-16.990063	0	T:42.0(0.73%),B:115.0(0.28%),P:1e-7	Tpos:42.1,Tstd:24.6,Bpos:47.1,Bstd:36.5,StrandBias:0.0,Multiplicity:1.00
0.100	0.100	0.100	0.700
0.100	0.700	0.100	0.100
0.100	0.100	0.700	0.100
0.100	0.700	0.100	0.100
0.100	0.100	0.700	0.100
0.700	0.100	0.100	0.100
>TTGCCGCT	1-TTGCCGCT	4.054413	-173.189191	0	T:3187.0(55.58%),B:17798.4(43.46%),P:1e-75	Tpos:51.6,Tstd:26.4,Bpos:49.7,Bstd:31.3,StrandBias:-0.4,Multiplicity:1.37
0.148	0.257	0.008	0.587
0.117	0.210	0.174	0.499
0.196	0.138	0.490	0.176
0.001	0.846	0.143	0.010
0.124	0.619	0.107	0.150
0.001	0.249	0.557	0.193
0.001	0.573	0.223	0.203
0.001	0.162	0.001	0.836
>CGGAAGTG	2-CGGAAGTG	8.562349	-126.360433	0	T:161.0(2.81%),B:246.3(0.60%),P:1e-54	Tpos:43.5,Tstd:22.3,Bpos:52.3,Bstd:39.2,StrandBias:0.8,Multiplicity:1.10
0.001	0.997	0.001	0.001
0.001	0.001	0.997	0.001
0.001	0.001	0.997	0.001
0.997	0.001	0.001	0.001
0.997	0.001	0.001	0.001
0.001	0.001	0.997	0.001
0.105	0.001	0.001	0.893
0.101	0.124	0.774	0.001
>GATGACGA	3-GATGACGA	4.151179	-114.418624	0	T:2611.0(45.54%),B:14722.4(35.95%),P:1e-49	Tpos:52.8,Tstd:26.7,Bpos:49.9,Bstd:31.9,StrandBias:1.1,Multiplicity:1.33
0.054	0.033	0.889	0.024
0.608	0.175	0.192	0.025
0.317	0.062	0.107	0.514
0.052	0.001	0.934	0.013
0.758	0.082	0.090	0.070
0.118	0.484	0.114	0.284
0.051	0.067	0.809	0.073
0.435	0.178	0.121	0.265
>TTACGGCG	4-TTACGGCG	4.309210	-107.730741	0	T:1108.0(19.32%),B:5151.5(12.58%),P:1e-46	Tpos:51.6,Tstd:26.9,Bpos:50.2,Bstd:35.4,StrandBias:0.4,Multiplicity:1.16
0.048	0.096	0.060	0.796
0.097	0.021	0.118	0.764
0.580	0.209	0.138	0.073
0.119	0.740	0.051	0.090
0.072	0.064	0.789	0.075
0.054	0.096	0.810	0.040
0.080	0.789	0.053	0.078
0.129	0.066	0.736	0.069
>GGGGGGGW	5-GGGGGGGW	6.099115	-103.662575	0	T:1335.0(23.28%),B:6574.9(16.05%),P:1e-45	Tpos:40.7,Tstd:23.3,Bpos:50.2,Bstd:33.2,StrandBias:1.0,Multiplicity:1.44
0.001	0.001	0.882	0.116
0.136	0.001	0.862	0.001
0.001	0.001	0.997	0.001
0.001	0.186	0.811	0.002
0.136	0.233	0.493	0.139
0.001	0.163	0.712	0.124
0.046	0.001	0.952	0.001
0.402	0.040	0.226	0.332
>GGAGGAGT	6-GGAGGAGT	6.348586	-66.623325	0	T:675.0(11.77%),B:3091.1(7.55%),P:1e-28	Tpos:51.4,Tstd:26.6,Bpos:48.7,Bstd:31.5,StrandBias:0.8,Multiplicity:1.05
0.089	0.013	0.863	0.035
0.001	0.031	0.957	0.011
0.865	0.094	0.040	0.001
0.001	0.022	0.940	0.037
0.001	0.069	0.904	0.026
0.981	0.001	0.017	0.001
0.143	0.001	0.855	0.001
0.176	0.091	0.001	0.732
>GTTGTMAC	7-GTTGTMAC	4.839936	-61.208739	0	T:1007.0(17.56%),B:5161.1(12.60%),P:1e-26	Tpos:49.5,Tstd:27.5,Bpos:50.5,Bstd:30.5,StrandBias:0.0,Multiplicity:1.09
0.062	0.056	0.834	0.048
0.078	0.328	0.102	0.492
0.095	0.152	0.130	0.623
0.001	0.001	0.946	0.052
0.118	0.042	0.101	0.739
0.491	0.373	0.060	0.076
0.608	0.048	0.338	0.006
0.025	0.658	0.128	0.189
>GTTGGTGG	8-GTTGGTGG	5.077285	-60.239128	0	T:1583.0(27.61%),B:8856.6(21.62%),P:1e-26	Tpos:51.1,Tstd:26.7,Bpos:49.7,Bstd:27.9,StrandBias:1.0,Multiplicity:1.15
0.163	0.001	0.833	0.003
0.001	0.127	0.110	0.762
0.019	0.102	0.182	0.697
0.124	0.001	0.747	0.128
0.040	0.119	0.740	0.101
0.107	0.079	0.104	0.710
0.164	0.021	0.683	0.132
0.100	0.001	0.834	0.065
>CGCMTGCG	9-CGCMTGCG	7.527106	-58.987592	0	T:171.0(2.98%),B:484.5(1.18%),P:1e-25	Tpos:36.4,Tstd:21.0,Bpos:49.3,Bstd:39.9,StrandBias:0.3,Multiplicity:1.13
0.073	0.925	0.001	0.001
0.001	0.001	0.957	0.041
0.001	0.997	0.001	0.001
0.429	0.372	0.160	0.039
0.001	0.001	0.001	0.997
0.001	0.001	0.989	0.009
0.001	0.965	0.018	0.016
0.001	0.001	0.997	0.001
>CKGAARGA	10-CKGAARGA	5.797807	-58.665187	0	T:870.0(15.17%),B:4358.4(10.64%),P:1e-25	Tpos:51.2,Tstd:27.7,Bpos:49.9,Bstd:31.4,StrandBias:-0.3,Multiplicity:1.03
0.001	0.988	0.001	0.010
0.001	0.232	0.406	0.361
0.001	0.001	0.997	0.001
0.692	0.105	0.001	0.202
0.787	0.001	0.001	0.211
0.478	0.001	0.520	0.001
0.267	0.194	0.538	0.001
0.997	0.001	0.001	0.001
>AAAGGCGG	11-AAAGGCGG	6.498843	-52.428860	0	T:261.0(4.55%),B:950.6(2.32%),P:1e-22	Tpos:50.9,Tstd:25.9,Bpos:51.1,Bstd:32.4,StrandBias:0.5,Multiplicity:1.01
0.854	0.001	0.144	0.001
0.888	0.087	0.001	0.024
0.861	0.001	0.001	0.137
0.086	0.001	0.912	0.001
0.001	0.045	0.873	0.081
0.109	0.805	0.085	0.001
0.001	0.001	0.997	0.001
0.001	0.001	0.899	0.099
>GCCAATCG	12-GCCAATCG	6.581654	-47.784017	0	T:176.0(3.07%),B:564.3(1.38%),P:1e-20	Tpos:38.2,Tstd:27.4,Bpos:50.4,Bstd:33.0,StrandBias:-0.4,Multiplicity:1.03
0.028	0.088	0.875	0.009
0.001	0.937	0.020	0.042
0.010	0.969	0.001	0.020
0.968	0.001	0.001	0.030
0.980	0.018	0.001	0.001
0.105	0.121	0.031	0.743
0.118	0.822	0.059	0.001
0.162	0.049	0.772	0.017
>CAATGCAG	13-CAATGCAG	7.998562	-33.852642	0	T:111.0(1.94%),B:339.7(0.83%),P:1e-14	Tpos:53.9,Tstd:26.4,Bpos:48.2,Bstd:29.7,StrandBias:0.1,Multiplicity:1.01
0.001	0.856	0.142	0.001
0.584	0.001	0.414	0.001
0.997	0.001	0.001	0.001
0.001	0.389	0.001	0.609
0.001	0.001	0.997	0.001
0.001	0.997	0.001	0.001
0.783	0.002	0.002	0.213
0.001	0.001	0.997	0.001
>TTGCSGAA	14-TTGCSGAA	7.818202	-32.970473	0	T:59.0(1.03%),B:125.6(0.31%),P:1e-14	Tpos:53.8,Tstd:27.6,Bpos:52.7,Bstd:32.3,StrandBias:0.0,Multiplicity:1.00
0.169	0.001	0.001	0.829
0.001	0.001	0.001	0.997
0.001	0.337	0.576	0.086
0.001	0.997	0.001	0.001
0.001	0.540	0.458	0.001
0.001	0.001	0.997	0.001
0.997	0.001	0.001	0.001
0.997	0.001	0.001	0.001
>TTTATAGG	15-TTTATAGG	6.364655	-31.658791	0	T:197.0(3.44%),B:782.1(1.91%),P:1e-13	Tpos:45.2,Tstd:26.3,Bpos:50.4,Bstd:30.3,StrandBias:0.9,Multiplicity:1.05
0.001	0.056	0.001	0.942
0.001	0.001	0.001	0.997
0.208	0.080	0.060	0.652
0.884	0.001	0.001	0.114
0.001	0.092	0.001	0.906
0.997	0.001	0.001	0.001
0.001	0.057	0.941	0.001
0.001	0.001	0.997	0.001
>TCTCGCGA	16-TCTCGCGA	8.273838	-31.015265	0	T:28.0(0.49%),B:31.7(0.08%),P:1e-13	Tpos:36.6,Tstd:23.4,Bpos:34.8,Bstd:21.5,StrandBias:-0.1,Multiplicity:1.07
0.074	0.001	0.001	0.924
0.001	0.997	0.001	0.001
0.001	0.001	0.175	0.823
0.001	0.997	0.001	0.001
0.001	0.001	0.997	0.001
0.001	0.997	0.001	0.001
0.001	0.001	0.997	0.001
0.997	0.001	0.001	0.001
>TGCGCAGA	17-TGCGCAGA	7.042848	-28.672800	0	T:77.0(1.34%),B:213.7(0.52%),P:1e-12	Tpos:43.0,Tstd:24.8,Bpos:51.2,Bstd:34.0,StrandBias:0.5,Multiplicity:1.02
0.151	0.001	0.001	0.847
0.001	0.001	0.825	0.173
0.001	0.997	0.001	0.001
0.001	0.001	0.997	0.001
0.001	0.997	0.001	0.001
0.997	0.001	0.001	0.001
0.001	0.001	0.997	0.001
0.877	0.001	0.001	0.121
>GAAGCGAA	18-GAAGCGAA	7.120003	-28.391166	0	T:67.0(1.17%),B:172.7(0.42%),P:1e-12	Tpos:57.3,Tstd:25.2,Bpos:54.5,Bstd:32.7,StrandBias:0.3,Multiplicity:1.00
0.001	0.001	0.997	0.001
0.667	0.170	0.162	0.001
0.997	0.001	0.001	0.001
0.001	0.001	0.997	0.001
0.001	0.997	0.001	0.001
0.001	0.001	0.997	0.001
0.997	0.001	0.001	0.001
0.885	0.001	0.001	0.113
>CACGTGAC	19-CACGTGAC	8.296069	-28.003927	0	T:77.0(1.34%),B:216.8(0.53%),P:1e-12	Tpos:44.2,Tstd:23.3,Bpos:54.4,Bstd:31.7,StrandBias:-0.1,Multiplicity:1.07
0.001	0.828	0.170	0.001
0.997	0.001	0.001	0.001
0.001	0.997	0.001	0.001
0.001	0.001	0.997	0.001
0.001	0.001	0.001	0.997
0.097	0.001	0.901	0.001
0.997	0.001	0.001	0.001
0.001	0.773	0.131	0.095
>AAACGCGC	20-AAACGCGC	7.265927	-26.927783	0	T:59.0(1.03%),B:145.4(0.36%),P:1e-11	Tpos:46.5,Tstd:27.4,Bpos:54.0,Bstd:35.5,StrandBias:0.4,Multiplicity:1.00
0.905	0.030	0.021	0.044
0.831	0.001	0.001	0.167
0.971	0.001	0.027	0.001
0.207	0.779	0.001	0.013
0.020	0.042	0.918	0.020
0.001	0.847	0.076	0.076
0.070	0.015	0.914	0.001
0.001	0.944	0.001	0.054
>TGGTAAAG	21-TGGTAAAG	6.488582	-26.258665	0	T:306.0(5.34%),B:1450.3(3.54%),P:1e-11	Tpos:47.3,Tstd:27.4,Bpos:49.6,Bstd:30.5,StrandBias:0.5,Multiplicity:1.02
0.001	0.001	0.001	0.997
0.001	0.396	0.602	0.001
0.213	0.107	0.679	0.001
0.147	0.076	0.214	0.563
0.678	0.142	0.179	0.001
0.743	0.255	0.001	0.001
0.808	0.001	0.001	0.190
0.001	0.243	0.513	0.243
>CCATGGCG	22-CCATGGCG	6.053266	-23.207216	0	T:144.0(2.51%),B:575.5(1.41%),P:1e-10	Tpos:62.1,Tstd:26.6,Bpos:50.6,Bstd:29.1,StrandBias:-0.5,Multiplicity:1.03
0.001	0.876	0.001	0.122
0.001	0.930	0.001	0.068
0.997	0.001	0.001	0.001
0.001	0.001	0.001	0.997
0.071	0.001	0.927	0.001
0.001	0.001	0.997	0.001
0.001	0.997	0.001	0.001
0.001	0.119	0.879	0.001
>GTCCATCA	23-GTCCATCA	6.728529	-21.470661	0	T:229.0(3.99%),B:1066.1(2.60%),P:1e-9	Tpos:54.4,Tstd:28.1,Bpos:49.8,Bstd:30.3,StrandBias:-0.7,Multiplicity:1.01
0.001	0.073	0.857	0.069
0.001	0.001	0.001	0.997
0.001	0.966	0.032	0.001
0.001	0.775	0.195	0.029
0.774	0.053	0.012	0.161
0.124	0.115	0.001	0.760
0.001	0.997	0.001	0.001
0.865	0.047	0.034	0.054
>CGTCGCCA	24-CGTCGCCA	9.249163	-8.490667	0	T:28.0(0.49%),B:93.7(0.23%),P:1e-3	Tpos:33.7,Tstd:15.1,Bpos:24.0,Bstd:26.3,StrandBias:-0.3,Multiplicity:1.00
0.001	0.997	0.001	0.001
0.001	0.001	0.997	0.001
0.001	0.001	0.001	0.997
0.001	0.997	0.001	0.001
0.162	0.001	0.836	0.001
0.001	0.997	0.001	0.001
0.001	0.997	0.001	0.001
0.997	0.001	0.001	0.001
