>RSCGGAAGTG	1-RSCGGAAGTG	6.624493	-219.330530	0	T:535.0(9.33%),B:1367.4(3.35%),P:1e-95	Tpos:46.0,Tstd:23.3,Bpos:50.9,Bstd:35.4,StrandBias:0.3,Multiplicity:1.18
0.362	0.200	0.308	0.131
0.145	0.455	0.359	0.041
0.153	0.613	0.114	0.120
0.004	0.001	0.994	0.001
0.001	0.001	0.997	0.001
0.989	0.001	0.001	0.009
0.846	0.001	0.001	0.152
0.259	0.185	0.513	0.043
0.151	0.214	0.138	0.496
0.164	0.168	0.424	0.244
>RGGGCGGGRC	2-RGGGCGGGRC	8.506983	-168.473506	0	T:346.0(6.03%),B:784.2(1.92%),P:1e-73	Tpos:31.5,Tstd:20.9,Bpos:51.7,Bstd:35.4,StrandBias:0.2,Multiplicity:1.13
0.320	0.001	0.416	0.262
0.168	0.001	0.804	0.027
0.001	0.001	0.997	0.001
0.078	0.001	0.879	0.042
0.001	0.723	0.041	0.235
0.137	0.001	0.740	0.122
0.079	0.056	0.574	0.291
0.334	0.001	0.571	0.094
0.354	0.156	0.404	0.086
0.001	0.617	0.001	0.381
>CCCCCCCCCY	3-CCCCCCCCCY	7.162452	-145.258934	0	T:703.0(12.26%),B:2539.0(6.23%),P:1e-63	Tpos:40.0,Tstd:21.2,Bpos:49.8,Bstd:32.4,StrandBias:-0.9,Multiplicity:1.21
0.070	0.686	0.012	0.232
0.131	0.735	0.001	0.133
0.136	0.730	0.076	0.058
0.080	0.737	0.120	0.063
0.066	0.725	0.166	0.043
0.001	0.915	0.001	0.083
0.012	0.890	0.001	0.097
0.005	0.768	0.001	0.226
0.115	0.645	0.001	0.239
0.121	0.390	0.001	0.488
>CCGCCATTTT	4-CCGCCATTTT	7.163633	-126.823982	0	T:225.0(3.92%),B:457.9(1.12%),P:1e-55	Tpos:60.4,Tstd:25.0,Bpos:47.4,Bstd:31.5,StrandBias:-0.7,Multiplicity:1.02
0.054	0.845	0.074	0.027
0.065	0.789	0.092	0.054
0.022	0.043	0.852	0.083
0.054	0.828	0.063	0.055
0.022	0.882	0.063	0.033
0.805	0.079	0.105	0.011
0.055	0.123	0.080	0.742
0.033	0.134	0.079	0.754
0.063	0.042	0.105	0.790
0.081	0.045	0.157	0.717
>CGCATGCGCA	5-CGCATGCGCA	8.696634	-98.157117	0	T:130.0(2.27%),B:206.8(0.51%),P:1e-42	Tpos:36.3,Tstd:18.6,Bpos:52.5,Bstd:37.3,StrandBias:0.0,Multiplicity:1.10
0.094	0.833	0.046	0.027
0.023	0.015	0.910	0.052
0.038	0.907	0.027	0.028
0.662	0.174	0.092	0.072
0.063	0.044	0.129	0.764
0.031	0.063	0.852	0.054
0.041	0.885	0.036	0.038
0.027	0.048	0.793	0.132
0.015	0.882	0.060	0.043
0.514	0.115	0.291	0.080
>YGATTGGCGG	6-YGATTGGCGG	6.545184	-86.921844	0	T:332.0(5.79%),B:1073.2(2.63%),P:1e-37	Tpos:41.2,Tstd:27.4,Bpos:47.7,Bstd:29.2,StrandBias:0.4,Multiplicity:1.05
0.048	0.385	0.192	0.375
0.293	0.178	0.528	0.001
0.746	0.001	0.194	0.059
0.013	0.076	0.030	0.881
0.001	0.001	0.090	0.908
0.001	0.001	0.997	0.001
0.001	0.001	0.997	0.001
0.050	0.668	0.040	0.242
0.147	0.122	0.517	0.214
0.229	0.302	0.468	0.001
>GATGATGAAG	7-GATGATGAAG	5.363807	-85.838695	0	T:1296.0(22.60%),B:6553.9(16.07%),P:1e-37	Tpos:53.4,Tstd:25.5,Bpos:49.7,Bstd:31.7,StrandBias:1.6,Multiplicity:1.21
0.108	0.077	0.752	0.063
0.499	0.187	0.157	0.158
0.264	0.074	0.197	0.465
0.081	0.079	0.769	0.071
0.638	0.141	0.148	0.073
0.301	0.072	0.140	0.487
0.063	0.063	0.826	0.048
0.602	0.103	0.193	0.102
0.506	0.108	0.124	0.262
0.097	0.080	0.758	0.065
>CGGCGGAATT	8-CGGCGGAATT	5.060106	-84.210106	0	T:433.0(7.55%),B:1590.0(3.90%),P:1e-36	Tpos:50.8,Tstd:26.9,Bpos:50.5,Bstd:32.3,StrandBias:0.9,Multiplicity:1.02
0.094	0.677	0.133	0.096
0.092	0.085	0.725	0.098
0.059	0.101	0.775	0.065
0.116	0.658	0.115	0.111
0.108	0.080	0.689	0.123
0.080	0.105	0.730	0.085
0.666	0.128	0.123	0.083
0.655	0.108	0.122	0.115
0.091	0.109	0.103	0.697
0.057	0.111	0.104	0.728
>DSHGGAKGAG	9-DSHGGAKGAG	6.598771	-82.820640	0	T:581.0(10.13%),B:2384.0(5.85%),P:1e-35	Tpos:52.8,Tstd:25.6,Bpos:49.8,Bstd:29.8,StrandBias:1.4,Multiplicity:1.06
0.357	0.171	0.222	0.250
0.151	0.300	0.446	0.103
0.239	0.222	0.180	0.360
0.359	0.001	0.639	0.001
0.001	0.001	0.997	0.001
0.684	0.001	0.264	0.051
0.136	0.165	0.405	0.294
0.022	0.001	0.976	0.001
0.637	0.001	0.001	0.361
0.019	0.219	0.523	0.239
>TATCAGCAGT	10-TATCAGCAGT	8.271140	-81.672503	0	T:35.0(0.61%),B:10.2(0.02%),P:1e-35	Tpos:65.5,Tstd:14.4,Bpos:40.1,Bstd:27.7,StrandBias:2.6,Multiplicity:1.00
0.001	0.001	0.001	0.997
0.997	0.001	0.001	0.001
0.001	0.001	0.001	0.997
0.001	0.997	0.001	0.001
0.997	0.001	0.001	0.001
0.001	0.001	0.997	0.001
0.001	0.997	0.001	0.001
0.979	0.019	0.001	0.001
0.001	0.001	0.997	0.001
0.001	0.001	0.201	0.797
>TTTAGGGGGA	11-TTTAGGGGGA	4.718986	-75.666852	0	T:1035.0(18.05%),B:5097.1(12.50%),P:1e-32	Tpos:50.3,Tstd:23.6,Bpos:49.9,Bstd:28.2,StrandBias:1.3,Multiplicity:1.07
0.090	0.103	0.115	0.692
0.082	0.108	0.099	0.711
0.098	0.112	0.116	0.674
0.697	0.089	0.114	0.100
0.119	0.075	0.707	0.099
0.097	0.075	0.740	0.088
0.095	0.077	0.724	0.104
0.079	0.089	0.715	0.117
0.109	0.091	0.694	0.106
0.649	0.107	0.135	0.109
>MTCGGAATAA	12-MTCGGAATAA	4.331108	-64.767338	0	T:792.0(13.81%),B:3786.4(9.28%),P:1e-28	Tpos:51.5,Tstd:25.3,Bpos:50.0,Bstd:34.4,StrandBias:0.3,Multiplicity:1.06
0.380	0.346	0.190	0.085
0.067	0.270	0.208	0.455
0.065	0.901	0.001	0.033
0.001	0.015	0.983	0.001
0.286	0.029	0.463	0.222
0.460	0.082	0.216	0.242
0.516	0.238	0.001	0.245
0.212	0.162	0.234	0.393
0.465	0.055	0.275	0.205
0.619	0.085	0.144	0.152
>TCACGTGACG	13-TCACGTGACG	6.765049	-63.207013	0	T:63.0(1.10%),B:75.8(0.19%),P:1e-27	Tpos:31.4,Tstd:22.0,Bpos:52.4,Bstd:27.7,StrandBias:-0.2,Multiplicity:1.03
0.135	0.248	0.041	0.576
0.055	0.531	0.274	0.140
0.664	0.145	0.077	0.114
0.171	0.649	0.087	0.093
0.131	0.203	0.566	0.100
0.114	0.167	0.062	0.657
0.109	0.280	0.499	0.112
0.585	0.130	0.168	0.117
0.115	0.615	0.160	0.110
0.102	0.262	0.561	0.075
>TTCTCCACTT	14-TTCTCCACTT	6.652681	-61.710146	0	T:581.0(10.13%),B:2595.7(6.36%),P:1e-26	Tpos:50.5,Tstd:25.6,Bpos:49.7,Bstd:30.5,StrandBias:-0.7,Multiplicity:1.02
0.060	0.131	0.069	0.740
0.054	0.065	0.045	0.836
0.060	0.790	0.083	0.067
0.076	0.022	0.034	0.868
0.038	0.809	0.087	0.066
0.052	0.857	0.021	0.070
0.757	0.114	0.079	0.050
0.088	0.798	0.063	0.051
0.076	0.106	0.059	0.759
0.061	0.081	0.066	0.792
>TNKCWACAGG	15-TNKCWACAGG	6.160242	-58.636668	0	T:662.0(11.55%),B:3099.6(7.60%),P:1e-25	Tpos:49.0,Tstd:27.0,Bpos:50.0,Bstd:28.0,StrandBias:-0.0,Multiplicity:1.05
0.049	0.155	0.115	0.681
0.207	0.283	0.229	0.280
0.053	0.193	0.385	0.369
0.013	0.799	0.001	0.187
0.357	0.171	0.007	0.465
0.711	0.079	0.063	0.147
0.001	0.997	0.001	0.001
0.763	0.001	0.001	0.235
0.001	0.001	0.997	0.001
0.001	0.267	0.457	0.275
>TTGCCGCAGA	16-TTGCCGCAGA	6.416772	-46.525315	0	T:363.0(6.33%),B:1535.7(3.77%),P:1e-20	Tpos:52.5,Tstd:27.3,Bpos:49.7,Bstd:30.2,StrandBias:0.3,Multiplicity:1.04
0.046	0.124	0.057	0.773
0.032	0.079	0.072	0.817
0.049	0.067	0.842	0.042
0.050	0.838	0.047	0.065
0.083	0.733	0.055	0.129
0.073	0.062	0.791	0.074
0.052	0.843	0.069	0.036
0.792	0.115	0.041	0.052
0.063	0.088	0.821	0.028
0.757	0.109	0.042	0.092
>TGGCCCTCTT	17-TGGCCCTCTT	6.540878	-45.613463	0	T:454.0(7.92%),B:2055.2(5.04%),P:1e-19	Tpos:51.5,Tstd:25.4,Bpos:48.9,Bstd:28.6,StrandBias:-0.6,Multiplicity:1.03
0.050	0.052	0.093	0.805
0.079	0.076	0.766	0.079
0.071	0.054	0.775	0.100
0.056	0.788	0.078	0.078
0.065	0.807	0.063	0.065
0.056	0.774	0.067	0.103
0.061	0.049	0.048	0.842
0.031	0.811	0.094	0.064
0.039	0.064	0.060	0.837
0.080	0.061	0.060	0.799
>TGTAGGCGGT	18-TGTAGGCGGT	6.198276	-43.532906	0	T:345.0(6.02%),B:1466.7(3.60%),P:1e-18	Tpos:51.1,Tstd:26.6,Bpos:47.7,Bstd:29.3,StrandBias:0.8,Multiplicity:1.05
0.053	0.001	0.054	0.892
0.028	0.007	0.964	0.001
0.138	0.022	0.151	0.689
0.722	0.103	0.060	0.115
0.046	0.001	0.910	0.043
0.074	0.102	0.776	0.048
0.080	0.674	0.079	0.167
0.174	0.036	0.737	0.053
0.022	0.124	0.728	0.126
0.001	0.083	0.008	0.908
>CAGTGATGAC	19-CAGTGATGAC	9.018934	-35.331909	0	T:53.0(0.92%),B:97.8(0.24%),P:1e-15	Tpos:60.2,Tstd:26.5,Bpos:55.2,Bstd:23.2,StrandBias:0.1,Multiplicity:1.05
0.046	0.801	0.107	0.046
0.997	0.001	0.001	0.001
0.046	0.046	0.801	0.107
0.001	0.001	0.001	0.997
0.019	0.046	0.903	0.032
0.922	0.035	0.001	0.042
0.023	0.001	0.001	0.975
0.042	0.001	0.911	0.046
0.997	0.001	0.001	0.001
0.107	0.710	0.117	0.066
>ATCTCGCGAG	20-ATCTCGCGAG	10.030163	-32.705598	0	T:23.0(0.40%),B:18.0(0.04%),P:1e-14	Tpos:36.1,Tstd:20.8,Bpos:33.2,Bstd:28.4,StrandBias:-0.6,Multiplicity:1.00
0.565	0.206	0.001	0.228
0.055	0.001	0.001	0.943
0.055	0.889	0.055	0.001
0.001	0.055	0.001	0.943
0.055	0.943	0.001	0.001
0.055	0.001	0.943	0.001
0.001	0.943	0.055	0.001
0.001	0.001	0.997	0.001
0.997	0.001	0.001	0.001
0.001	0.001	0.997	0.001
>CGCCGCTGTT	21-CGCCGCTGTT	6.887128	-29.836342	0	T:248.0(4.33%),B:1072.4(2.63%),P:1e-12	Tpos:56.4,Tstd:26.4,Bpos:48.8,Bstd:37.2,StrandBias:-0.1,Multiplicity:1.04
0.045	0.811	0.091	0.053
0.049	0.041	0.836	0.074
0.064	0.797	0.058	0.081
0.074	0.746	0.049	0.131
0.049	0.078	0.824	0.049
0.044	0.829	0.073	0.054
0.079	0.059	0.080	0.782
0.039	0.085	0.806	0.070
0.043	0.099	0.076	0.782
0.068	0.045	0.099	0.788
>CAMAGCMWAC	22-CAMAGCMWAC	6.871056	-24.863232	0	T:56.0(0.98%),B:140.5(0.34%),P:1e-10	Tpos:50.5,Tstd:27.9,Bpos:52.6,Bstd:25.6,StrandBias:-1.5,Multiplicity:1.11
0.008	0.814	0.078	0.100
0.494	0.159	0.343	0.004
0.381	0.509	0.107	0.003
0.709	0.007	0.006	0.278
0.141	0.208	0.489	0.162
0.249	0.604	0.003	0.144
0.458	0.403	0.001	0.138
0.342	0.205	0.043	0.410
0.538	0.231	0.004	0.227
0.231	0.515	0.189	0.065
>ACTCAGTATC	23-ACTCAGTATC	10.296193	-22.384542	0	T:7.0(0.12%),B:1.9(0.00%),P:1e-9	Tpos:52.0,Tstd:28.9,Bpos:70.6,Bstd:11.8,StrandBias:0.4,Multiplicity:1.00
0.700	0.100	0.100	0.100
0.100	0.700	0.100	0.100
0.100	0.100	0.100	0.700
0.100	0.700	0.100	0.100
0.700	0.100	0.100	0.100
0.100	0.100	0.700	0.100
0.100	0.100	0.100	0.700
0.700	0.100	0.100	0.100
0.100	0.100	0.100	0.700
0.100	0.700	0.100	0.100
>AAGGCCCCGC	24-AAGGCCCCGC	11.553120	-17.851025	0	T:15.0(0.26%),B:16.8(0.04%),P:1e-7	Tpos:39.1,Tstd:27.5,Bpos:37.9,Bstd:19.2,StrandBias:-0.3,Multiplicity:1.00
0.997	0.001	0.001	0.001
0.997	0.001	0.001	0.001
0.001	0.001	0.997	0.001
0.102	0.001	0.896	0.001
0.001	0.997	0.001	0.001
0.001	0.997	0.001	0.001
0.001	0.997	0.001	0.001
0.001	0.997	0.001	0.001
0.001	0.001	0.997	0.001
0.001	0.997	0.001	0.001
>GACCAGTGGG	25-GACCAGTGGG	12.236414	-17.576269	0	T:10.0(0.17%),B:6.1(0.01%),P:1e-7	Tpos:55.4,Tstd:23.8,Bpos:67.0,Bstd:12.5,StrandBias:1.2,Multiplicity:1.00
0.001	0.001	0.997	0.001
0.997	0.001	0.001	0.001
0.001	0.997	0.001	0.001
0.001	0.997	0.001	0.001
0.997	0.001	0.001	0.001
0.001	0.001	0.997	0.001
0.001	0.001	0.001	0.997
0.001	0.001	0.796	0.202
0.001	0.001	0.997	0.001
0.001	0.001	0.997	0.001
>ARCCGGAAGTGG	1-ARCCGGAAGTGG	7.662334	-161.480527	0	T:367.0(6.40%),B:891.5(2.19%),P:1e-70	Tpos:46.6,Tstd:23.3,Bpos:49.1,Bstd:34.5,StrandBias:0.5,Multiplicity:1.17
0.576	0.072	0.211	0.141
0.478	0.108	0.344	0.069
0.085	0.679	0.228	0.008
0.172	0.720	0.008	0.100
0.015	0.001	0.938	0.046
0.007	0.001	0.991	0.001
0.976	0.022	0.001	0.001
0.984	0.001	0.014	0.001
0.123	0.015	0.861	0.001
0.148	0.181	0.100	0.571
0.185	0.062	0.686	0.067
0.200	0.188	0.581	0.031
>CGCCGCCATTTT	2-CGCCGCCATTTT	9.925891	-132.470984	0	T:102.0(1.78%),B:85.4(0.21%),P:1e-57	Tpos:70.0,Tstd:19.8,Bpos:43.1,Bstd:34.4,StrandBias:-1.3,Multiplicity:1.01
0.180	0.509	0.174	0.137
0.073	0.096	0.731	0.100
0.014	0.904	0.068	0.014
0.078	0.785	0.027	0.110
0.014	0.014	0.917	0.055
0.001	0.997	0.001	0.001
0.027	0.959	0.013	0.001
0.945	0.027	0.027	0.001
0.001	0.027	0.027	0.945
0.014	0.298	0.156	0.532
0.014	0.041	0.055	0.890
0.014	0.055	0.041	0.890
>GCGCATGCGCAB	3-GCGCATGCGCAB	10.321433	-119.457042	0	T:124.0(2.16%),B:153.0(0.38%),P:1e-51	Tpos:37.7,Tstd:18.7,Bpos:53.8,Bstd:34.6,StrandBias:-0.0,Multiplicity:1.06
0.113	0.053	0.833	0.001
0.203	0.795	0.001	0.001
0.035	0.001	0.963	0.001
0.001	0.997	0.001	0.001
0.596	0.169	0.091	0.144
0.108	0.103	0.246	0.543
0.001	0.001	0.997	0.001
0.001	0.981	0.001	0.017
0.001	0.001	0.751	0.247
0.001	0.997	0.001	0.001
0.403	0.247	0.224	0.126
0.135	0.295	0.360	0.211
>GGGGCGGGGCTT	4-GGGGCGGGGCTT	7.424791	-107.587075	0	T:264.0(4.60%),B:673.0(1.65%),P:1e-46	Tpos:34.0,Tstd:22.7,Bpos:48.5,Bstd:33.9,StrandBias:0.4,Multiplicity:1.06
0.001	0.051	0.947	0.001
0.104	0.001	0.894	0.001
0.001	0.001	0.997	0.001
0.001	0.001	0.997	0.001
0.001	0.878	0.001	0.120
0.001	0.001	0.997	0.001
0.001	0.001	0.618	0.380
0.001	0.001	0.997	0.001
0.121	0.157	0.721	0.001
0.001	0.997	0.001	0.001
0.052	0.322	0.052	0.574
0.001	0.001	0.312	0.686
>ARTGGGCGGGGC	5-ARTGGGCGGGGC	9.007653	-99.946907	0	T:338.0(5.89%),B:1030.9(2.53%),P:1e-43	Tpos:38.7,Tstd:22.0,Bpos:52.4,Bstd:29.9,StrandBias:0.9,Multiplicity:1.04
0.579	0.085	0.273	0.063
0.479	0.116	0.369	0.036
0.233	0.009	0.239	0.519
0.018	0.045	0.928	0.009
0.001	0.001	0.981	0.017
0.018	0.128	0.853	0.001
0.227	0.673	0.018	0.082
0.120	0.009	0.799	0.072
0.009	0.149	0.819	0.023
0.235	0.027	0.705	0.033
0.054	0.015	0.930	0.001
0.155	0.719	0.045	0.081
>TCTATCAGCAGT	6-TCTATCAGCAGT	12.939786	-80.040686	0	T:25.0(0.44%),B:3.8(0.01%),P:1e-34	Tpos:67.1,Tstd:8.0,Bpos:9.8,Bstd:2.5,StrandBias:4.4,Multiplicity:1.00
0.041	0.041	0.041	0.877
0.001	0.919	0.040	0.040
0.001	0.001	0.001	0.997
0.971	0.001	0.001	0.027
0.001	0.001	0.001	0.997
0.001	0.997	0.001	0.001
0.997	0.001	0.001	0.001
0.040	0.001	0.958	0.001
0.001	0.997	0.001	0.001
0.958	0.001	0.001	0.040
0.001	0.001	0.997	0.001
0.001	0.001	0.155	0.843
>GTATTTCCGGCG	7-GTATTTCCGGCG	11.054360	-72.326969	0	T:21.0(0.37%),B:2.4(0.01%),P:1e-31	Tpos:39.0,Tstd:20.9,Bpos:26.5,Bstd:1.6,StrandBias:1.6,Multiplicity:1.00
0.001	0.001	0.997	0.001
0.145	0.074	0.165	0.616
0.678	0.155	0.166	0.001
0.001	0.145	0.179	0.675
0.001	0.001	0.001	0.997
0.001	0.216	0.001	0.782
0.001	0.997	0.001	0.001
0.001	0.997	0.001	0.001
0.001	0.072	0.855	0.072
0.001	0.001	0.997	0.001
0.290	0.566	0.072	0.072
0.001	0.167	0.831	0.001
>GATGATGATGAT	8-GATGATGATGAT	4.923412	-71.550302	0	T:1174.0(20.47%),B:6011.6(14.74%),P:1e-31	Tpos:53.6,Tstd:25.8,Bpos:49.2,Bstd:29.6,StrandBias:1.2,Multiplicity:1.21
0.116	0.100	0.697	0.087
0.633	0.139	0.114	0.114
0.152	0.062	0.124	0.662
0.097	0.104	0.707	0.092
0.644	0.137	0.110	0.109
0.164	0.072	0.111	0.653
0.102	0.094	0.712	0.092
0.653	0.126	0.092	0.129
0.148	0.067	0.126	0.659
0.106	0.102	0.714	0.078
0.645	0.127	0.108	0.120
0.145	0.119	0.115	0.621
>RGGGGGGGGGGG	9-RGGGGGGGGGGG	6.375483	-57.617377	0	T:816.0(14.23%),B:4028.5(9.88%),P:1e-25	Tpos:42.1,Tstd:22.2,Bpos:49.8,Bstd:31.4,StrandBias:1.0,Multiplicity:1.19
0.335	0.060	0.458	0.146
0.293	0.073	0.555	0.079
0.185	0.076	0.643	0.096
0.161	0.084	0.676	0.079
0.200	0.084	0.636	0.080
0.151	0.081	0.675	0.093
0.119	0.106	0.690	0.085
0.160	0.137	0.620	0.083
0.161	0.099	0.654	0.086
0.183	0.162	0.580	0.075
0.251	0.111	0.557	0.081
0.192	0.220	0.516	0.072
>GTGGTGGAGGAG	10-GTGGTGGAGGAG	7.709808	-52.513756	0	T:323.0(5.63%),B:1265.9(3.10%),P:1e-22	Tpos:49.5,Tstd:25.3,Bpos:48.2,Bstd:27.9,StrandBias:1.7,Multiplicity:1.04
0.067	0.119	0.733	0.081
0.126	0.096	0.115	0.663
0.071	0.061	0.795	0.073
0.104	0.114	0.707	0.075
0.152	0.100	0.114	0.634
0.078	0.044	0.828	0.050
0.091	0.078	0.780	0.051
0.706	0.096	0.110	0.088
0.090	0.053	0.795	0.062
0.091	0.065	0.800	0.044
0.753	0.077	0.089	0.081
0.067	0.069	0.807	0.057
>AATGGCAGCGGC	11-AATGGCAGCGGC	9.452432	-47.411749	0	T:85.0(1.48%),B:177.6(0.44%),P:1e-20	Tpos:54.8,Tstd:28.5,Bpos:47.1,Bstd:30.5,StrandBias:-0.0,Multiplicity:1.00
0.718	0.118	0.147	0.017
0.767	0.086	0.130	0.017
0.068	0.101	0.077	0.754
0.085	0.001	0.897	0.017
0.051	0.017	0.898	0.034
0.001	0.982	0.001	0.016
0.719	0.085	0.128	0.068
0.085	0.017	0.881	0.017
0.034	0.847	0.051	0.068
0.085	0.051	0.763	0.101
0.051	0.034	0.898	0.017
0.034	0.880	0.034	0.052
>AATCTCGCGAGA	12-AATCTCGCGAGA	8.329882	-39.861041	0	T:36.0(0.63%),B:39.8(0.10%),P:1e-17	Tpos:39.2,Tstd:23.1,Bpos:37.9,Bstd:33.8,StrandBias:0.1,Multiplicity:1.03
0.636	0.068	0.263	0.033
0.506	0.198	0.066	0.230
0.035	0.033	0.066	0.866
0.099	0.899	0.001	0.001
0.033	0.131	0.001	0.835
0.066	0.900	0.033	0.001
0.001	0.001	0.964	0.034
0.066	0.899	0.034	0.001
0.001	0.033	0.933	0.033
0.900	0.033	0.066	0.001
0.066	0.066	0.802	0.066
0.867	0.066	0.001	0.066
>GCCAKTGGTGGT	13-GCCAKTGGTGGT	8.268462	-37.968480	0	T:113.0(1.97%),B:326.8(0.80%),P:1e-16	Tpos:46.9,Tstd:24.0,Bpos:50.3,Bstd:26.0,StrandBias:0.6,Multiplicity:1.01
0.020	0.223	0.654	0.103
0.041	0.675	0.041	0.243
0.001	0.958	0.021	0.020
0.816	0.122	0.001	0.061
0.041	0.243	0.425	0.291
0.162	0.001	0.040	0.797
0.020	0.001	0.938	0.041
0.041	0.061	0.817	0.081
0.102	0.001	0.041	0.856
0.001	0.019	0.979	0.001
0.041	0.142	0.654	0.163
0.163	0.021	0.162	0.654
>CWGTGACGTCAS	14-CWGTGACGTCAS	11.140264	-37.684836	0	T:14.0(0.24%),B:3.6(0.01%),P:1e-16	Tpos:25.4,Tstd:14.9,Bpos:24.0,Bstd:17.1,StrandBias:0.0,Multiplicity:1.00
0.221	0.495	0.111	0.172
0.408	0.197	0.062	0.334
0.013	0.062	0.851	0.074
0.037	0.037	0.025	0.901
0.037	0.099	0.827	0.037
0.877	0.086	0.012	0.025
0.086	0.729	0.086	0.099
0.111	0.123	0.716	0.050
0.049	0.074	0.049	0.828
0.062	0.753	0.173	0.012
0.816	0.001	0.110	0.073
0.037	0.484	0.381	0.098
>BBKTCASGTGAC	15-BBKTCASGTGAC	10.288589	-37.637408	0	T:18.0(0.31%),B:7.7(0.02%),P:1e-16	Tpos:37.1,Tstd:21.2,Bpos:43.3,Bstd:12.7,StrandBias:0.6,Multiplicity:1.00
0.180	0.346	0.229	0.245
0.147	0.213	0.360	0.279
0.147	0.114	0.427	0.312
0.130	0.232	0.082	0.556
0.032	0.966	0.001	0.001
0.918	0.017	0.016	0.049
0.163	0.377	0.394	0.065
0.098	0.082	0.755	0.065
0.017	0.016	0.001	0.966
0.049	0.033	0.902	0.016
0.804	0.049	0.082	0.065
0.049	0.803	0.099	0.049
>TTTTCCGGTGGA	16-TTTTCCGGTGGA	5.857486	-36.539939	0	T:342.0(5.96%),B:1524.1(3.74%),P:1e-15	Tpos:54.0,Tstd:25.0,Bpos:49.7,Bstd:30.4,StrandBias:0.5,Multiplicity:1.03
0.001	0.054	0.058	0.887
0.054	0.054	0.108	0.784
0.054	0.108	0.054	0.784
0.001	0.001	0.053	0.945
0.001	0.941	0.001	0.057
0.216	0.729	0.001	0.054
0.112	0.054	0.722	0.112
0.001	0.162	0.783	0.054
0.162	0.054	0.054	0.730
0.054	0.001	0.837	0.108
0.054	0.003	0.942	0.001
0.942	0.054	0.003	0.001
>TTTTTTTTTAWA	17-TTTTTTTTTAWA	11.609226	-33.957794	0	T:105.0(1.83%),B:310.5(0.76%),P:1e-14	Tpos:63.6,Tstd:27.7,Bpos:52.6,Bstd:31.9,StrandBias:1.6,Multiplicity:1.01
0.001	0.017	0.001	0.981
0.214	0.001	0.147	0.638
0.001	0.148	0.001	0.850
0.066	0.001	0.111	0.822
0.034	0.037	0.033	0.896
0.064	0.001	0.192	0.743
0.001	0.001	0.001	0.997
0.065	0.001	0.001	0.933
0.001	0.001	0.001	0.997
0.761	0.001	0.001	0.237
0.551	0.001	0.001	0.447
0.890	0.001	0.001	0.108
>GGGGAGAAAGTA	18-GGGGAGAAAGTA	8.251883	-33.154124	0	T:126.0(2.20%),B:411.2(1.01%),P:1e-14	Tpos:55.5,Tstd:22.5,Bpos:50.7,Bstd:30.1,StrandBias:0.9,Multiplicity:1.00
0.046	0.001	0.883	0.070
0.093	0.093	0.721	0.093
0.070	0.001	0.859	0.070
0.023	0.023	0.931	0.023
0.810	0.047	0.096	0.047
0.070	0.070	0.813	0.047
0.906	0.092	0.001	0.001
0.883	0.047	0.023	0.047
0.834	0.001	0.116	0.049
0.023	0.070	0.837	0.070
0.101	0.047	0.070	0.782
0.756	0.070	0.127	0.047
>AAGACTTMCGCG	19-AAGACTTMCGCG	10.579954	-32.587238	0	T:17.0(0.30%),B:8.5(0.02%),P:1e-14	Tpos:47.4,Tstd:27.1,Bpos:59.4,Bstd:47.3,StrandBias:-0.5,Multiplicity:1.00
0.649	0.001	0.233	0.117
0.883	0.001	0.011	0.105
0.001	0.001	0.997	0.001
0.685	0.105	0.105	0.105
0.001	0.997	0.001	0.001
0.001	0.001	0.001	0.997
0.001	0.001	0.001	0.997
0.446	0.552	0.001	0.001
0.001	0.894	0.104	0.001
0.104	0.001	0.894	0.001
0.001	0.541	0.327	0.131
0.001	0.213	0.470	0.316
>AACCAGAGGAGG	20-AACCAGAGGAGG	9.394310	-32.577212	0	T:78.0(1.36%),B:200.3(0.49%),P:1e-14	Tpos:49.5,Tstd:22.7,Bpos:50.3,Bstd:27.5,StrandBias:0.7,Multiplicity:1.02
0.813	0.043	0.100	0.044
0.761	0.124	0.072	0.043
0.107	0.683	0.153	0.057
0.058	0.877	0.036	0.029
0.843	0.057	0.057	0.043
0.057	0.057	0.872	0.014
0.899	0.029	0.043	0.029
0.124	0.001	0.847	0.028
0.030	0.053	0.874	0.043
0.913	0.014	0.030	0.043
0.100	0.029	0.857	0.014
0.120	0.043	0.766	0.071
>AAAGGGGGAAAA	21-AAAGGGGGAAAA	12.482369	-32.390605	0	T:30.0(0.52%),B:34.3(0.08%),P:1e-14	Tpos:53.3,Tstd:20.1,Bpos:45.8,Bstd:26.2,StrandBias:1.1,Multiplicity:1.00
0.953	0.045	0.001	0.001
0.953	0.001	0.045	0.001
0.849	0.001	0.045	0.105
0.045	0.001	0.953	0.001
0.045	0.045	0.909	0.001
0.045	0.001	0.953	0.001
0.088	0.001	0.910	0.001
0.256	0.045	0.698	0.001
0.953	0.001	0.045	0.001
0.909	0.045	0.045	0.001
0.953	0.001	0.045	0.001
0.997	0.001	0.001	0.001
>AATTGGCCATCA	22-AATTGGCCATCA	10.063044	-30.257910	0	T:30.0(0.52%),B:37.2(0.09%),P:1e-13	Tpos:44.9,Tstd:25.4,Bpos:52.5,Bstd:27.2,StrandBias:-0.2,Multiplicity:1.03
0.875	0.001	0.001	0.123
0.507	0.124	0.248	0.121
0.001	0.063	0.124	0.812
0.001	0.001	0.247	0.751
0.001	0.062	0.936	0.001
0.001	0.001	0.993	0.005
0.001	0.872	0.001	0.126
0.001	0.609	0.001	0.389
0.630	0.309	0.060	0.001
0.124	0.124	0.001	0.751
0.001	0.754	0.244	0.001
0.875	0.123	0.001	0.001
>GTGGRTGGGTGG	23-GTGGRTGGGTGG	8.925824	-27.856409	0	T:121.0(2.11%),B:420.5(1.03%),P:1e-12	Tpos:49.4,Tstd:24.2,Bpos:49.2,Bstd:23.4,StrandBias:2.4,Multiplicity:1.16
0.222	0.042	0.672	0.064
0.021	0.001	0.255	0.723
0.063	0.001	0.873	0.063
0.084	0.064	0.747	0.105
0.265	0.169	0.374	0.191
0.001	0.001	0.001	0.997
0.042	0.021	0.916	0.021
0.063	0.021	0.874	0.042
0.349	0.042	0.567	0.042
0.001	0.021	0.147	0.831
0.001	0.001	0.978	0.020
0.117	0.042	0.806	0.035
>TGGGGCTACTTG	24-TGGGGCTACTTG	10.948720	-22.076379	0	T:13.0(0.23%),B:8.0(0.02%),P:1e-9	Tpos:51.5,Tstd:21.0,Bpos:42.4,Bstd:17.4,StrandBias:0.2,Multiplicity:1.00
0.055	0.001	0.001	0.943
0.111	0.001	0.887	0.001
0.056	0.001	0.887	0.056
0.112	0.004	0.883	0.001
0.001	0.130	0.757	0.112
0.001	0.887	0.056	0.056
0.056	0.112	0.168	0.664
0.687	0.191	0.061	0.061
0.004	0.939	0.001	0.056
0.001	0.112	0.056	0.831
0.001	0.111	0.001	0.887
0.056	0.061	0.771	0.112
>CCCCHCTCCCCC	25-CCCCHCTCCCCC	9.851529	-16.798161	0	T:143.0(2.49%),B:630.8(1.55%),P:1e-7	Tpos:44.7,Tstd:24.3,Bpos:56.1,Bstd:27.4,StrandBias:-1.0,Multiplicity:1.02
0.038	0.960	0.001	0.001
0.001	0.920	0.040	0.039
0.104	0.894	0.001	0.001
0.158	0.477	0.172	0.192
0.200	0.350	0.146	0.305
0.001	0.960	0.038	0.001
0.001	0.001	0.001	0.997
0.078	0.549	0.042	0.331
0.190	0.702	0.042	0.066
0.001	0.921	0.001	0.077
0.001	0.997	0.001	0.001
0.001	0.880	0.118	0.001
>CGGAAG	1-CGGAAG	7.057948	-179.485588	0	T:578.0(10.08%),B:1730.7(4.24%),P:1e-77	Tpos:46.6,Tstd:24.7,Bpos:50.2,Bstd:37.5,StrandBias:0.3,Multiplicity:1.24
0.001	0.997	0.001	0.001
0.001	0.001	0.997	0.001
0.001	0.001	0.997	0.001
0.997	0.001	0.001	0.001
0.997	0.001	0.001	0.001
0.288	0.001	0.710	0.001
>ATCCGG	2-ATCCGG	3.490304	-105.824531	0	T:835.0(14.56%),B:3573.0(8.76%),P:1e-45	Tpos:49.4,Tstd:26.9,Bpos:49.6,Bstd:37.2,StrandBias:0.1,Multiplicity:1.08
0.677	0.001	0.001	0.321
0.335	0.001	0.001	0.663
0.001	0.997	0.001	0.001
0.001	0.997	0.001	0.001
0.001	0.001	0.997	0.001
0.249	0.001	0.732	0.018
>AACGGC	3-AACGGC	4.089425	-103.246062	0	T:1674.0(29.19%),B:8668.5(21.25%),P:1e-44	Tpos:52.1,Tstd:27.5,Bpos:49.7,Bstd:34.7,StrandBias:-0.0,Multiplicity:1.21
0.718	0.001	0.103	0.178
0.514	0.116	0.145	0.225
0.091	0.771	0.011	0.127
0.244	0.121	0.539	0.096
0.088	0.101	0.758	0.053
0.149	0.704	0.054	0.093
>AGGGGG	4-AGGGGG	4.740761	-99.307102	0	T:2710.0(47.26%),B:15606.1(38.27%),P:1e-43	Tpos:50.1,Tstd:25.3,Bpos:49.9,Bstd:31.5,StrandBias:0.9,Multiplicity:1.47
0.997	0.001	0.001	0.001
0.208	0.001	0.790	0.001
0.192	0.001	0.806	0.001
0.186	0.001	0.812	0.001
0.001	0.001	0.997	0.001
0.001	0.001	0.997	0.001
>CGTCAT	5-CGTCAT	4.403596	-86.742287	0	T:1712.0(29.86%),B:9172.3(22.49%),P:1e-37	Tpos:51.0,Tstd:28.1,Bpos:50.1,Bstd:31.8,StrandBias:-0.5,Multiplicity:1.28
0.055	0.895	0.049	0.001
0.131	0.001	0.809	0.059
0.017	0.113	0.044	0.826
0.030	0.968	0.001	0.001
0.988	0.001	0.010	0.001
0.026	0.196	0.123	0.655
>TCGTCG	6-TCGTCG	3.238773	-79.510082	0	T:3411.0(59.49%),B:20949.5(51.37%),P:1e-34	Tpos:51.9,Tstd:27.7,Bpos:50.2,Bstd:34.7,StrandBias:-0.5,Multiplicity:1.49
0.084	0.041	0.114	0.761
0.114	0.653	0.053	0.180
0.040	0.172	0.564	0.224
0.094	0.128	0.103	0.675
0.106	0.811	0.036	0.047
0.214	0.103	0.541	0.142
>CTCGTC	7-CTCGTC	1.090107	-75.133891	0	T:2632.0(45.90%),B:15550.2(38.13%),P:1e-32	Tpos:49.8,Tstd:26.6,Bpos:50.2,Bstd:32.4,StrandBias:-1.0,Multiplicity:1.22
0.001	0.997	0.001	0.001
0.001	0.001	0.001	0.997
0.001	0.997	0.001	0.001
0.001	0.279	0.719	0.001
0.004	0.260	0.001	0.735
0.001	0.997	0.001	0.001
>TAACGC	8-TAACGC	4.206077	-72.583141	0	T:1290.0(22.50%),B:6719.3(16.48%),P:1e-31	Tpos:49.5,Tstd:27.0,Bpos:49.9,Bstd:32.1,StrandBias:-0.4,Multiplicity:1.12
0.135	0.001	0.089	0.775
0.724	0.074	0.009	0.193
0.501	0.249	0.249	0.001
0.063	0.782	0.120	0.035
0.001	0.417	0.581	0.001
0.004	0.968	0.027	0.001
>CCAATC	9-CCAATC	6.244248	-45.495681	0	T:747.0(13.03%),B:3794.0(9.30%),P:1e-19	Tpos:45.2,Tstd:29.0,Bpos:49.8,Bstd:29.7,StrandBias:-0.5,Multiplicity:1.06
0.001	0.997	0.001	0.001
0.001	0.997	0.001	0.001
0.997	0.001	0.001	0.001
0.997	0.001	0.001	0.001
0.001	0.279	0.001	0.719
0.001	0.821	0.177	0.001
>CAGTTG	10-CAGTTG	5.392175	-39.828655	0	T:1099.0(19.17%),B:6108.1(14.98%),P:1e-17	Tpos:51.5,Tstd:28.2,Bpos:50.0,Bstd:29.6,StrandBias:0.1,Multiplicity:1.06
0.001	0.997	0.001	0.001
0.997	0.001	0.001	0.001
0.001	0.001	0.997	0.001
0.001	0.230	0.001	0.768
0.164	0.083	0.001	0.752
0.149	0.001	0.849	0.001
>GCRKCA	11-GCRKCA	5.493318	-38.859674	0	T:1335.0(23.28%),B:7662.7(18.79%),P:1e-16	Tpos:51.5,Tstd:28.7,Bpos:50.3,Bstd:34.9,StrandBias:0.3,Multiplicity:1.20
0.137	0.001	0.861	0.001
0.001	0.997	0.001	0.001
0.462	0.001	0.536	0.001
0.001	0.001	0.560	0.438
0.001	0.767	0.231	0.001
0.997	0.001	0.001	0.001
>TGCGCA	12-TGCGCA	6.177716	-23.700242	0	T:112.0(1.95%),B:404.2(0.99%),P:1e-10	Tpos:41.5,Tstd:24.2,Bpos:51.2,Bstd:37.2,StrandBias:0.0,Multiplicity:1.06
0.100	0.100	0.100	0.700
0.100	0.100	0.700	0.100
0.100	0.700	0.100	0.100
0.100	0.100	0.700	0.100
0.100	0.700	0.100	0.100
0.700	0.100	0.100	0.100
>TTTTAA	13-TTTTAA	7.739555	-18.037333	0	T:653.0(11.39%),B:3750.1(9.20%),P:1e-7	Tpos:47.7,Tstd:30.2,Bpos:50.5,Bstd:30.6,StrandBias:0.5,Multiplicity:1.12
0.133	0.001	0.001	0.865
0.176	0.001	0.001	0.822
0.001	0.001	0.001	0.997
0.202	0.001	0.001	0.796
0.997	0.001	0.001	0.001
0.997	0.001	0.001	0.001
>RCCGGAAG	1-RCCGGAAG	5.994784	-188.311428	0	T:424.0(7.39%),B:1025.5(2.51%),P:1e-81	Tpos:45.8,Tstd:23.6,Bpos:49.7,Bstd:37.1,StrandBias:0.4,Multiplicity:1.22
0.467	0.142	0.329	0.063
0.031	0.781	0.173	0.015
0.001	0.997	0.001	0.001
0.001	0.006	0.992	0.001
0.007	0.001	0.988	0.004
0.997	0.001	0.001	0.001
0.968	0.012	0.014	0.006
0.071	0.001	0.927	0.001
>GGGGGGGG	2-GGGGGGGG	5.480798	-129.303572	0	T:1358.0(23.68%),B:6369.8(15.62%),P:1e-56	Tpos:42.3,Tstd:23.0,Bpos:50.3,Bstd:31.9,StrandBias:1.0,Multiplicity:1.37
0.254	0.001	0.621	0.124
0.164	0.001	0.737	0.098
0.155	0.026	0.765	0.054
0.001	0.052	0.897	0.050
0.064	0.133	0.775	0.028
0.130	0.050	0.781	0.039
0.108	0.030	0.762	0.100
0.200	0.038	0.625	0.137
>GGGGRRAA	3-GGGGRRAA	4.195595	-108.214008	0	T:2515.0(43.86%),B:14114.3(34.61%),P:1e-46	Tpos:51.8,Tstd:25.3,Bpos:49.4,Bstd:33.1,StrandBias:0.7,Multiplicity:1.20
0.128	0.257	0.606	0.009
0.129	0.272	0.441	0.157
0.274	0.134	0.580	0.012
0.180	0.015	0.668	0.137
0.443	0.174	0.330	0.053
0.459	0.130	0.387	0.024
0.607	0.116	0.154	0.123
0.749	0.041	0.143	0.067
>TGATGAYG	4-TGATGAYG	3.876667	-105.504153	0	T:3240.0(56.51%),B:19200.1(47.08%),P:1e-45	Tpos:52.8,Tstd:26.9,Bpos:49.9,Bstd:30.8,StrandBias:0.8,Multiplicity:1.47
0.211	0.054	0.050	0.685
0.027	0.104	0.798	0.071
0.413	0.186	0.170	0.231
0.262	0.134	0.016	0.588
0.058	0.005	0.931	0.006
0.456	0.164	0.251	0.129
0.182	0.381	0.091	0.345
0.094	0.028	0.807	0.071
>AATCGGCG	5-AATCGGCG	3.904273	-101.129135	0	T:1730.0(30.17%),B:9057.7(22.21%),P:1e-43	Tpos:51.0,Tstd:27.2,Bpos:49.6,Bstd:35.1,StrandBias:0.2,Multiplicity:1.22
0.796	0.097	0.041	0.066
0.768	0.080	0.060	0.092
0.123	0.084	0.113	0.680
0.061	0.741	0.093	0.105
0.145	0.069	0.694	0.092
0.066	0.098	0.765	0.071
0.084	0.776	0.043	0.097
0.060	0.086	0.782	0.072
>CAGCTGTT	6-CAGCTGTT	4.532451	-100.676507	0	T:2046.0(35.68%),B:11113.5(27.25%),P:1e-43	Tpos:51.1,Tstd:28.1,Bpos:50.5,Bstd:30.4,StrandBias:0.1,Multiplicity:1.13
0.097	0.665	0.160	0.078
0.665	0.089	0.110	0.136
0.113	0.077	0.776	0.034
0.057	0.865	0.027	0.051
0.096	0.069	0.080	0.755
0.081	0.078	0.718	0.123
0.086	0.085	0.054	0.775
0.078	0.035	0.097	0.790
>RCCAATCG	7-RCCAATCG	5.246289	-74.922229	0	T:299.0(5.21%),B:986.8(2.42%),P:1e-32	Tpos:40.3,Tstd:28.7,Bpos:49.2,Bstd:31.2,StrandBias:-0.3,Multiplicity:1.02
0.476	0.036	0.432	0.056
0.004	0.642	0.227	0.127
0.202	0.487	0.168	0.143
0.798	0.001	0.108	0.093
0.642	0.219	0.047	0.092
0.092	0.308	0.016	0.584
0.130	0.552	0.144	0.174
0.050	0.154	0.709	0.087
>GAAGAGGA	8-GAAGAGGA	7.017303	-72.672924	0	T:558.0(9.73%),B:2352.1(5.77%),P:1e-31	Tpos:53.1,Tstd:25.1,Bpos:49.2,Bstd:33.4,StrandBias:1.7,Multiplicity:1.09
0.001	0.001	0.997	0.001
0.884	0.062	0.027	0.027
0.652	0.001	0.263	0.084
0.001	0.028	0.970	0.001
0.864	0.060	0.001	0.075
0.014	0.001	0.984	0.001
0.027	0.001	0.971	0.001
0.876	0.039	0.048	0.037
>TATWACCG	9-TATWACCG	5.354718	-63.304850	0	T:390.0(6.80%),B:1528.7(3.75%),P:1e-27	Tpos:51.2,Tstd:28.2,Bpos:50.1,Bstd:32.4,StrandBias:0.1,Multiplicity:1.03
0.082	0.171	0.292	0.455
0.564	0.207	0.228	0.001
0.028	0.001	0.001	0.970
0.389	0.047	0.228	0.335
0.601	0.001	0.179	0.219
0.027	0.951	0.021	0.001
0.001	0.777	0.221	0.001
0.161	0.001	0.721	0.117
>AGTGGATG	10-AGTGGATG	5.308306	-60.769922	0	T:855.0(14.91%),B:4218.8(10.34%),P:1e-26	Tpos:50.2,Tstd:27.7,Bpos:49.8,Bstd:29.2,StrandBias:0.8,Multiplicity:1.06
0.753	0.137	0.061	0.049
0.059	0.095	0.724	0.122
0.132	0.090	0.050	0.728
0.089	0.079	0.783	0.049
0.070	0.052	0.775	0.103
0.765	0.123	0.051	0.061
0.019	0.064	0.183	0.734
0.093	0.039	0.746	0.122
>GCGCATGC	11-GCGCATGC	8.324691	-52.090430	0	T:199.0(3.47%),B:645.1(1.58%),P:1e-22	Tpos:40.4,Tstd:22.2,Bpos:49.3,Bstd:36.2,StrandBias:-0.2,Multiplicity:1.11
0.022	0.013	0.964	0.001
0.181	0.817	0.001	0.001
0.001	0.001	0.997	0.001
0.001	0.997	0.001	0.001
0.814	0.084	0.080	0.022
0.023	0.102	0.197	0.678
0.001	0.001	0.990	0.008
0.009	0.978	0.001	0.012
>TGACGKWW	12-TGACGKWW	5.319030	-50.498706	0	T:438.0(7.64%),B:1910.6(4.68%),P:1e-21	Tpos:46.5,Tstd:28.3,Bpos:51.2,Bstd:34.5,StrandBias:0.5,Multiplicity:1.05
0.070	0.035	0.198	0.697
0.035	0.043	0.817	0.105
0.717	0.082	0.196	0.005
0.001	0.900	0.001	0.098
0.098	0.001	0.900	0.001
0.001	0.035	0.551	0.413
0.309	0.139	0.169	0.384
0.433	0.110	0.138	0.318
>AAGAGGGC	13-AAGAGGGC	7.390278	-47.945609	0	T:287.0(5.01%),B:1114.3(2.73%),P:1e-20	Tpos:47.8,Tstd:26.3,Bpos:49.0,Bstd:29.8,StrandBias:0.8,Multiplicity:1.01
0.835	0.040	0.066	0.059
0.864	0.080	0.055	0.001
0.001	0.032	0.966	0.001
0.962	0.036	0.001	0.001
0.078	0.001	0.653	0.268
0.001	0.001	0.997	0.001
0.001	0.001	0.997	0.001
0.001	0.804	0.112	0.083
>ACACTACC	14-ACACTACC	4.906828	-45.115896	0	T:870.0(15.17%),B:4558.0(11.18%),P:1e-19	Tpos:50.7,Tstd:27.0,Bpos:50.5,Bstd:29.4,StrandBias:-0.4,Multiplicity:1.05
0.788	0.077	0.046	0.089
0.044	0.825	0.051	0.080
0.749	0.056	0.102	0.093
0.068	0.685	0.143	0.104
0.085	0.165	0.046	0.704
0.716	0.070	0.116	0.098
0.108	0.740	0.072	0.080
0.087	0.798	0.062	0.053
>TCTCGCGA	15-TCTCGCGA	7.176440	-43.273779	0	T:65.0(1.13%),B:118.2(0.29%),P:1e-18	Tpos:46.3,Tstd:25.4,Bpos:44.9,Bstd:36.3,StrandBias:0.3,Multiplicity:1.00
0.001	0.001	0.197	0.801
0.032	0.966	0.001	0.001
0.001	0.001	0.036	0.962
0.045	0.953	0.001	0.001
0.001	0.001	0.915	0.083
0.001	0.997	0.001	0.001
0.001	0.001	0.997	0.001
0.934	0.001	0.001	0.064
>GTTACGAC	16-GTTACGAC	4.705762	-37.740694	0	T:470.0(8.20%),B:2248.0(5.51%),P:1e-16	Tpos:50.9,Tstd:28.2,Bpos:51.0,Bstd:31.9,StrandBias:-0.1,Multiplicity:1.02
0.169	0.086	0.684	0.061
0.114	0.082	0.093	0.711
0.063	0.068	0.041	0.828
0.739	0.067	0.129	0.065
0.040	0.850	0.017	0.093
0.017	0.113	0.798	0.072
0.714	0.118	0.135	0.033
0.061	0.683	0.147	0.109
>GGATACCG	17-GGATACCG	7.187652	-27.508251	0	T:76.0(1.33%),B:213.9(0.52%),P:1e-11	Tpos:51.5,Tstd:29.0,Bpos:46.0,Bstd:30.1,StrandBias:0.0,Multiplicity:1.00
0.024	0.001	0.914	0.061
0.001	0.139	0.827	0.033
0.933	0.001	0.065	0.001
0.014	0.001	0.039	0.946
0.885	0.001	0.022	0.092
0.034	0.874	0.011	0.081
0.001	0.950	0.012	0.037
0.051	0.036	0.668	0.245
>TTCACGTG	18-TTCACGTG	8.039738	-26.301699	0	T:77.0(1.34%),B:223.7(0.55%),P:1e-11	Tpos:35.9,Tstd:24.0,Bpos:48.3,Bstd:30.9,StrandBias:-0.1,Multiplicity:1.03
0.001	0.001	0.133	0.865
0.285	0.001	0.001	0.713
0.001	0.997	0.001	0.001
0.997	0.001	0.001	0.001
0.001	0.997	0.001	0.001
0.001	0.001	0.997	0.001
0.205	0.001	0.001	0.793
0.001	0.001	0.637	0.361
>GATGAACT	19-GATGAACT	3.540950	-24.348694	0	T:191.0(3.33%),B:815.1(2.00%),P:1e-10	Tpos:51.6,Tstd:26.6,Bpos:49.1,Bstd:30.2,StrandBias:0.4,Multiplicity:1.01
0.001	0.001	0.997	0.001
0.997	0.001	0.001	0.001
0.153	0.310	0.001	0.536
0.001	0.001	0.997	0.001
0.997	0.001	0.001	0.001
0.820	0.001	0.001	0.178
0.001	0.997	0.001	0.001
0.001	0.001	0.001	0.997
>TTAAAAAA	20-TTAAAAAA	7.139400	-22.953145	0	T:463.0(8.07%),B:2439.2(5.98%),P:1e-9	Tpos:52.0,Tstd:29.9,Bpos:50.9,Bstd:30.1,StrandBias:-0.9,Multiplicity:1.11
0.001	0.001	0.001	0.997
0.217	0.001	0.001	0.781
0.875	0.001	0.001	0.123
0.930	0.001	0.001	0.068
0.888	0.001	0.001	0.110
0.997	0.001	0.001	0.001
0.933	0.065	0.001	0.001
0.941	0.057	0.001	0.001
>CCAATCAG	21-CCAATCAG	7.711331	-21.824138	0	T:121.0(2.11%),B:464.8(1.14%),P:1e-9	Tpos:43.0,Tstd:29.3,Bpos:50.2,Bstd:31.5,StrandBias:0.5,Multiplicity:1.01
0.171	0.734	0.001	0.094
0.001	0.936	0.062	0.001
0.997	0.001	0.001	0.001
0.997	0.001	0.001	0.001
0.183	0.001	0.001	0.815
0.001	0.997	0.001	0.001
0.930	0.068	0.001	0.001
0.001	0.001	0.997	0.001
>ATGGCGAC	22-ATGGCGAC	8.236954	-12.168862	0	T:17.0(0.30%),B:32.3(0.08%),P:1e-5	Tpos:67.0,Tstd:27.2,Bpos:67.2,Bstd:16.8,StrandBias:2.5,Multiplicity:1.00
0.700	0.100	0.100	0.100
0.100	0.100	0.100	0.700
0.100	0.100	0.700	0.100
0.100	0.100	0.700	0.100
0.100	0.700	0.100	0.100
0.100	0.100	0.700	0.100
0.700	0.100	0.100	0.100
0.100	0.700	0.100	0.100
>CCGGTTTG	23-CCGGTTTG	8.909895	-8.665666	0	T:24.0(0.42%),B:73.2(0.18%),P:1e-3	Tpos:47.4,Tstd:23.8,Bpos:51.4,Bstd:15.6,StrandBias:0.0,Multiplicity:1.00
0.001	0.997	0.001	0.001
0.001	0.997	0.001	0.001
0.001	0.001	0.997	0.001
0.133	0.001	0.865	0.001
0.001	0.001	0.001	0.997
0.001	0.001	0.001	0.997
0.001	0.001	0.133	0.865
0.001	0.001	0.997	0.001
