>ACCGGAAGTS	1-ACCGGAAGTS	7.833446	-188.794578	0	T:235.0(4.10%),B:349.7(0.86%),P:1e-81	Tpos:42.1,Tstd:22.8,Bpos:51.3,Bstd:36.8,StrandBias:0.5,Multiplicity:1.11
0.474	0.081	0.226	0.218
0.102	0.692	0.179	0.027
0.001	0.997	0.001	0.001
0.001	0.001	0.964	0.034
0.054	0.054	0.891	0.001
0.945	0.027	0.001	0.027
0.905	0.027	0.041	0.027
0.001	0.045	0.953	0.001
0.100	0.321	0.060	0.519
0.084	0.466	0.386	0.064
>CCCCCCCCCC	2-CCCCCCCCCC	5.556472	-145.035851	0	T:1429.0(24.92%),B:6622.6(16.23%),P:1e-62	Tpos:41.5,Tstd:22.1,Bpos:49.7,Bstd:30.5,StrandBias:-1.0,Multiplicity:1.30
0.151	0.525	0.125	0.199
0.134	0.697	0.001	0.168
0.156	0.688	0.013	0.143
0.084	0.805	0.068	0.043
0.089	0.794	0.073	0.044
0.029	0.839	0.059	0.073
0.067	0.885	0.001	0.047
0.136	0.689	0.001	0.174
0.156	0.592	0.001	0.251
0.247	0.454	0.004	0.295
>CCGCCATYTT	3-CCGCCATYTT	8.467668	-144.688655	0	T:106.0(1.85%),B:82.6(0.20%),P:1e-62	Tpos:67.4,Tstd:19.9,Bpos:47.9,Bstd:28.3,StrandBias:-1.8,Multiplicity:1.04
0.001	0.674	0.070	0.255
0.001	0.968	0.030	0.001
0.001	0.001	0.997	0.001
0.197	0.695	0.028	0.080
0.001	0.947	0.051	0.001
0.527	0.110	0.136	0.227
0.112	0.028	0.070	0.790
0.142	0.281	0.146	0.431
0.014	0.028	0.284	0.674
0.239	0.147	0.208	0.406
>GAAGATGATG	4-GAAGATGATG	4.673702	-86.775155	0	T:1690.0(29.47%),B:9037.1(22.14%),P:1e-37	Tpos:52.0,Tstd:27.1,Bpos:50.6,Bstd:29.7,StrandBias:1.1,Multiplicity:1.18
0.112	0.080	0.723	0.085
0.695	0.106	0.095	0.104
0.676	0.082	0.100	0.142
0.111	0.078	0.725	0.086
0.664	0.114	0.111	0.111
0.128	0.086	0.103	0.683
0.089	0.077	0.745	0.089
0.695	0.104	0.091	0.110
0.132	0.087	0.094	0.687
0.080	0.102	0.706	0.112
>CGCATGCGCA	5-CGCATGCGCA	8.818306	-82.174522	0	T:121.0(2.11%),B:212.6(0.52%),P:1e-35	Tpos:37.6,Tstd:18.6,Bpos:53.3,Bstd:41.3,StrandBias:-0.1,Multiplicity:1.07
0.058	0.820	0.081	0.041
0.071	0.041	0.839	0.049
0.033	0.902	0.041	0.024
0.670	0.143	0.114	0.073
0.050	0.113	0.138	0.699
0.024	0.092	0.840	0.044
0.025	0.906	0.030	0.039
0.024	0.034	0.909	0.033
0.024	0.862	0.048	0.066
0.555	0.158	0.230	0.057
>MGGARGAGGA	6-MGGARGAGGA	6.924574	-75.416262	0	T:775.0(13.52%),B:3557.6(8.72%),P:1e-32	Tpos:52.8,Tstd:25.2,Bpos:50.4,Bstd:31.7,StrandBias:1.6,Multiplicity:1.19
0.473	0.384	0.059	0.084
0.234	0.060	0.537	0.169
0.016	0.008	0.947	0.029
0.834	0.024	0.111	0.031
0.529	0.001	0.432	0.038
0.035	0.035	0.915	0.015
0.793	0.063	0.086	0.058
0.254	0.023	0.679	0.044
0.030	0.031	0.928	0.011
0.768	0.101	0.041	0.090
>CGGCGGCTAT	7-CGGCGGCTAT	4.594360	-69.372347	0	T:507.0(8.84%),B:2105.2(5.16%),P:1e-30	Tpos:58.1,Tstd:26.0,Bpos:49.6,Bstd:35.7,StrandBias:0.3,Multiplicity:1.13
0.137	0.599	0.121	0.143
0.139	0.124	0.592	0.145
0.118	0.126	0.636	0.120
0.133	0.612	0.125	0.130
0.154	0.130	0.578	0.138
0.122	0.143	0.614	0.121
0.120	0.622	0.127	0.131
0.148	0.134	0.135	0.583
0.566	0.143	0.149	0.142
0.132	0.150	0.122	0.596
>GCGGGAAAAA	8-GCGGGAAAAA	5.112864	-57.309501	0	T:766.0(13.36%),B:3735.2(9.15%),P:1e-24	Tpos:50.4,Tstd:24.7,Bpos:50.3,Bstd:32.7,StrandBias:0.4,Multiplicity:1.05
0.109	0.115	0.688	0.088
0.108	0.649	0.127	0.116
0.116	0.096	0.675	0.113
0.097	0.074	0.743	0.086
0.107	0.102	0.713	0.078
0.687	0.106	0.117	0.090
0.718	0.064	0.142	0.076
0.739	0.071	0.115	0.075
0.707	0.100	0.117	0.076
0.682	0.111	0.117	0.090
>CGTCACGTCA	9-CGTCACGTCA	6.563410	-57.003736	0	T:199.0(3.47%),B:618.8(1.52%),P:1e-24	Tpos:39.8,Tstd:24.6,Bpos:50.5,Bstd:34.7,StrandBias:-0.3,Multiplicity:1.06
0.038	0.717	0.211	0.034
0.185	0.107	0.702	0.006
0.054	0.109	0.103	0.734
0.033	0.736	0.230	0.001
0.794	0.057	0.122	0.027
0.001	0.824	0.105	0.070
0.023	0.096	0.814	0.067
0.085	0.116	0.075	0.724
0.036	0.663	0.274	0.027
0.775	0.073	0.098	0.054
>GGGGAGTTGT	10-GGGGAGTTGT	6.598491	-53.224203	0	T:388.0(6.77%),B:1608.1(3.94%),P:1e-23	Tpos:50.1,Tstd:23.8,Bpos:49.3,Bstd:29.7,StrandBias:1.2,Multiplicity:1.01
0.049	0.068	0.772	0.111
0.071	0.042	0.840	0.047
0.088	0.077	0.764	0.071
0.076	0.051	0.822	0.051
0.759	0.070	0.093	0.078
0.055	0.056	0.843	0.046
0.087	0.067	0.056	0.790
0.083	0.052	0.096	0.769
0.061	0.073	0.811	0.055
0.041	0.063	0.062	0.834
>TTTCCGGTCG	11-TTTCCGGTCG	6.033840	-51.765437	0	T:160.0(2.79%),B:469.0(1.15%),P:1e-22	Tpos:52.3,Tstd:26.7,Bpos:50.0,Bstd:32.4,StrandBias:0.2,Multiplicity:1.01
0.035	0.166	0.147	0.652
0.097	0.151	0.134	0.618
0.020	0.175	0.176	0.629
0.105	0.654	0.177	0.064
0.152	0.534	0.135	0.179
0.180	0.119	0.543	0.158
0.086	0.154	0.627	0.133
0.114	0.155	0.151	0.580
0.151	0.545	0.172	0.132
0.142	0.119	0.594	0.145
>CGGAAAAGGC	12-CGGAAAAGGC	6.849459	-49.616244	0	T:303.0(5.28%),B:1186.0(2.91%),P:1e-21	Tpos:52.4,Tstd:27.2,Bpos:49.9,Bstd:31.7,StrandBias:0.4,Multiplicity:1.01
0.104	0.730	0.087	0.079
0.077	0.096	0.726	0.101
0.049	0.086	0.801	0.064
0.746	0.117	0.080	0.057
0.873	0.069	0.026	0.032
0.790	0.080	0.105	0.025
0.799	0.058	0.049	0.094
0.043	0.043	0.835	0.079
0.039	0.048	0.847	0.066
0.048	0.859	0.059	0.034
>TGGCAGTGGA	13-TGGCAGTGGA	6.532282	-47.987562	0	T:446.0(7.78%),B:1984.1(4.86%),P:1e-20	Tpos:53.7,Tstd:26.7,Bpos:50.0,Bstd:28.2,StrandBias:0.7,Multiplicity:1.03
0.070	0.056	0.087	0.787
0.081	0.095	0.769	0.055
0.065	0.055	0.823	0.057
0.046	0.829	0.055	0.070
0.784	0.080	0.082	0.054
0.048	0.053	0.823	0.076
0.058	0.119	0.043	0.780
0.054	0.036	0.867	0.043
0.061	0.111	0.759	0.069
0.782	0.081	0.052	0.085
>TATAAGCGGC	14-TATAAGCGGC	5.020758	-42.647551	0	T:495.0(8.63%),B:2330.5(5.71%),P:1e-18	Tpos:49.4,Tstd:25.2,Bpos:50.2,Bstd:29.2,StrandBias:0.2,Multiplicity:1.04
0.093	0.105	0.116	0.686
0.673	0.092	0.130	0.105
0.135	0.101	0.101	0.663
0.722	0.088	0.110	0.080
0.734	0.065	0.111	0.090
0.093	0.073	0.754	0.080
0.119	0.635	0.130	0.116
0.165	0.061	0.657	0.117
0.092	0.095	0.737	0.076
0.088	0.738	0.090	0.084
>YDATTGGMBG	15-YDATTGGMBG	6.082079	-42.573641	0	T:156.0(2.72%),B:498.8(1.22%),P:1e-18	Tpos:41.1,Tstd:25.4,Bpos:51.1,Bstd:30.9,StrandBias:0.4,Multiplicity:1.04
0.101	0.410	0.177	0.312
0.216	0.163	0.338	0.282
0.455	0.229	0.197	0.119
0.167	0.153	0.256	0.424
0.001	0.001	0.205	0.793
0.001	0.051	0.947	0.001
0.001	0.001	0.997	0.001
0.327	0.476	0.006	0.191
0.153	0.206	0.341	0.300
0.133	0.242	0.440	0.185
>TAGGCGGTGC	16-TAGGCGGTGC	9.189456	-40.482274	0	T:56.0(0.98%),B:95.3(0.23%),P:1e-17	Tpos:41.4,Tstd:27.3,Bpos:47.0,Bstd:31.9,StrandBias:-0.2,Multiplicity:1.04
0.001	0.001	0.001	0.997
0.728	0.027	0.244	0.001
0.001	0.102	0.896	0.001
0.102	0.001	0.896	0.001
0.001	0.997	0.001	0.001
0.001	0.001	0.896	0.102
0.102	0.001	0.896	0.001
0.234	0.007	0.001	0.758
0.001	0.001	0.896	0.102
0.102	0.795	0.001	0.102
>GYCTWTCAGG	17-GYCTWTCAGG	8.063992	-39.381586	0	T:30.0(0.52%),B:26.1(0.06%),P:1e-17	Tpos:42.2,Tstd:23.6,Bpos:48.7,Bstd:30.4,StrandBias:1.2,Multiplicity:1.00
0.001	0.038	0.949	0.012
0.143	0.386	0.006	0.464
0.008	0.495	0.163	0.333
0.043	0.156	0.248	0.553
0.285	0.035	0.258	0.423
0.348	0.021	0.032	0.599
0.283	0.668	0.026	0.023
0.595	0.174	0.206	0.025
0.027	0.214	0.755	0.004
0.012	0.392	0.590	0.006
>CTATCAGCAG	18-CTATCAGCAG	10.898439	-34.217275	0	T:16.0(0.28%),B:6.1(0.01%),P:1e-14	Tpos:66.7,Tstd:10.9,Bpos:64.2,Bstd:12.8,StrandBias:3.7,Multiplicity:1.00
0.001	0.997	0.001	0.001
0.001	0.001	0.001	0.997
0.997	0.001	0.001	0.001
0.001	0.001	0.001	0.997
0.001	0.997	0.001	0.001
0.997	0.001	0.001	0.001
0.001	0.001	0.997	0.001
0.001	0.997	0.001	0.001
0.945	0.001	0.053	0.001
0.001	0.001	0.997	0.001
>GTGGTGAHCG	19-GTGGTGAHCG	10.685150	-34.188485	0	T:13.0(0.23%),B:4.0(0.01%),P:1e-14	Tpos:39.6,Tstd:28.7,Bpos:20.4,Bstd:2.8,StrandBias:3.5,Multiplicity:1.00
0.001	0.001	0.997	0.001
0.001	0.001	0.001	0.997
0.286	0.001	0.712	0.001
0.001	0.001	0.997	0.001
0.140	0.001	0.001	0.858
0.001	0.001	0.997	0.001
0.997	0.001	0.001	0.001
0.286	0.427	0.001	0.286
0.001	0.997	0.001	0.001
0.001	0.001	0.997	0.001
>TTGGGGGCAA	20-TTGGGGGCAA	9.229332	-31.371082	0	T:61.0(1.06%),B:137.7(0.34%),P:1e-13	Tpos:57.2,Tstd:17.5,Bpos:49.0,Bstd:26.5,StrandBias:2.1,Multiplicity:1.02
0.001	0.001	0.037	0.961
0.001	0.001	0.037	0.961
0.049	0.001	0.949	0.001
0.055	0.071	0.849	0.025
0.001	0.001	0.934	0.064
0.002	0.001	0.996	0.001
0.003	0.001	0.931	0.065
0.222	0.740	0.001	0.037
0.943	0.055	0.001	0.001
0.734	0.070	0.031	0.165
>CTTTCGGCKG	21-CTTTCGGCKG	7.324877	-29.718215	0	T:34.0(0.59%),B:49.2(0.12%),P:1e-12	Tpos:51.6,Tstd:28.6,Bpos:58.3,Bstd:29.1,StrandBias:0.9,Multiplicity:1.03
0.354	0.547	0.001	0.098
0.001	0.319	0.189	0.491
0.240	0.102	0.004	0.654
0.266	0.018	0.016	0.700
0.232	0.457	0.221	0.090
0.219	0.264	0.516	0.001
0.001	0.001	0.997	0.001
0.161	0.605	0.233	0.001
0.182	0.189	0.240	0.389
0.001	0.037	0.640	0.322
>TCGTTTGGCA	22-TCGTTTGGCA	10.415879	-26.099657	0	T:18.0(0.31%),B:14.1(0.03%),P:1e-11	Tpos:55.5,Tstd:26.3,Bpos:54.6,Bstd:31.0,StrandBias:0.9,Multiplicity:1.00
0.222	0.222	0.001	0.555
0.001	0.997	0.001	0.001
0.001	0.001	0.901	0.097
0.001	0.001	0.001	0.997
0.001	0.222	0.001	0.776
0.001	0.001	0.001	0.997
0.222	0.001	0.776	0.001
0.001	0.001	0.997	0.001
0.001	0.997	0.001	0.001
0.997	0.001	0.001	0.001
>GGTCACGTGA	23-GGTCACGTGA	7.490474	-22.060880	0	T:104.0(1.81%),B:376.3(0.92%),P:1e-9	Tpos:54.7,Tstd:25.6,Bpos:53.8,Bstd:30.7,StrandBias:0.5,Multiplicity:1.00
0.065	0.008	0.880	0.047
0.078	0.018	0.860	0.044
0.063	0.127	0.151	0.659
0.081	0.795	0.078	0.046
0.874	0.060	0.004	0.062
0.043	0.806	0.099	0.052
0.092	0.057	0.785	0.066
0.035	0.058	0.120	0.787
0.025	0.004	0.873	0.098
0.729	0.101	0.084	0.086
>CAGTTCATCC	24-CAGTTCATCC	10.296193	-21.014610	0	T:8.0(0.14%),B:2.7(0.01%),P:1e-9	Tpos:43.7,Tstd:33.2,Bpos:68.3,Bstd:20.9,StrandBias:-1.3,Multiplicity:1.00
0.100	0.700	0.100	0.100
0.700	0.100	0.100	0.100
0.100	0.100	0.700	0.100
0.100	0.100	0.100	0.700
0.100	0.100	0.100	0.700
0.100	0.700	0.100	0.100
0.700	0.100	0.100	0.100
0.100	0.100	0.100	0.700
0.100	0.700	0.100	0.100
0.100	0.700	0.100	0.100
>ATATATCGCT	25-ATATATCGCT	10.323632	-20.737423	0	T:16.0(0.28%),B:15.3(0.04%),P:1e-9	Tpos:54.5,Tstd:27.6,Bpos:43.3,Bstd:31.0,StrandBias:-0.7,Multiplicity:1.00
0.997	0.001	0.001	0.001
0.001	0.089	0.089	0.821
0.997	0.001	0.001	0.001
0.001	0.001	0.001	0.997
0.997	0.001	0.001	0.001
0.001	0.001	0.001	0.997
0.089	0.760	0.089	0.062
0.089	0.089	0.775	0.047
0.089	0.821	0.001	0.089
0.088	0.001	0.001	0.910
>NCCGGAAGTGGC	1-NCCGGAAGTGGC	5.558902	-172.238493	0	T:243.0(4.24%),B:407.6(1.00%),P:1e-74	Tpos:42.8,Tstd:22.2,Bpos:53.0,Bstd:35.1,StrandBias:0.5,Multiplicity:1.13
0.274	0.238	0.316	0.172
0.001	0.749	0.249	0.001
0.001	0.997	0.001	0.001
0.001	0.001	0.997	0.001
0.001	0.001	0.997	0.001
0.997	0.001	0.001	0.001
0.997	0.001	0.001	0.001
0.001	0.001	0.997	0.001
0.001	0.403	0.001	0.595
0.124	0.225	0.581	0.070
0.196	0.240	0.466	0.098
0.188	0.475	0.268	0.070
>AAAATGGCGGCG	2-AAAATGGCGGCG	8.737421	-134.922706	0	T:141.0(2.46%),B:174.6(0.43%),P:1e-58	Tpos:67.1,Tstd:22.6,Bpos:47.9,Bstd:31.9,StrandBias:1.2,Multiplicity:1.04
0.912	0.022	0.044	0.022
0.867	0.001	0.088	0.044
0.597	0.111	0.225	0.067
0.977	0.001	0.021	0.001
0.183	0.001	0.088	0.728
0.001	0.001	0.997	0.001
0.001	0.021	0.977	0.001
0.139	0.816	0.001	0.044
0.111	0.089	0.683	0.117
0.117	0.045	0.816	0.022
0.047	0.732	0.023	0.198
0.067	0.238	0.584	0.111
>YVGCCCCGCCCC	3-YVGCCCCGCCCC	8.241849	-114.639042	0	T:636.0(11.09%),B:2415.8(5.92%),P:1e-49	Tpos:35.3,Tstd:22.1,Bpos:50.0,Bstd:33.3,StrandBias:-0.6,Multiplicity:1.21
0.153	0.373	0.160	0.314
0.239	0.268	0.378	0.115
0.242	0.171	0.444	0.143
0.001	0.720	0.237	0.042
0.111	0.778	0.001	0.110
0.086	0.912	0.001	0.001
0.001	0.997	0.001	0.001
0.392	0.001	0.606	0.001
0.001	0.997	0.001	0.001
0.001	0.997	0.001	0.001
0.001	0.997	0.001	0.001
0.251	0.747	0.001	0.001
>TGGGGGGGAAAA	4-TGGGGGGGAAAA	4.829965	-96.122628	0	T:2003.0(34.93%),B:10916.6(26.75%),P:1e-41	Tpos:51.6,Tstd:23.4,Bpos:50.5,Bstd:30.0,StrandBias:1.1,Multiplicity:1.16
0.140	0.093	0.164	0.603
0.096	0.073	0.696	0.135
0.134	0.073	0.665	0.128
0.153	0.076	0.649	0.122
0.152	0.074	0.673	0.101
0.156	0.064	0.676	0.104
0.160	0.062	0.672	0.106
0.163	0.085	0.682	0.070
0.689	0.093	0.156	0.062
0.693	0.093	0.155	0.059
0.667	0.101	0.162	0.070
0.634	0.107	0.160	0.099
>GCGCATGCGCVS	5-GCGCATGCGCVS	11.011069	-81.507331	0	T:91.0(1.59%),B:122.5(0.30%),P:1e-35	Tpos:39.3,Tstd:17.9,Bpos:52.2,Bstd:42.0,StrandBias:0.0,Multiplicity:1.03
0.029	0.072	0.885	0.014
0.028	0.928	0.043	0.001
0.043	0.001	0.942	0.014
0.001	0.970	0.028	0.001
0.667	0.181	0.123	0.029
0.043	0.204	0.218	0.535
0.001	0.013	0.985	0.001
0.014	0.949	0.008	0.029
0.001	0.042	0.956	0.001
0.001	0.997	0.001	0.001
0.346	0.233	0.329	0.091
0.063	0.352	0.407	0.178
>GAGGAGGAGGAR	6-GAGGAGGAGGAR	8.459314	-79.688893	0	T:445.0(7.76%),B:1686.8(4.13%),P:1e-34	Tpos:50.6,Tstd:23.8,Bpos:50.8,Bstd:31.5,StrandBias:1.9,Multiplicity:1.17
0.053	0.074	0.850	0.023
0.735	0.028	0.192	0.045
0.138	0.027	0.790	0.045
0.056	0.067	0.848	0.029
0.737	0.024	0.153	0.086
0.165	0.010	0.810	0.015
0.027	0.045	0.913	0.015
0.750	0.027	0.172	0.051
0.201	0.013	0.742	0.044
0.080	0.035	0.874	0.011
0.735	0.080	0.144	0.041
0.471	0.039	0.466	0.024
>TCTATCAGCAGT	7-TCTATCAGCAGT	12.696676	-60.445077	0	T:23.0(0.40%),B:5.0(0.01%),P:1e-26	Tpos:67.6,Tstd:9.1,Bpos:64.0,Bstd:25.7,StrandBias:3.4,Multiplicity:1.00
0.044	0.001	0.001	0.954
0.001	0.997	0.001	0.001
0.001	0.001	0.044	0.954
0.895	0.001	0.001	0.103
0.001	0.001	0.044	0.954
0.044	0.954	0.001	0.001
0.997	0.001	0.001	0.001
0.001	0.001	0.997	0.001
0.001	0.954	0.044	0.001
0.997	0.001	0.001	0.001
0.001	0.001	0.895	0.103
0.001	0.001	0.323	0.675
>GATGATGAAGAT	8-GATGATGAAGAT	6.762790	-57.685220	0	T:466.0(8.13%),B:1993.4(4.88%),P:1e-25	Tpos:54.4,Tstd:27.2,Bpos:50.1,Bstd:29.8,StrandBias:1.3,Multiplicity:1.12
0.117	0.079	0.759	0.045
0.770	0.090	0.069	0.071
0.166	0.041	0.091	0.702
0.092	0.069	0.760	0.079
0.717	0.102	0.103	0.078
0.131	0.042	0.101	0.726
0.068	0.062	0.819	0.051
0.778	0.072	0.097	0.053
0.768	0.030	0.074	0.128
0.108	0.053	0.776	0.063
0.748	0.070	0.078	0.104
0.141	0.083	0.097	0.679
>GGGAGTTGTAGT	9-GGGAGTTGTAGT	11.378393	-53.295362	0	T:34.0(0.59%),B:22.5(0.06%),P:1e-23	Tpos:42.8,Tstd:23.9,Bpos:60.0,Bstd:28.1,StrandBias:0.7,Multiplicity:1.00
0.001	0.001	0.997	0.001
0.001	0.001	0.997	0.001
0.002	0.001	0.996	0.001
0.997	0.001	0.001	0.001
0.091	0.148	0.760	0.001
0.242	0.074	0.223	0.461
0.001	0.001	0.002	0.996
0.001	0.001	0.997	0.001
0.299	0.148	0.006	0.547
0.774	0.001	0.077	0.148
0.001	0.296	0.702	0.001
0.001	0.001	0.073	0.925
>STCACGTGACGC	10-STCACGTGACGC	8.296073	-52.162732	0	T:101.0(1.76%),B:222.0(0.54%),P:1e-22	Tpos:44.1,Tstd:22.6,Bpos:49.5,Bstd:37.2,StrandBias:-0.3,Multiplicity:1.04
0.086	0.326	0.390	0.199
0.071	0.171	0.139	0.619
0.001	0.916	0.082	0.001
0.814	0.184	0.001	0.001
0.001	0.814	0.114	0.071
0.085	0.085	0.829	0.001
0.001	0.001	0.001	0.997
0.001	0.098	0.900	0.001
0.786	0.071	0.142	0.001
0.128	0.700	0.043	0.129
0.001	0.275	0.667	0.057
0.043	0.640	0.270	0.047
>CCGCCACTGCCA	11-CCGCCACTGCCA	9.121473	-44.774284	0	T:153.0(2.67%),B:472.0(1.16%),P:1e-19	Tpos:55.8,Tstd:24.8,Bpos:50.4,Bstd:35.0,StrandBias:-1.5,Multiplicity:1.15
0.001	0.869	0.070	0.060
0.191	0.689	0.075	0.045
0.068	0.076	0.761	0.095
0.030	0.885	0.070	0.015
0.113	0.807	0.045	0.035
0.717	0.036	0.174	0.073
0.001	0.909	0.045	0.045
0.105	0.130	0.030	0.735
0.030	0.054	0.886	0.030
0.015	0.924	0.060	0.001
0.001	0.954	0.001	0.044
0.772	0.053	0.094	0.081
>GTGACGTCACHS	12-GTGACGTCACHS	9.540375	-43.372249	0	T:50.0(0.87%),B:71.2(0.17%),P:1e-18	Tpos:35.6,Tstd:23.4,Bpos:44.5,Bstd:33.1,StrandBias:-0.0,Multiplicity:1.04
0.100	0.374	0.525	0.001
0.001	0.001	0.001	0.997
0.001	0.001	0.997	0.001
0.776	0.074	0.149	0.001
0.098	0.603	0.001	0.298
0.100	0.224	0.651	0.025
0.001	0.173	0.001	0.825
0.001	0.997	0.001	0.001
0.997	0.001	0.001	0.001
0.001	0.648	0.250	0.101
0.299	0.328	0.174	0.199
0.049	0.399	0.426	0.126
>CCGGAAATGACG	13-CCGGAAATGACG	10.705072	-40.476960	0	T:24.0(0.42%),B:14.8(0.04%),P:1e-17	Tpos:36.7,Tstd:24.1,Bpos:50.3,Bstd:20.8,StrandBias:-0.2,Multiplicity:1.00
0.181	0.817	0.001	0.001
0.125	0.692	0.001	0.182
0.064	0.001	0.934	0.001
0.060	0.001	0.879	0.060
0.938	0.001	0.001	0.060
0.935	0.060	0.001	0.004
0.878	0.001	0.120	0.001
0.001	0.060	0.060	0.879
0.061	0.121	0.697	0.121
0.878	0.001	0.120	0.001
0.125	0.809	0.001	0.065
0.061	0.121	0.692	0.126
>CCTGTTGAAAAA	14-CCTGTTGAAAAA	8.999657	-40.122625	0	T:100.0(1.74%),B:261.2(0.64%),P:1e-17	Tpos:48.6,Tstd:24.4,Bpos:50.9,Bstd:27.9,StrandBias:-1.2,Multiplicity:1.00
0.050	0.844	0.034	0.072
0.068	0.877	0.001	0.054
0.050	0.034	0.017	0.899
0.075	0.111	0.695	0.119
0.034	0.101	0.017	0.848
0.118	0.001	0.113	0.768
0.085	0.084	0.658	0.173
0.932	0.017	0.050	0.001
0.849	0.067	0.050	0.034
0.899	0.033	0.067	0.001
0.882	0.017	0.034	0.067
0.781	0.068	0.084	0.067
>GCTGCTTCTAAT	15-GCTGCTTCTAAT	7.922330	-39.304592	0	T:98.0(1.71%),B:256.2(0.63%),P:1e-17	Tpos:49.0,Tstd:27.0,Bpos:53.4,Bstd:25.9,StrandBias:-0.1,Multiplicity:1.01
0.049	0.086	0.784	0.081
0.032	0.920	0.016	0.032
0.081	0.016	0.018	0.885
0.016	0.081	0.887	0.016
0.098	0.853	0.048	0.001
0.001	0.081	0.016	0.902
0.049	0.065	0.032	0.854
0.081	0.757	0.065	0.097
0.070	0.049	0.032	0.849
0.755	0.081	0.099	0.065
0.805	0.082	0.032	0.081
0.129	0.032	0.081	0.758
>TTGACAATTCCC	16-TTGACAATTCCC	12.614161	-39.229648	0	T:11.0(0.19%),B:1.3(0.00%),P:1e-17	Tpos:59.4,Tstd:18.8,Bpos:52.1,Bstd:10.7,StrandBias:-0.8,Multiplicity:1.00
0.001	0.001	0.153	0.845
0.001	0.001	0.204	0.794
0.001	0.001	0.997	0.001
0.997	0.001	0.001	0.001
0.001	0.997	0.001	0.001
0.997	0.001	0.001	0.001
0.483	0.311	0.205	0.001
0.001	0.154	0.311	0.534
0.016	0.001	0.001	0.982
0.001	0.684	0.314	0.001
0.001	0.845	0.153	0.001
0.307	0.691	0.001	0.001
>GGCGAGTGGAAG	17-GGCGAGTGGAAG	13.305575	-37.695843	0	T:14.0(0.24%),B:3.7(0.01%),P:1e-16	Tpos:44.5,Tstd:28.7,Bpos:0.0,Bstd:0.0,StrandBias:2.3,Multiplicity:1.00
0.001	0.001	0.997	0.001
0.001	0.001	0.997	0.001
0.001	0.997	0.001	0.001
0.001	0.001	0.908	0.090
0.997	0.001	0.001	0.001
0.001	0.001	0.997	0.001
0.091	0.091	0.091	0.727
0.001	0.091	0.817	0.091
0.090	0.001	0.908	0.001
0.908	0.090	0.001	0.001
0.908	0.001	0.090	0.001
0.001	0.090	0.908	0.001
>AGAAGAGGATCG	18-AGAAGAGGATCG	10.970545	-31.630235	0	T:22.0(0.38%),B:17.0(0.04%),P:1e-13	Tpos:52.3,Tstd:30.7,Bpos:47.4,Bstd:33.2,StrandBias:1.8,Multiplicity:1.00
0.934	0.001	0.001	0.064
0.001	0.001	0.870	0.128
0.870	0.001	0.128	0.001
0.741	0.001	0.257	0.001
0.193	0.001	0.805	0.001
0.871	0.001	0.064	0.064
0.001	0.001	0.997	0.001
0.259	0.064	0.676	0.001
0.992	0.006	0.001	0.001
0.072	0.259	0.065	0.604
0.001	0.799	0.064	0.136
0.007	0.064	0.928	0.001
>CAGTTGATGTGG	19-CAGTTGATGTGG	10.777595	-31.268077	0	T:15.0(0.26%),B:6.3(0.02%),P:1e-13	Tpos:54.4,Tstd:26.6,Bpos:46.8,Bstd:27.9,StrandBias:1.9,Multiplicity:1.00
0.170	0.702	0.043	0.085
0.910	0.001	0.001	0.088
0.043	0.043	0.829	0.085
0.131	0.088	0.001	0.780
0.042	0.001	0.085	0.872
0.043	0.043	0.868	0.046
0.830	0.127	0.001	0.042
0.085	0.001	0.042	0.872
0.042	0.001	0.872	0.085
0.089	0.170	0.128	0.613
0.001	0.001	0.914	0.084
0.001	0.001	0.956	0.042
>HGTCTCGCGAGA	20-HGTCTCGCGAGA	12.291152	-28.062113	0	T:10.0(0.17%),B:2.6(0.01%),P:1e-12	Tpos:40.6,Tstd:17.8,Bpos:19.0,Bstd:0.0,StrandBias:-0.4,Multiplicity:1.11
0.314	0.318	0.026	0.343
0.001	0.419	0.579	0.001
0.286	0.001	0.001	0.712
0.001	0.997	0.001	0.001
0.286	0.001	0.030	0.683
0.001	0.997	0.001	0.001
0.001	0.001	0.997	0.001
0.311	0.687	0.001	0.001
0.001	0.001	0.997	0.001
0.973	0.025	0.001	0.001
0.001	0.005	0.969	0.025
0.661	0.025	0.313	0.001
>AGGAAAAAAAAT	21-AGGAAAAAAAAT	13.947254	-21.103120	0	T:12.0(0.21%),B:7.1(0.02%),P:1e-9	Tpos:49.6,Tstd:27.6,Bpos:66.4,Bstd:19.0,StrandBias:-1.2,Multiplicity:1.00
0.997	0.001	0.001	0.001
0.001	0.001	0.997	0.001
0.001	0.001	0.922	0.076
0.997	0.001	0.001	0.001
0.997	0.001	0.001	0.001
0.922	0.076	0.001	0.001
0.997	0.001	0.001	0.001
0.997	0.001	0.001	0.001
0.997	0.001	0.001	0.001
0.997	0.001	0.001	0.001
0.997	0.001	0.001	0.001
0.001	0.001	0.001	0.997
>SCCTTCCGGTGC	22-SCCTTCCGGTGC	12.464940	-21.014610	0	T:8.0(0.14%),B:2.9(0.01%),P:1e-9	Tpos:48.1,Tstd:24.8,Bpos:24.3,Bstd:15.2,StrandBias:2.0,Multiplicity:1.25
0.001	0.438	0.560	0.001
0.001	0.997	0.001	0.001
0.001	0.997	0.001	0.001
0.001	0.001	0.001	0.997
0.001	0.001	0.001	0.997
0.001	0.997	0.001	0.001
0.001	0.853	0.145	0.001
0.001	0.001	0.997	0.001
0.001	0.001	0.997	0.001
0.292	0.001	0.001	0.706
0.001	0.001	0.997	0.001
0.001	0.853	0.145	0.001
>GSAGGGCGGGGC	23-GSAGGGCGGGGC	10.388537	-18.304467	0	T:91.0(1.59%),B:338.8(0.83%),P:1e-7	Tpos:38.9,Tstd:21.9,Bpos:53.5,Bstd:31.0,StrandBias:0.3,Multiplicity:1.03
0.029	0.077	0.829	0.065
0.255	0.314	0.431	0.001
0.935	0.032	0.001	0.032
0.114	0.001	0.884	0.001
0.001	0.001	0.997	0.001
0.032	0.147	0.820	0.001
0.087	0.880	0.032	0.001
0.001	0.001	0.888	0.110
0.001	0.001	0.997	0.001
0.254	0.072	0.673	0.001
0.046	0.290	0.632	0.032
0.135	0.704	0.063	0.098
>CCYCGCGCGTTA	24-CCYCGCGCGTTA	11.000274	-11.141789	0	T:4.0(0.07%),B:1.9(0.00%),P:1e-4	Tpos:72.7,Tstd:11.9,Bpos:19.0,Bstd:0.0,StrandBias:-1.0,Multiplicity:1.00
0.001	0.997	0.001	0.001
0.001	0.997	0.001	0.001
0.001	0.463	0.148	0.388
0.241	0.537	0.074	0.148
0.001	0.074	0.851	0.074
0.001	0.925	0.001	0.073
0.001	0.001	0.997	0.001
0.148	0.629	0.222	0.001
0.001	0.001	0.997	0.001
0.241	0.148	0.148	0.463
0.074	0.001	0.296	0.629
0.777	0.001	0.221	0.001
>TGGGGAGCAGTA	25-TGGGGAGCAGTA	10.409522	-9.034063	0	T:10.0(0.17%),B:16.8(0.04%),P:1e-3	Tpos:29.6,Tstd:16.4,Bpos:55.6,Bstd:18.6,StrandBias:0.7,Multiplicity:1.00
0.100	0.100	0.100	0.700
0.100	0.100	0.700	0.100
0.100	0.100	0.700	0.100
0.100	0.100	0.700	0.100
0.100	0.100	0.700	0.100
0.700	0.100	0.100	0.100
0.100	0.100	0.700	0.100
0.100	0.700	0.100	0.100
0.700	0.100	0.100	0.100
0.100	0.100	0.700	0.100
0.100	0.100	0.100	0.700
0.700	0.100	0.100	0.100
>CGGAAG	1-CGGAAG	6.457582	-117.118230	0	T:532.0(9.28%),B:1864.4(4.57%),P:1e-50	Tpos:45.8,Tstd:24.0,Bpos:49.5,Bstd:37.1,StrandBias:0.3,Multiplicity:1.23
0.001	0.997	0.001	0.001
0.001	0.001	0.997	0.001
0.001	0.001	0.997	0.001
0.997	0.001	0.001	0.001
0.997	0.001	0.001	0.001
0.158	0.001	0.840	0.001
>TAGGGG	2-TAGGGG	4.670658	-103.496968	0	T:2000.0(34.88%),B:10774.8(26.40%),P:1e-44	Tpos:48.9,Tstd:25.7,Bpos:50.2,Bstd:30.7,StrandBias:0.8,Multiplicity:1.16
0.144	0.001	0.071	0.784
0.770	0.001	0.042	0.187
0.092	0.001	0.870	0.037
0.060	0.018	0.892	0.030
0.001	0.090	0.908	0.001
0.001	0.044	0.911	0.044
>AGAGGA	3-AGAGGA	3.472531	-81.761041	0	T:2520.0(43.95%),B:14654.2(35.90%),P:1e-35	Tpos:51.3,Tstd:25.8,Bpos:49.8,Bstd:31.8,StrandBias:1.2,Multiplicity:1.53
0.617	0.001	0.381	0.001
0.001	0.001	0.997	0.001
0.966	0.001	0.032	0.001
0.001	0.001	0.651	0.347
0.001	0.001	0.997	0.001
0.997	0.001	0.001	0.001
>ATGACG	4-ATGACG	5.691712	-76.819424	0	T:631.0(11.00%),B:2719.6(6.66%),P:1e-33	Tpos:51.8,Tstd:28.2,Bpos:49.6,Bstd:34.5,StrandBias:0.5,Multiplicity:1.19
0.610	0.133	0.256	0.001
0.048	0.001	0.001	0.950
0.001	0.001	0.997	0.001
0.766	0.034	0.156	0.044
0.051	0.826	0.044	0.079
0.001	0.026	0.972	0.001
>GCCGTT	5-GCCGTT	2.934105	-63.674901	0	T:3329.0(58.06%),B:20740.6(50.81%),P:1e-27	Tpos:51.0,Tstd:27.9,Bpos:49.8,Bstd:33.6,StrandBias:-0.0,Multiplicity:1.59
0.166	0.125	0.622	0.087
0.058	0.719	0.144	0.079
0.065	0.711	0.074	0.150
0.105	0.064	0.755	0.076
0.242	0.106	0.132	0.520
0.184	0.129	0.011	0.676
>CCTCTT	6-CCTCTT	3.578974	-57.469789	0	T:1858.0(32.40%),B:10698.7(26.21%),P:1e-24	Tpos:51.7,Tstd:27.1,Bpos:50.3,Bstd:30.7,StrandBias:-0.5,Multiplicity:1.16
0.001	0.997	0.001	0.001
0.001	0.997	0.001	0.001
0.193	0.001	0.001	0.805
0.001	0.765	0.223	0.011
0.001	0.001	0.001	0.997
0.001	0.001	0.001	0.997
>GGTGGT	7-GGTGGT	5.236347	-55.415047	0	T:1061.0(18.50%),B:5574.5(13.66%),P:1e-24	Tpos:51.4,Tstd:26.8,Bpos:49.7,Bstd:30.7,StrandBias:0.8,Multiplicity:1.13
0.001	0.001	0.997	0.001
0.001	0.001	0.997	0.001
0.001	0.397	0.001	0.601
0.117	0.080	0.802	0.001
0.001	0.001	0.997	0.001
0.001	0.001	0.001	0.997
>GWYGAT	8-GWYGAT	2.796369	-55.321700	0	T:1315.0(22.93%),B:7187.3(17.61%),P:1e-24	Tpos:51.9,Tstd:29.5,Bpos:49.8,Bstd:31.2,StrandBias:0.4,Multiplicity:1.11
0.001	0.001	0.997	0.001
0.448	0.008	0.001	0.543
0.001	0.468	0.001	0.530
0.001	0.001	0.997	0.001
0.981	0.017	0.001	0.001
0.001	0.001	0.001	0.997
>CGACGA	9-CGACGA	4.392748	-43.910011	0	T:505.0(8.81%),B:2372.4(5.81%),P:1e-19	Tpos:50.4,Tstd:27.7,Bpos:51.5,Bstd:36.9,StrandBias:-0.0,Multiplicity:1.06
0.001	0.967	0.001	0.031
0.001	0.001	0.885	0.113
0.901	0.001	0.036	0.062
0.256	0.578	0.001	0.165
0.022	0.038	0.904	0.036
0.833	0.038	0.080	0.049
>CGCGTA	10-CGCGTA	2.962223	-40.387777	0	T:551.0(9.61%),B:2691.8(6.59%),P:1e-17	Tpos:44.5,Tstd:25.6,Bpos:50.9,Bstd:39.0,StrandBias:-0.1,Multiplicity:1.20
0.001	0.821	0.001	0.177
0.001	0.001	0.997	0.001
0.001	0.997	0.001	0.001
0.001	0.001	0.997	0.001
0.027	0.111	0.001	0.861
0.997	0.001	0.001	0.001
>TCTCCA	11-TCTCCA	6.329461	-23.566018	0	T:709.0(12.36%),B:3976.3(9.74%),P:1e-10	Tpos:52.0,Tstd:27.1,Bpos:49.8,Bstd:30.8,StrandBias:-0.7,Multiplicity:1.06
0.001	0.001	0.001	0.997
0.001	0.997	0.001	0.001
0.001	0.001	0.139	0.859
0.001	0.997	0.001	0.001
0.001	0.997	0.001	0.001
0.997	0.001	0.001	0.001
>ACCGGAAG	1-ACCGGAAG	6.351952	-155.266367	0	T:385.0(6.71%),B:989.4(2.42%),P:1e-67	Tpos:44.3,Tstd:23.4,Bpos:51.0,Bstd:35.1,StrandBias:0.3,Multiplicity:1.20
0.581	0.073	0.290	0.056
0.061	0.645	0.198	0.096
0.063	0.879	0.057	0.001
0.038	0.070	0.864	0.028
0.097	0.001	0.783	0.119
0.807	0.093	0.013	0.087
0.813	0.033	0.097	0.057
0.257	0.044	0.633	0.066
>GCCGCCAT	2-GCCGCCAT	6.960346	-136.202571	0	T:202.0(3.52%),B:354.2(0.87%),P:1e-59	Tpos:69.1,Tstd:22.5,Bpos:49.0,Bstd:33.6,StrandBias:-1.0,Multiplicity:1.06
0.088	0.001	0.816	0.095
0.063	0.838	0.001	0.098
0.001	0.864	0.134	0.001
0.001	0.001	0.997	0.001
0.001	0.970	0.001	0.028
0.001	0.981	0.001	0.017
0.997	0.001	0.001	0.001
0.001	0.001	0.001	0.997
>ATTGGCGG	3-ATTGGCGG	4.442791	-118.904673	0	T:1890.0(32.96%),B:9824.4(24.07%),P:1e-51	Tpos:49.7,Tstd:26.4,Bpos:50.2,Bstd:31.8,StrandBias:0.7,Multiplicity:1.22
0.671	0.104	0.108	0.117
0.086	0.083	0.103	0.728
0.128	0.149	0.059	0.664
0.064	0.056	0.814	0.066
0.027	0.069	0.868	0.036
0.090	0.735	0.110	0.065
0.067	0.069	0.765	0.099
0.090	0.068	0.757	0.085
>GGGGGGGG	4-GGGGGGGG	5.485854	-115.836556	0	T:1454.0(25.36%),B:7123.1(17.45%),P:1e-50	Tpos:41.8,Tstd:23.4,Bpos:50.0,Bstd:32.1,StrandBias:0.9,Multiplicity:1.38
0.193	0.006	0.676	0.125
0.118	0.001	0.825	0.056
0.160	0.061	0.717	0.062
0.071	0.053	0.820	0.056
0.039	0.053	0.825	0.083
0.158	0.057	0.677	0.108
0.126	0.020	0.749	0.105
0.112	0.082	0.712	0.094
>CGGRAAAG	5-CGGRAAAG	5.330515	-105.903212	0	T:1459.0(25.44%),B:7286.9(17.85%),P:1e-45	Tpos:51.6,Tstd:25.9,Bpos:49.7,Bstd:32.2,StrandBias:0.6,Multiplicity:1.12
0.001	0.638	0.311	0.050
0.001	0.093	0.737	0.169
0.001	0.144	0.854	0.001
0.446	0.001	0.552	0.001
0.753	0.016	0.001	0.230
0.688	0.012	0.299	0.001
0.923	0.001	0.017	0.059
0.224	0.054	0.665	0.057
>GANGATGA	6-GANGATGA	5.628223	-86.156697	0	T:1339.0(23.35%),B:6822.0(16.71%),P:1e-37	Tpos:53.6,Tstd:26.5,Bpos:50.4,Bstd:31.9,StrandBias:1.6,Multiplicity:1.20
0.106	0.001	0.892	0.001
0.615	0.001	0.139	0.245
0.312	0.209	0.277	0.201
0.001	0.001	0.944	0.054
0.728	0.001	0.270	0.001
0.242	0.033	0.191	0.534
0.001	0.088	0.883	0.028
0.644	0.050	0.106	0.200
>GGCGGTTA	7-GGCGGTTA	4.204240	-85.402617	0	T:1213.0(21.15%),B:6052.0(14.83%),P:1e-37	Tpos:50.9,Tstd:27.0,Bpos:50.4,Bstd:31.7,StrandBias:0.7,Multiplicity:1.10
0.143	0.122	0.613	0.122
0.161	0.154	0.554	0.131
0.075	0.699	0.067	0.159
0.150	0.097	0.614	0.139
0.174	0.132	0.629	0.065
0.118	0.134	0.040	0.708
0.197	0.127	0.124	0.552
0.630	0.090	0.129	0.151
>GCCGAATG	8-GCCGAATG	5.364310	-73.345181	0	T:403.0(7.03%),B:1517.1(3.72%),P:1e-31	Tpos:51.4,Tstd:29.0,Bpos:49.1,Bstd:32.6,StrandBias:0.1,Multiplicity:1.04
0.081	0.051	0.761	0.107
0.102	0.829	0.049	0.020
0.110	0.818	0.054	0.018
0.044	0.032	0.914	0.010
0.625	0.088	0.162	0.125
0.739	0.093	0.063	0.105
0.099	0.132	0.087	0.682
0.172	0.057	0.641	0.130
>CTCCYCCA	9-CTCCYCCA	6.679893	-69.478904	0	T:895.0(15.61%),B:4341.9(10.64%),P:1e-30	Tpos:52.5,Tstd:26.4,Bpos:49.4,Bstd:29.0,StrandBias:-1.3,Multiplicity:1.05
0.001	0.847	0.051	0.101
0.053	0.001	0.001	0.945
0.022	0.723	0.101	0.154
0.166	0.831	0.001	0.002
0.254	0.335	0.001	0.409
0.233	0.762	0.001	0.004
0.001	0.806	0.001	0.192
0.879	0.118	0.001	0.002
>KTACGTCG	10-KTACGTCG	4.291750	-63.932627	0	T:1170.0(20.40%),B:6113.2(14.98%),P:1e-27	Tpos:50.5,Tstd:28.1,Bpos:49.7,Bstd:35.8,StrandBias:0.2,Multiplicity:1.09
0.133	0.129	0.325	0.413
0.021	0.206	0.235	0.538
0.421	0.155	0.259	0.165
0.001	0.943	0.001	0.055
0.304	0.001	0.682	0.013
0.269	0.033	0.115	0.583
0.001	0.875	0.037	0.087
0.365	0.024	0.610	0.001
>GSGATTGG	11-GSGATTGG	5.925839	-60.655089	0	T:555.0(9.68%),B:2461.9(6.03%),P:1e-26	Tpos:48.8,Tstd:27.5,Bpos:50.1,Bstd:30.3,StrandBias:0.8,Multiplicity:1.04
0.001	0.396	0.602	0.001
0.082	0.467	0.450	0.001
0.106	0.305	0.588	0.001
0.861	0.001	0.001	0.137
0.157	0.001	0.148	0.694
0.099	0.001	0.001	0.899
0.001	0.001	0.997	0.001
0.309	0.001	0.565	0.125
>TCAGTTGG	12-TCAGTTGG	5.210687	-58.346319	0	T:823.0(14.35%),B:4064.0(9.96%),P:1e-25	Tpos:50.4,Tstd:26.3,Bpos:49.2,Bstd:28.6,StrandBias:0.7,Multiplicity:1.07
0.058	0.077	0.222	0.643
0.042	0.822	0.061	0.075
0.763	0.080	0.108	0.049
0.051	0.021	0.893	0.035
0.063	0.121	0.058	0.758
0.076	0.092	0.138	0.694
0.014	0.108	0.798	0.080
0.103	0.168	0.636	0.093
>TCCTGTTG	13-TCCTGTTG	7.193139	-52.862316	0	T:368.0(6.42%),B:1503.0(3.68%),P:1e-22	Tpos:49.9,Tstd:26.2,Bpos:49.9,Bstd:28.3,StrandBias:-0.4,Multiplicity:1.03
0.052	0.001	0.056	0.891
0.014	0.931	0.054	0.001
0.001	0.997	0.001	0.001
0.001	0.021	0.086	0.892
0.001	0.099	0.899	0.001
0.093	0.001	0.074	0.832
0.094	0.014	0.022	0.870
0.056	0.168	0.729	0.047
>ACGTSACS	14-ACGTSACS	7.177296	-50.605008	0	T:120.0(2.09%),B:302.2(0.74%),P:1e-21	Tpos:37.8,Tstd:24.3,Bpos:48.1,Bstd:38.4,StrandBias:0.0,Multiplicity:1.15
0.500	0.201	0.298	0.001
0.121	0.787	0.091	0.001
0.001	0.001	0.997	0.001
0.001	0.001	0.001	0.997
0.001	0.505	0.375	0.119
0.859	0.139	0.001	0.001
0.001	0.684	0.001	0.314
0.196	0.310	0.375	0.119
>CGTCATCA	15-CGTCATCA	6.333458	-47.808845	0	T:222.0(3.87%),B:784.2(1.92%),P:1e-20	Tpos:50.8,Tstd:26.8,Bpos:49.6,Bstd:30.9,StrandBias:-0.4,Multiplicity:1.01
0.001	0.813	0.076	0.110
0.073	0.115	0.811	0.001
0.071	0.001	0.034	0.894
0.006	0.992	0.001	0.001
0.957	0.029	0.013	0.001
0.001	0.055	0.070	0.874
0.001	0.976	0.022	0.001
0.888	0.018	0.093	0.001
>MTTGCGCA	16-MTTGCGCA	6.319426	-47.096784	0	T:145.0(2.53%),B:424.2(1.04%),P:1e-20	Tpos:44.3,Tstd:22.1,Bpos:50.9,Bstd:33.0,StrandBias:-0.1,Multiplicity:1.04
0.417	0.349	0.001	0.233
0.061	0.065	0.057	0.817
0.001	0.001	0.001	0.997
0.001	0.001	0.997	0.001
0.001	0.997	0.001	0.001
0.001	0.001	0.997	0.001
0.001	0.594	0.001	0.404
0.997	0.001	0.001	0.001
>AGCGACDA	17-AGCGACDA	6.268419	-39.126005	0	T:208.0(3.63%),B:776.1(1.90%),P:1e-16	Tpos:55.4,Tstd:29.0,Bpos:50.1,Bstd:32.7,StrandBias:0.3,Multiplicity:1.01
0.799	0.096	0.001	0.104
0.106	0.001	0.743	0.150
0.001	0.833	0.086	0.080
0.001	0.001	0.646	0.352
0.747	0.197	0.055	0.001
0.001	0.680	0.217	0.102
0.412	0.001	0.312	0.275
0.603	0.018	0.254	0.125
>CTACGAGA	18-CTACGAGA	6.739429	-26.894808	0	T:179.0(3.12%),B:726.8(1.78%),P:1e-11	Tpos:54.2,Tstd:29.6,Bpos:51.6,Bstd:32.8,StrandBias:0.3,Multiplicity:1.04
0.001	0.979	0.001	0.019
0.001	0.001	0.001	0.997
0.764	0.110	0.125	0.001
0.004	0.994	0.001	0.001
0.006	0.220	0.772	0.002
0.654	0.001	0.344	0.001
0.001	0.333	0.593	0.073
0.472	0.248	0.121	0.158
>TGTTACTG	19-TGTTACTG	7.653040	-26.814266	0	T:251.0(4.38%),B:1123.0(2.75%),P:1e-11	Tpos:49.7,Tstd:29.5,Bpos:50.2,Bstd:28.6,StrandBias:0.0,Multiplicity:1.04
0.001	0.030	0.001	0.968
0.142	0.001	0.856	0.001
0.001	0.001	0.051	0.947
0.001	0.180	0.071	0.748
0.656	0.074	0.122	0.148
0.001	0.953	0.045	0.001
0.001	0.036	0.023	0.940
0.001	0.016	0.982	0.001
>CTGATAGA	20-CTGATAGA	6.662641	-26.792255	0	T:59.0(1.03%),B:145.9(0.36%),P:1e-11	Tpos:53.1,Tstd:26.4,Bpos:50.0,Bstd:28.6,StrandBias:-0.6,Multiplicity:1.00
0.001	0.997	0.001	0.001
0.001	0.001	0.001	0.997
0.001	0.001	0.997	0.001
0.997	0.001	0.001	0.001
0.001	0.001	0.001	0.997
0.935	0.063	0.001	0.001
0.001	0.001	0.997	0.001
0.805	0.193	0.001	0.001
>GCTTTGGT	21-GCTTTGGT	7.776445	-22.861254	0	T:74.0(1.29%),B:227.7(0.56%),P:1e-9	Tpos:51.0,Tstd:28.4,Bpos:49.0,Bstd:29.7,StrandBias:0.1,Multiplicity:1.00
0.001	0.001	0.997	0.001
0.001	0.997	0.001	0.001
0.001	0.001	0.056	0.942
0.096	0.001	0.001	0.902
0.001	0.001	0.001	0.997
0.267	0.001	0.731	0.001
0.001	0.001	0.997	0.001
0.001	0.001	0.001	0.997
>GTAACCGA	22-GTAACCGA	8.098342	-22.659750	0	T:34.0(0.59%),B:64.0(0.16%),P:1e-9	Tpos:48.4,Tstd:27.0,Bpos:59.0,Bstd:31.2,StrandBias:0.6,Multiplicity:1.00
0.001	0.001	0.882	0.116
0.325	0.001	0.001	0.673
0.625	0.001	0.258	0.116
0.583	0.415	0.001	0.001
0.243	0.748	0.008	0.001
0.001	0.997	0.001	0.001
0.001	0.001	0.997	0.001
0.756	0.001	0.242	0.001
>CGGCTTGT	23-CGGCTTGT	7.126377	-20.713017	0	T:142.0(2.48%),B:585.4(1.43%),P:1e-8	Tpos:54.9,Tstd:26.0,Bpos:49.9,Bstd:29.3,StrandBias:0.5,Multiplicity:1.03
0.044	0.795	0.077	0.084
0.001	0.047	0.951	0.001
0.001	0.019	0.928	0.052
0.001	0.848	0.131	0.020
0.001	0.116	0.001	0.882
0.013	0.001	0.083	0.903
0.001	0.027	0.869	0.103
0.065	0.001	0.001	0.933
>TATTGCAG	24-TATTGCAG	7.190404	-20.394932	0	T:203.0(3.54%),B:927.6(2.27%),P:1e-8	Tpos:47.6,Tstd:27.8,Bpos:48.5,Bstd:27.1,StrandBias:0.2,Multiplicity:1.01
0.069	0.065	0.001	0.865
0.821	0.107	0.032	0.040
0.107	0.001	0.001	0.891
0.001	0.011	0.001	0.987
0.001	0.098	0.863	0.038
0.001	0.908	0.036	0.055
0.766	0.001	0.037	0.196
0.054	0.001	0.944	0.001
>GCGCAAAT	25-GCGCAAAT	7.048137	-18.980416	0	T:119.0(2.08%),B:478.9(1.17%),P:1e-8	Tpos:49.4,Tstd:28.1,Bpos:51.4,Bstd:28.7,StrandBias:0.2,Multiplicity:1.00
0.001	0.001	0.960	0.038
0.089	0.739	0.092	0.080
0.001	0.001	0.840	0.158
0.118	0.880	0.001	0.001
0.968	0.001	0.030	0.001
0.962	0.023	0.001	0.014
0.765	0.233	0.001	0.001
0.031	0.047	0.001	0.921
