>RCCGGAAGYN	1-RCCGGAAGYN	6.282256	-224.931549	0	T:455.0(7.94%),B:1029.8(2.51%),P:1e-97	Tpos:45.2,Tstd:22.6,Bpos:49.5,Bstd:35.4,StrandBias:0.3,Multiplicity:1.19
0.429	0.065	0.351	0.154
0.106	0.498	0.263	0.134
0.065	0.933	0.001	0.001
0.001	0.001	0.997	0.001
0.112	0.030	0.828	0.030
0.828	0.032	0.024	0.116
0.887	0.052	0.001	0.060
0.202	0.279	0.518	0.001
0.225	0.316	0.072	0.386
0.221	0.232	0.338	0.208
>RGGGGGGGRR	2-RGGGGGGGRR	5.954269	-168.624598	0	T:1441.0(25.13%),B:6470.7(15.79%),P:1e-73	Tpos:44.3,Tstd:22.6,Bpos:49.7,Bstd:31.5,StrandBias:1.4,Multiplicity:1.32
0.340	0.001	0.468	0.192
0.229	0.001	0.690	0.080
0.181	0.001	0.817	0.001
0.125	0.001	0.858	0.016
0.073	0.141	0.746	0.040
0.190	0.107	0.658	0.045
0.209	0.043	0.650	0.098
0.218	0.001	0.753	0.028
0.390	0.001	0.529	0.080
0.301	0.140	0.397	0.162
>AATGGCGGAG	3-AATGGCGGAG	6.896798	-115.161879	0	T:362.0(6.31%),B:1068.2(2.61%),P:1e-50	Tpos:53.6,Tstd:26.1,Bpos:50.5,Bstd:30.9,StrandBias:0.8,Multiplicity:1.02
0.718	0.157	0.080	0.045
0.618	0.075	0.054	0.253
0.073	0.041	0.011	0.875
0.001	0.013	0.985	0.001
0.014	0.001	0.937	0.048
0.127	0.716	0.058	0.099
0.241	0.086	0.622	0.051
0.056	0.033	0.883	0.028
0.657	0.253	0.037	0.053
0.014	0.014	0.851	0.121
>AAGATGGCGG	4-AAGATGGCGG	6.794185	-102.234930	0	T:64.0(1.12%),B:39.2(0.10%),P:1e-44	Tpos:71.3,Tstd:17.0,Bpos:53.6,Bstd:34.5,StrandBias:2.3,Multiplicity:1.00
0.997	0.001	0.001	0.001
0.997	0.001	0.001	0.001
0.001	0.001	0.872	0.126
0.997	0.001	0.001	0.001
0.001	0.001	0.001	0.997
0.001	0.001	0.997	0.001
0.001	0.001	0.946	0.052
0.001	0.997	0.001	0.001
0.001	0.001	0.997	0.001
0.001	0.001	0.997	0.001
>TTCATCATCA	5-TTCATCATCA	5.879734	-72.766920	0	T:727.0(12.68%),B:3323.9(8.11%),P:1e-31	Tpos:54.1,Tstd:27.3,Bpos:49.9,Bstd:29.3,StrandBias:-1.0,Multiplicity:1.12
0.151	0.074	0.055	0.720
0.025	0.038	0.074	0.863
0.026	0.833	0.056	0.085
0.740	0.087	0.034	0.139
0.033	0.050	0.082	0.835
0.027	0.906	0.036	0.031
0.720	0.062	0.071	0.147
0.039	0.058	0.141	0.762
0.012	0.883	0.055	0.050
0.740	0.080	0.062	0.118
>TGCGCATGCG	6-TGCGCATGCG	8.897993	-71.766524	0	T:100.0(1.74%),B:168.0(0.41%),P:1e-31	Tpos:41.9,Tstd:20.5,Bpos:49.0,Bstd:34.4,StrandBias:-0.1,Multiplicity:1.06
0.097	0.150	0.036	0.717
0.057	0.059	0.834	0.050
0.080	0.832	0.050	0.038
0.069	0.070	0.822	0.039
0.042	0.875	0.064	0.019
0.745	0.146	0.059	0.050
0.121	0.089	0.135	0.655
0.025	0.059	0.883	0.033
0.047	0.844	0.084	0.025
0.061	0.062	0.799	0.078
>AATCACCCCC	7-AATCACCCCC	4.703355	-71.412051	0	T:1023.0(17.84%),B:5109.3(12.47%),P:1e-31	Tpos:51.8,Tstd:25.1,Bpos:50.0,Bstd:28.6,StrandBias:-1.2,Multiplicity:1.07
0.719	0.104	0.091	0.086
0.696	0.114	0.086	0.104
0.121	0.098	0.097	0.684
0.101	0.698	0.103	0.098
0.713	0.095	0.093	0.099
0.092	0.704	0.115	0.089
0.103	0.711	0.090	0.096
0.114	0.653	0.109	0.124
0.102	0.714	0.074	0.110
0.109	0.708	0.092	0.091
>GGTGACGTCA	8-GGTGACGTCA	6.532676	-57.119115	0	T:238.0(4.15%),B:805.2(1.96%),P:1e-24	Tpos:44.3,Tstd:26.4,Bpos:48.3,Bstd:32.4,StrandBias:0.2,Multiplicity:1.04
0.095	0.094	0.701	0.110
0.186	0.149	0.632	0.033
0.054	0.032	0.011	0.903
0.066	0.091	0.804	0.039
0.881	0.039	0.055	0.025
0.083	0.719	0.059	0.139
0.070	0.008	0.851	0.071
0.015	0.039	0.077	0.869
0.049	0.777	0.113	0.061
0.869	0.029	0.061	0.041
>CTCCTDCANA	9-CTCCTDCANA	6.320915	-54.251640	0	T:195.0(3.40%),B:617.4(1.51%),P:1e-23	Tpos:52.0,Tstd:25.1,Bpos:49.5,Bstd:29.6,StrandBias:-0.6,Multiplicity:1.01
0.018	0.524	0.188	0.270
0.154	0.224	0.217	0.405
0.020	0.637	0.326	0.017
0.144	0.536	0.022	0.298
0.022	0.023	0.029	0.926
0.382	0.094	0.272	0.252
0.203	0.485	0.142	0.169
0.933	0.024	0.018	0.025
0.250	0.204	0.314	0.232
0.481	0.303	0.200	0.017
>TATCAGCAGT	10-TATCAGCAGT	10.527915	-53.159988	0	T:22.0(0.38%),B:6.2(0.02%),P:1e-23	Tpos:67.5,Tstd:9.7,Bpos:52.5,Bstd:20.9,StrandBias:4.2,Multiplicity:1.00
0.001	0.001	0.001	0.997
0.997	0.001	0.001	0.001
0.001	0.001	0.001	0.997
0.001	0.997	0.001	0.001
0.960	0.001	0.038	0.001
0.001	0.001	0.997	0.001
0.001	0.997	0.001	0.001
0.960	0.001	0.038	0.001
0.001	0.001	0.997	0.001
0.001	0.001	0.001	0.997
>CGACCAATCG	11-CGACCAATCG	5.022715	-49.457517	0	T:291.0(5.07%),B:1128.3(2.75%),P:1e-21	Tpos:44.4,Tstd:25.5,Bpos:49.5,Bstd:32.1,StrandBias:-0.9,Multiplicity:1.03
0.108	0.653	0.121	0.118
0.116	0.114	0.632	0.138
0.685	0.110	0.107	0.098
0.078	0.751	0.107	0.064
0.081	0.776	0.076	0.067
0.743	0.117	0.056	0.084
0.714	0.099	0.093	0.094
0.083	0.099	0.103	0.715
0.095	0.684	0.113	0.108
0.112	0.129	0.648	0.111
>GTAGATGATG	12-GTAGATGATG	7.547122	-48.370742	0	T:146.0(2.55%),B:424.7(1.04%),P:1e-21	Tpos:49.9,Tstd:26.0,Bpos:49.6,Bstd:27.6,StrandBias:0.3,Multiplicity:1.01
0.001	0.035	0.963	0.001
0.001	0.045	0.005	0.949
0.964	0.021	0.014	0.001
0.001	0.168	0.650	0.181
0.617	0.089	0.139	0.155
0.075	0.001	0.019	0.905
0.075	0.085	0.819	0.021
0.625	0.136	0.181	0.058
0.026	0.021	0.230	0.723
0.001	0.141	0.847	0.011
>TTGCTGCCGC	13-TTGCTGCCGC	5.774907	-41.403980	0	T:450.0(7.85%),B:2093.0(5.11%),P:1e-17	Tpos:53.5,Tstd:27.1,Bpos:49.3,Bstd:32.9,StrandBias:-0.4,Multiplicity:1.10
0.150	0.183	0.071	0.596
0.167	0.113	0.156	0.564
0.100	0.156	0.628	0.116
0.113	0.628	0.116	0.143
0.086	0.173	0.150	0.591
0.145	0.166	0.614	0.075
0.112	0.668	0.077	0.143
0.140	0.518	0.165	0.177
0.138	0.166	0.574	0.122
0.154	0.602	0.099	0.145
>GATAGAGCTG	14-GATAGAGCTG	5.848769	-40.805588	0	T:364.0(6.35%),B:1608.7(3.93%),P:1e-17	Tpos:53.9,Tstd:26.7,Bpos:49.5,Bstd:28.8,StrandBias:1.0,Multiplicity:1.03
0.131	0.136	0.636	0.097
0.524	0.167	0.150	0.159
0.156	0.144	0.142	0.558
0.565	0.130	0.163	0.142
0.154	0.140	0.566	0.140
0.601	0.111	0.150	0.138
0.137	0.128	0.620	0.115
0.129	0.665	0.158	0.048
0.159	0.069	0.125	0.647
0.126	0.150	0.619	0.105
>GGCCACTTTA	15-GGCCACTTTA	6.677710	-40.046771	0	T:254.0(4.43%),B:1012.7(2.47%),P:1e-17	Tpos:48.4,Tstd:27.1,Bpos:50.7,Bstd:27.0,StrandBias:0.2,Multiplicity:1.02
0.100	0.028	0.816	0.056
0.074	0.064	0.807	0.055
0.089	0.782	0.054	0.075
0.055	0.835	0.033	0.077
0.803	0.091	0.055	0.051
0.075	0.761	0.104	0.060
0.061	0.063	0.069	0.807
0.063	0.076	0.039	0.822
0.078	0.060	0.058	0.804
0.765	0.091	0.103	0.041
>GCAAGAGGAG	16-GCAAGAGGAG	7.236379	-39.937837	0	T:222.0(3.87%),B:845.1(2.06%),P:1e-17	Tpos:54.3,Tstd:27.2,Bpos:49.9,Bstd:28.5,StrandBias:0.6,Multiplicity:1.01
0.091	0.085	0.754	0.070
0.065	0.821	0.056	0.058
0.847	0.042	0.055	0.056
0.764	0.067	0.104	0.065
0.061	0.080	0.805	0.054
0.748	0.095	0.055	0.102
0.074	0.055	0.815	0.056
0.079	0.053	0.820	0.048
0.803	0.081	0.053	0.063
0.035	0.080	0.828	0.057
>CAVYGTCATC	17-CAVYGTCATC	6.851836	-38.556780	0	T:111.0(1.94%),B:316.3(0.77%),P:1e-16	Tpos:49.8,Tstd:27.4,Bpos:49.1,Bstd:29.1,StrandBias:-0.7,Multiplicity:1.00
0.002	0.748	0.232	0.018
0.888	0.102	0.006	0.004
0.406	0.303	0.289	0.003
0.191	0.386	0.171	0.252
0.220	0.081	0.584	0.115
0.235	0.073	0.189	0.503
0.186	0.633	0.005	0.176
0.544	0.114	0.198	0.144
0.097	0.239	0.022	0.642
0.004	0.708	0.002	0.286
>TGSTGGWCCA	18-TGSTGGWCCA	9.900985	-35.924239	0	T:35.0(0.61%),B:42.0(0.10%),P:1e-15	Tpos:52.3,Tstd:26.2,Bpos:56.5,Bstd:27.7,StrandBias:0.2,Multiplicity:1.00
0.112	0.001	0.001	0.886
0.113	0.001	0.827	0.059
0.113	0.453	0.434	0.001
0.001	0.001	0.001	0.997
0.001	0.001	0.997	0.001
0.001	0.001	0.886	0.112
0.550	0.009	0.007	0.434
0.001	0.997	0.001	0.001
0.001	0.983	0.001	0.015
0.997	0.001	0.001	0.001
>TCCGGAGAGT	19-TCCGGAGAGT	9.635096	-31.919882	0	T:32.0(0.56%),B:41.0(0.10%),P:1e-13	Tpos:53.7,Tstd:27.1,Bpos:57.5,Bstd:28.2,StrandBias:0.4,Multiplicity:1.00
0.001	0.001	0.001	0.997
0.001	0.901	0.049	0.049
0.034	0.808	0.049	0.109
0.124	0.001	0.732	0.143
0.049	0.049	0.901	0.001
0.916	0.001	0.082	0.001
0.001	0.001	0.997	0.001
0.950	0.048	0.001	0.001
0.001	0.001	0.997	0.001
0.001	0.049	0.113	0.837
>AGWGKCKSSG	20-AGWGKCKSSG	5.415162	-29.336458	0	T:247.0(4.31%),B:1078.0(2.63%),P:1e-12	Tpos:52.1,Tstd:27.1,Bpos:48.8,Bstd:33.0,StrandBias:0.8,Multiplicity:1.03
0.491	0.019	0.190	0.300
0.022	0.310	0.537	0.131
0.432	0.204	0.014	0.350
0.016	0.171	0.790	0.023
0.168	0.093	0.351	0.387
0.194	0.586	0.021	0.199
0.169	0.197	0.389	0.245
0.201	0.278	0.395	0.126
0.020	0.424	0.294	0.263
0.021	0.316	0.498	0.166
>CTCTTTTCAG	21-CTCTTTTCAG	10.296193	-18.634025	0	T:11.0(0.19%),B:7.1(0.02%),P:1e-8	Tpos:57.9,Tstd:21.2,Bpos:38.1,Bstd:29.2,StrandBias:0.3,Multiplicity:1.00
0.100	0.700	0.100	0.100
0.100	0.100	0.100	0.700
0.100	0.700	0.100	0.100
0.100	0.100	0.100	0.700
0.100	0.100	0.100	0.700
0.100	0.100	0.100	0.700
0.100	0.100	0.100	0.700
0.100	0.700	0.100	0.100
0.700	0.100	0.100	0.100
0.100	0.100	0.700	0.100
>GAACAGATGA	22-GAACAGATGA	10.296193	-17.687908	0	T:7.0(0.12%),B:2.6(0.01%),P:1e-7	Tpos:39.4,Tstd:25.3,Bpos:55.4,Bstd:19.3,StrandBias:1.3,Multiplicity:1.00
0.100	0.100	0.700	0.100
0.700	0.100	0.100	0.100
0.700	0.100	0.100	0.100
0.100	0.700	0.100	0.100
0.700	0.100	0.100	0.100
0.100	0.100	0.700	0.100
0.700	0.100	0.100	0.100
0.100	0.100	0.100	0.700
0.100	0.100	0.700	0.100
0.700	0.100	0.100	0.100
>GTTATTAAAT	23-GTTATTAAAT	10.296193	-13.078975	0	T:7.0(0.12%),B:4.8(0.01%),P:1e-5	Tpos:46.1,Tstd:21.1,Bpos:60.6,Bstd:24.3,StrandBias:10.0,Multiplicity:1.00
0.100	0.100	0.700	0.100
0.100	0.100	0.100	0.700
0.100	0.100	0.100	0.700
0.700	0.100	0.100	0.100
0.100	0.100	0.100	0.700
0.100	0.100	0.100	0.700
0.700	0.100	0.100	0.100
0.700	0.100	0.100	0.100
0.700	0.100	0.100	0.100
0.100	0.100	0.100	0.700
>TCGGGTCGGC	24-TCGGGTCGGC	10.478016	-10.694851	0	T:8.0(0.14%),B:8.1(0.02%),P:1e-4	Tpos:62.5,Tstd:28.4,Bpos:18.8,Bstd:7.4,StrandBias:-2.8,Multiplicity:1.00
0.001	0.001	0.001	0.997
0.222	0.776	0.001	0.001
0.001	0.001	0.997	0.001
0.222	0.222	0.555	0.001
0.001	0.096	0.902	0.001
0.001	0.001	0.001	0.997
0.001	0.997	0.001	0.001
0.001	0.001	0.997	0.001
0.001	0.222	0.776	0.001
0.001	0.997	0.001	0.001
>GAGGGGCGTG	25-GAGGGGCGTG	10.296193	-7.939470	0	T:8.0(0.14%),B:12.9(0.03%),P:1e-3	Tpos:29.1,Tstd:16.1,Bpos:74.5,Bstd:17.8,StrandBias:-0.4,Multiplicity:1.00
0.100	0.100	0.700	0.100
0.700	0.100	0.100	0.100
0.100	0.100	0.700	0.100
0.100	0.100	0.700	0.100
0.100	0.100	0.700	0.100
0.100	0.100	0.700	0.100
0.100	0.700	0.100	0.100
0.100	0.100	0.700	0.100
0.100	0.100	0.100	0.700
0.100	0.100	0.700	0.100
>VCCGGAAGTGGC	1-VCCGGAAGTGGC	8.012258	-168.682403	0	T:294.0(5.13%),B:592.7(1.45%),P:1e-73	Tpos:43.6,Tstd:20.2,Bpos:52.1,Bstd:31.7,StrandBias:0.5,Multiplicity:1.13
0.314	0.269	0.385	0.033
0.043	0.774	0.172	0.011
0.175	0.774	0.022	0.029
0.001	0.001	0.997	0.001
0.001	0.001	0.997	0.001
0.988	0.010	0.001	0.001
0.997	0.001	0.001	0.001
0.011	0.032	0.956	0.001
0.054	0.322	0.022	0.602
0.090	0.173	0.668	0.069
0.204	0.183	0.548	0.065
0.087	0.510	0.294	0.109
>GGGGMGGGGCND	2-GGGGMGGGGCND	8.614907	-153.325522	0	T:652.0(11.37%),B:2240.1(5.47%),P:1e-66	Tpos:37.2,Tstd:22.6,Bpos:49.4,Bstd:32.2,StrandBias:0.8,Multiplicity:1.17
0.218	0.001	0.562	0.219
0.232	0.001	0.766	0.001
0.001	0.001	0.997	0.001
0.001	0.001	0.997	0.001
0.331	0.432	0.001	0.237
0.001	0.001	0.997	0.001
0.001	0.001	0.961	0.037
0.278	0.001	0.720	0.001
0.153	0.103	0.743	0.001
0.273	0.486	0.001	0.240
0.218	0.284	0.244	0.254
0.283	0.123	0.354	0.240
>AAGATGGCGGCS	3-AAGATGGCGGCS	9.836644	-109.471848	0	T:90.0(1.57%),B:83.7(0.20%),P:1e-47	Tpos:73.0,Tstd:16.7,Bpos:46.2,Bstd:32.0,StrandBias:2.4,Multiplicity:1.01
0.959	0.039	0.001	0.001
0.959	0.001	0.001	0.039
0.173	0.082	0.653	0.092
0.921	0.039	0.039	0.001
0.039	0.001	0.001	0.959
0.001	0.001	0.997	0.001
0.001	0.001	0.959	0.039
0.039	0.879	0.001	0.081
0.001	0.083	0.875	0.041
0.080	0.040	0.840	0.040
0.122	0.836	0.001	0.041
0.083	0.371	0.335	0.212
>CTGCGCATGCGC	4-CTGCGCATGCGC	11.813255	-91.382696	0	T:64.0(1.12%),B:47.4(0.12%),P:1e-39	Tpos:38.7,Tstd:17.1,Bpos:50.6,Bstd:32.2,StrandBias:0.0,Multiplicity:1.05
0.064	0.638	0.153	0.145
0.047	0.294	0.138	0.521
0.034	0.007	0.952	0.007
0.040	0.919	0.034	0.007
0.033	0.001	0.953	0.013
0.001	0.966	0.013	0.020
0.646	0.268	0.059	0.027
0.027	0.079	0.195	0.699
0.007	0.020	0.966	0.007
0.013	0.936	0.013	0.038
0.027	0.032	0.894	0.047
0.007	0.913	0.040	0.040
>HCATCATCATCA	5-HCATCATCATCA	4.975721	-83.370638	0	T:1822.0(31.78%),B:9992.4(24.38%),P:1e-36	Tpos:51.8,Tstd:25.9,Bpos:49.9,Bstd:27.4,StrandBias:-1.0,Multiplicity:1.19
0.246	0.288	0.153	0.313
0.088	0.796	0.018	0.098
0.616	0.147	0.012	0.225
0.130	0.154	0.197	0.519
0.067	0.858	0.008	0.067
0.636	0.111	0.017	0.236
0.146	0.206	0.146	0.502
0.071	0.806	0.010	0.113
0.555	0.137	0.008	0.300
0.189	0.150	0.174	0.488
0.100	0.710	0.051	0.139
0.700	0.127	0.024	0.149
>TGAAGATGATGA	6-TGAAGATGATGA	7.190271	-79.476961	0	T:487.0(8.49%),B:1916.7(4.68%),P:1e-34	Tpos:54.8,Tstd:25.9,Bpos:49.3,Bstd:29.1,StrandBias:1.8,Multiplicity:1.12
0.285	0.001	0.147	0.567
0.047	0.014	0.925	0.014
0.786	0.063	0.049	0.102
0.578	0.063	0.109	0.250
0.035	0.021	0.937	0.007
0.757	0.042	0.187	0.014
0.212	0.021	0.173	0.594
0.062	0.007	0.917	0.014
0.710	0.143	0.091	0.056
0.243	0.035	0.141	0.581
0.058	0.069	0.872	0.001
0.834	0.049	0.075	0.042
>TTCCCCCCCTCC	7-TTCCCCCCCTCC	9.068501	-69.625080	0	T:263.0(4.59%),B:851.0(2.08%),P:1e-30	Tpos:47.5,Tstd:21.1,Bpos:50.7,Bstd:32.7,StrandBias:-1.7,Multiplicity:1.06
0.058	0.151	0.047	0.744
0.013	0.177	0.095	0.715
0.001	0.892	0.001	0.106
0.031	0.735	0.022	0.212
0.080	0.906	0.001	0.013
0.001	0.826	0.064	0.109
0.050	0.696	0.078	0.176
0.045	0.867	0.026	0.062
0.127	0.814	0.001	0.058
0.063	0.057	0.001	0.879
0.077	0.796	0.067	0.060
0.001	0.909	0.001	0.089
>CTATCAGCAGTT	8-CTATCAGCAGTT	12.688266	-69.297952	0	T:24.0(0.42%),B:4.5(0.01%),P:1e-30	Tpos:70.0,Tstd:5.6,Bpos:52.4,Bstd:22.2,StrandBias:3.5,Multiplicity:1.00
0.001	0.850	0.045	0.104
0.001	0.044	0.001	0.954
0.954	0.044	0.001	0.001
0.001	0.001	0.001	0.997
0.045	0.909	0.045	0.001
0.954	0.001	0.001	0.044
0.044	0.001	0.954	0.001
0.001	0.997	0.001	0.001
0.997	0.001	0.001	0.001
0.001	0.001	0.997	0.001
0.001	0.001	0.001	0.997
0.045	0.045	0.246	0.664
>TTCCGTTTCCGG	9-TTCCGTTTCCGG	10.299166	-68.721080	0	T:42.0(0.73%),B:25.3(0.06%),P:1e-29	Tpos:49.6,Tstd:21.0,Bpos:58.8,Bstd:22.1,StrandBias:0.9,Multiplicity:1.00
0.001	0.025	0.073	0.901
0.024	0.026	0.049	0.901
0.001	0.926	0.024	0.049
0.129	0.773	0.001	0.097
0.073	0.081	0.747	0.099
0.049	0.122	0.123	0.706
0.024	0.097	0.073	0.806
0.050	0.049	0.024	0.877
0.001	0.950	0.048	0.001
0.081	0.821	0.024	0.074
0.024	0.049	0.725	0.202
0.024	0.024	0.878	0.074
>GGGTCACGTGAC	10-GGGTCACGTGAC	9.315135	-48.316830	0	T:55.0(0.96%),B:77.1(0.19%),P:1e-20	Tpos:36.7,Tstd:21.7,Bpos:51.7,Bstd:26.4,StrandBias:-0.2,Multiplicity:1.10
0.137	0.206	0.589	0.068
0.182	0.091	0.591	0.136
0.001	0.203	0.795	0.001
0.001	0.204	0.158	0.637
0.022	0.976	0.001	0.001
0.886	0.091	0.022	0.001
0.022	0.707	0.113	0.158
0.181	0.090	0.706	0.023
0.001	0.135	0.001	0.863
0.001	0.001	0.997	0.001
0.683	0.180	0.136	0.001
0.068	0.615	0.204	0.113
>GGGGGTGTGTTT	11-GGGGGTGTGTTT	9.239735	-46.061572	0	T:79.0(1.38%),B:160.7(0.39%),P:1e-20	Tpos:50.0,Tstd:23.3,Bpos:49.1,Bstd:26.5,StrandBias:1.6,Multiplicity:1.01
0.001	0.057	0.765	0.177
0.117	0.038	0.693	0.152
0.038	0.001	0.905	0.056
0.076	0.019	0.810	0.095
0.019	0.040	0.865	0.076
0.101	0.038	0.019	0.842
0.019	0.038	0.828	0.115
0.076	0.001	0.172	0.751
0.001	0.056	0.790	0.153
0.019	0.001	0.056	0.924
0.019	0.001	0.079	0.901
0.057	0.076	0.057	0.810
>TGACGTCACCGV	12-TGACGTCACCGV	3.629268	-43.474830	0	T:109.0(1.90%),B:286.7(0.70%),P:1e-18	Tpos:40.1,Tstd:24.1,Bpos:46.8,Bstd:34.9,StrandBias:0.0,Multiplicity:1.05
0.001	0.001	0.001	0.997
0.001	0.001	0.997	0.001
0.997	0.001	0.001	0.001
0.001	0.997	0.001	0.001
0.001	0.001	0.997	0.001
0.001	0.001	0.001	0.997
0.001	0.997	0.001	0.001
0.997	0.001	0.001	0.001
0.001	0.656	0.298	0.045
0.365	0.633	0.001	0.001
0.057	0.286	0.656	0.001
0.298	0.370	0.332	0.001
>TTGGGGGGGAGG	13-TTGGGGGGGAGG	9.516571	-41.350642	0	T:134.0(2.34%),B:405.1(0.99%),P:1e-17	Tpos:48.2,Tstd:20.8,Bpos:48.4,Bstd:24.8,StrandBias:2.1,Multiplicity:1.00
0.072	0.073	0.091	0.764
0.089	0.071	0.087	0.753
0.018	0.018	0.831	0.133
0.001	0.001	0.945	0.053
0.083	0.018	0.881	0.018
0.084	0.084	0.777	0.055
0.084	0.066	0.784	0.066
0.084	0.018	0.826	0.072
0.090	0.122	0.699	0.089
0.816	0.018	0.075	0.091
0.053	0.001	0.945	0.001
0.001	0.001	0.928	0.070
>CATTGGCGGCGV	14-CATTGGCGGCGV	7.203735	-40.593678	0	T:99.0(1.73%),B:256.0(0.62%),P:1e-17	Tpos:52.5,Tstd:26.2,Bpos:47.5,Bstd:33.6,StrandBias:0.6,Multiplicity:1.01
0.177	0.432	0.227	0.164
0.519	0.177	0.166	0.138
0.122	0.163	0.189	0.526
0.113	0.132	0.150	0.605
0.079	0.096	0.730	0.095
0.083	0.140	0.695	0.082
0.142	0.621	0.127	0.110
0.146	0.106	0.617	0.131
0.093	0.135	0.688	0.084
0.131	0.608	0.144	0.117
0.136	0.118	0.612	0.134
0.212	0.250	0.346	0.192
>CCTGCAGAAAAT	15-CCTGCAGAAAAT	12.642379	-39.381303	0	T:13.0(0.23%),B:2.2(0.01%),P:1e-17	Tpos:46.0,Tstd:23.5,Bpos:31.3,Bstd:12.8,StrandBias:-2.3,Multiplicity:1.00
0.001	0.997	0.001	0.001
0.001	0.997	0.001	0.001
0.001	0.001	0.001	0.997
0.248	0.001	0.750	0.001
0.001	0.997	0.001	0.001
0.997	0.001	0.001	0.001
0.106	0.001	0.892	0.001
0.997	0.001	0.001	0.001
0.892	0.001	0.001	0.106
0.997	0.001	0.001	0.001
0.892	0.001	0.106	0.001
0.107	0.107	0.107	0.679
>GCTTAAAGGGGG	16-GCTTAAAGGGGG	11.269046	-36.180733	0	T:19.0(0.33%),B:9.1(0.02%),P:1e-15	Tpos:61.3,Tstd:11.7,Bpos:37.3,Bstd:18.1,StrandBias:1.7,Multiplicity:1.00
0.118	0.001	0.586	0.295
0.001	0.997	0.001	0.001
0.094	0.001	0.001	0.904
0.001	0.001	0.001	0.997
0.808	0.001	0.190	0.001
0.808	0.001	0.001	0.190
0.713	0.001	0.285	0.001
0.094	0.001	0.904	0.001
0.190	0.001	0.808	0.001
0.200	0.001	0.702	0.097
0.001	0.094	0.904	0.001
0.001	0.009	0.989	0.001
>GAGCATCCGGAA	17-GAGCATCCGGAA	11.614226	-35.539171	0	T:12.0(0.21%),B:2.9(0.01%),P:1e-15	Tpos:50.6,Tstd:23.3,Bpos:46.9,Bstd:18.5,StrandBias:0.5,Multiplicity:1.00
0.054	0.058	0.887	0.001
0.783	0.001	0.215	0.001
0.053	0.001	0.945	0.001
0.162	0.730	0.054	0.054
0.668	0.166	0.054	0.112
0.001	0.001	0.219	0.779
0.054	0.891	0.054	0.001
0.108	0.837	0.054	0.001
0.058	0.054	0.776	0.112
0.053	0.001	0.945	0.001
0.891	0.054	0.054	0.001
0.891	0.054	0.001	0.054
>ATTGGCAGAGGC	18-ATTGGCAGAGGC	9.094268	-32.524373	0	T:66.0(1.15%),B:153.9(0.38%),P:1e-14	Tpos:54.4,Tstd:26.4,Bpos:52.9,Bstd:26.0,StrandBias:0.8,Multiplicity:1.03
0.703	0.074	0.175	0.048
0.116	0.060	0.104	0.720
0.045	0.048	0.079	0.828
0.111	0.048	0.809	0.032
0.031	0.047	0.921	0.001
0.063	0.873	0.032	0.032
0.856	0.001	0.063	0.080
0.032	0.048	0.857	0.063
0.873	0.063	0.032	0.032
0.079	0.017	0.872	0.032
0.049	0.032	0.903	0.016
0.095	0.794	0.032	0.079
>CGGGAAGATGTC	19-CGGGAAGATGTC	10.409522	-31.776995	0	T:11.0(0.19%),B:2.2(0.01%),P:1e-13	Tpos:47.6,Tstd:21.4,Bpos:51.1,Bstd:17.4,StrandBias:0.3,Multiplicity:1.00
0.100	0.700	0.100	0.100
0.100	0.100	0.700	0.100
0.100	0.100	0.700	0.100
0.100	0.100	0.700	0.100
0.700	0.100	0.100	0.100
0.700	0.100	0.100	0.100
0.100	0.100	0.700	0.100
0.700	0.100	0.100	0.100
0.100	0.100	0.100	0.700
0.100	0.100	0.700	0.100
0.100	0.100	0.100	0.700
0.100	0.700	0.100	0.100
>GTAAAGGGGCCG	20-GTAAAGGGGCCG	8.902267	-27.019486	0	T:54.0(0.94%),B:125.1(0.31%),P:1e-11	Tpos:48.8,Tstd:23.9,Bpos:52.1,Bstd:30.8,StrandBias:1.4,Multiplicity:1.02
0.021	0.085	0.765	0.129
0.148	0.042	0.127	0.683
0.879	0.078	0.042	0.001
0.849	0.021	0.109	0.021
0.900	0.064	0.015	0.021
0.042	0.021	0.936	0.001
0.042	0.042	0.874	0.042
0.064	0.085	0.830	0.021
0.001	0.001	0.978	0.020
0.021	0.789	0.042	0.148
0.085	0.764	0.106	0.045
0.042	0.064	0.767	0.127
>GAATGTTGTTGG	21-GAATGTTGTTGG	11.089460	-24.407706	0	T:11.0(0.19%),B:4.0(0.01%),P:1e-10	Tpos:58.7,Tstd:21.3,Bpos:65.0,Bstd:12.9,StrandBias:1.2,Multiplicity:1.00
0.065	0.032	0.902	0.001
0.901	0.033	0.033	0.033
0.868	0.066	0.033	0.033
0.065	0.001	0.001	0.933
0.164	0.098	0.637	0.101
0.033	0.131	0.098	0.738
0.032	0.001	0.068	0.899
0.066	0.134	0.633	0.167
0.001	0.065	0.065	0.869
0.065	0.001	0.032	0.902
0.068	0.001	0.866	0.065
0.001	0.065	0.869	0.065
>CGCATGCGCCAA	22-CGCATGCGCCAA	12.380396	-22.134626	0	T:13.0(0.23%),B:8.5(0.02%),P:1e-9	Tpos:51.1,Tstd:8.5,Bpos:55.4,Bstd:22.8,StrandBias:-0.3,Multiplicity:1.00
0.001	0.997	0.001	0.001
0.001	0.001	0.997	0.001
0.001	0.997	0.001	0.001
0.997	0.001	0.001	0.001
0.143	0.001	0.143	0.713
0.001	0.001	0.997	0.001
0.001	0.997	0.001	0.001
0.001	0.001	0.997	0.001
0.001	0.997	0.001	0.001
0.001	0.997	0.001	0.001
0.713	0.143	0.001	0.143
0.713	0.143	0.143	0.001
>CGAGACTTCCTG	23-CGAGACTTCCTG	12.183262	-17.292294	0	T:11.0(0.19%),B:8.9(0.02%),P:1e-7	Tpos:40.1,Tstd:19.8,Bpos:68.5,Bstd:19.5,StrandBias:1.2,Multiplicity:1.00
0.125	0.625	0.125	0.125
0.124	0.001	0.874	0.001
0.749	0.125	0.001	0.125
0.001	0.001	0.997	0.001
0.997	0.001	0.001	0.001
0.001	0.997	0.001	0.001
0.001	0.001	0.001	0.997
0.001	0.001	0.001	0.997
0.001	0.997	0.001	0.001
0.001	0.997	0.001	0.001
0.001	0.124	0.001	0.874
0.001	0.001	0.997	0.001
>CAAGAGGAGTAC	24-CAAGAGGAGTAC	10.409522	-15.748109	0	T:8.0(0.14%),B:4.8(0.01%),P:1e-6	Tpos:69.0,Tstd:18.7,Bpos:30.4,Bstd:14.9,StrandBias:2.8,Multiplicity:1.00
0.100	0.700	0.100	0.100
0.700	0.100	0.100	0.100
0.700	0.100	0.100	0.100
0.100	0.100	0.700	0.100
0.700	0.100	0.100	0.100
0.100	0.100	0.700	0.100
0.100	0.100	0.700	0.100
0.700	0.100	0.100	0.100
0.100	0.100	0.700	0.100
0.100	0.100	0.100	0.700
0.700	0.100	0.100	0.100
0.100	0.700	0.100	0.100
>CGGCGCGGATCG	25-CGGCGCGGATCG	14.290100	-8.154158	0	T:5.0(0.09%),B:4.7(0.01%),P:1e-3	Tpos:35.4,Tstd:23.9,Bpos:47.3,Bstd:11.2,StrandBias:2.3,Multiplicity:1.00
0.001	0.997	0.001	0.001
0.001	0.001	0.997	0.001
0.001	0.001	0.997	0.001
0.001	0.997	0.001	0.001
0.001	0.001	0.670	0.328
0.001	0.997	0.001	0.001
0.001	0.001	0.997	0.001
0.001	0.001	0.997	0.001
0.697	0.301	0.001	0.001
0.001	0.001	0.001	0.997
0.001	0.997	0.001	0.001
0.001	0.001	0.997	0.001
>CCGGAA	1-CCGGAA	6.096452	-136.766969	0	T:630.0(10.99%),B:2236.5(5.46%),P:1e-59	Tpos:46.7,Tstd:25.0,Bpos:49.2,Bstd:36.7,StrandBias:0.3,Multiplicity:1.30
0.001	0.838	0.160	0.001
0.001	0.997	0.001	0.001
0.001	0.001	0.997	0.001
0.001	0.001	0.997	0.001
0.997	0.001	0.001	0.001
0.867	0.001	0.001	0.131
>TCCTCC	2-TCCTCC	5.311916	-90.895994	0	T:2108.0(36.76%),B:11748.3(28.67%),P:1e-39	Tpos:48.3,Tstd:24.6,Bpos:50.4,Bstd:31.6,StrandBias:-1.2,Multiplicity:1.55
0.001	0.323	0.001	0.675
0.099	0.899	0.001	0.001
0.001	0.997	0.001	0.001
0.001	0.172	0.001	0.826
0.001	0.997	0.001	0.001
0.001	0.997	0.001	0.001
>CCGDTT	3-CCGDTT	3.984930	-74.187973	0	T:3099.0(54.05%),B:18929.5(46.19%),P:1e-32	Tpos:50.6,Tstd:27.6,Bpos:49.8,Bstd:32.6,StrandBias:-0.4,Multiplicity:1.42
0.001	0.997	0.001	0.001
0.001	0.997	0.001	0.001
0.326	0.001	0.672	0.001
0.363	0.159	0.233	0.245
0.001	0.001	0.001	0.997
0.218	0.158	0.124	0.500
>CGTCAT	4-CGTCAT	3.871266	-71.661942	0	T:2374.0(41.40%),B:13923.1(33.97%),P:1e-31	Tpos:51.3,Tstd:27.6,Bpos:49.9,Bstd:31.9,StrandBias:-0.7,Multiplicity:1.43
0.035	0.917	0.023	0.025
0.239	0.161	0.499	0.102
0.080	0.064	0.125	0.731
0.072	0.797	0.059	0.072
0.464	0.138	0.154	0.244
0.129	0.144	0.131	0.596
>GWCAGC	5-GWCAGC	5.039597	-66.329562	0	T:1620.0(28.25%),B:8984.5(21.92%),P:1e-28	Tpos:51.6,Tstd:28.3,Bpos:50.3,Bstd:30.9,StrandBias:0.0,Multiplicity:1.15
0.324	0.001	0.674	0.001
0.493	0.001	0.001	0.505
0.001	0.997	0.001	0.001
0.840	0.001	0.158	0.001
0.001	0.001	0.839	0.159
0.001	0.838	0.001	0.160
>TACGGC	6-TACGGC	3.233412	-51.137832	0	T:1583.0(27.61%),B:9053.0(22.09%),P:1e-22	Tpos:50.7,Tstd:28.3,Bpos:49.9,Bstd:31.7,StrandBias:-0.1,Multiplicity:1.17
0.008	0.001	0.001	0.990
0.854	0.001	0.070	0.075
0.089	0.797	0.067	0.047
0.082	0.100	0.749	0.069
0.028	0.001	0.860	0.111
0.020	0.957	0.001	0.022
>ACCGCC	7-ACCGCC	3.203391	-42.906574	0	T:3258.0(56.82%),B:20873.8(50.93%),P:1e-18	Tpos:48.1,Tstd:27.8,Bpos:49.7,Bstd:32.3,StrandBias:-0.6,Multiplicity:1.44
0.976	0.022	0.001	0.001
0.103	0.895	0.001	0.001
0.074	0.793	0.001	0.132
0.270	0.001	0.728	0.001
0.273	0.644	0.001	0.082
0.001	0.966	0.001	0.032
>CCGCCA	8-CCGCCA	7.232718	-32.286541	0	T:936.0(16.32%),B:5252.3(12.82%),P:1e-14	Tpos:53.9,Tstd:28.6,Bpos:49.7,Bstd:30.9,StrandBias:-0.4,Multiplicity:1.05
0.001	0.997	0.001	0.001
0.343	0.655	0.001	0.001
0.001	0.001	0.997	0.001
0.001	0.997	0.001	0.001
0.001	0.997	0.001	0.001
0.997	0.001	0.001	0.001
>TGCKGA	9-TGCKGA	5.506760	-31.666421	0	T:694.0(12.10%),B:3725.7(9.09%),P:1e-13	Tpos:50.7,Tstd:27.1,Bpos:50.4,Bstd:31.4,StrandBias:0.0,Multiplicity:1.07
0.001	0.001	0.001	0.997
0.245	0.001	0.557	0.197
0.001	0.997	0.001	0.001
0.001	0.159	0.470	0.370
0.135	0.334	0.530	0.001
0.692	0.001	0.110	0.197
>TAGGGG	10-TAGGGG	7.406255	-29.272932	0	T:629.0(10.97%),B:3364.9(8.21%),P:1e-12	Tpos:50.1,Tstd:25.1,Bpos:50.5,Bstd:29.6,StrandBias:1.1,Multiplicity:1.05
0.001	0.001	0.001	0.997
0.590	0.001	0.001	0.408
0.001	0.001	0.997	0.001
0.001	0.001	0.997	0.001
0.001	0.001	0.997	0.001
0.001	0.001	0.997	0.001
>CGAGAG	11-CGAGAG	7.191045	-23.683170	0	T:301.0(5.25%),B:1457.2(3.56%),P:1e-10	Tpos:54.1,Tstd:28.2,Bpos:50.4,Bstd:37.3,StrandBias:0.6,Multiplicity:1.04
0.001	0.997	0.001	0.001
0.001	0.001	0.997	0.001
0.997	0.001	0.001	0.001
0.329	0.001	0.669	0.001
0.997	0.001	0.001	0.001
0.001	0.001	0.997	0.001
>TCGCGA	12-TCGCGA	6.177716	-23.217435	0	T:55.0(0.96%),B:143.8(0.35%),P:1e-10	Tpos:42.7,Tstd:26.8,Bpos:50.4,Bstd:37.4,StrandBias:0.0,Multiplicity:1.02
0.100	0.100	0.100	0.700
0.100	0.700	0.100	0.100
0.100	0.100	0.700	0.100
0.100	0.700	0.100	0.100
0.100	0.100	0.700	0.100
0.700	0.100	0.100	0.100
>CCGGAARH	1-CCGGAARH	8.112914	-171.334878	0	T:235.0(4.10%),B:385.8(0.94%),P:1e-74	Tpos:43.7,Tstd:20.6,Bpos:52.3,Bstd:34.9,StrandBias:0.5,Multiplicity:1.12
0.219	0.779	0.001	0.001
0.001	0.997	0.001	0.001
0.001	0.134	0.864	0.001
0.001	0.083	0.915	0.001
0.776	0.001	0.001	0.222
0.882	0.116	0.001	0.001
0.539	0.001	0.459	0.001
0.386	0.264	0.001	0.349
>RGGGGGGR	2-RGGGGGGR	4.842501	-159.521363	0	T:2204.0(38.44%),B:11333.5(27.65%),P:1e-69	Tpos:43.7,Tstd:24.0,Bpos:49.7,Bstd:32.0,StrandBias:1.1,Multiplicity:1.55
0.398	0.001	0.498	0.103
0.151	0.001	0.847	0.001
0.087	0.001	0.911	0.001
0.001	0.121	0.877	0.001
0.125	0.035	0.839	0.001
0.079	0.060	0.752	0.109
0.094	0.001	0.837	0.068
0.468	0.001	0.530	0.001
>ATGACGGT	3-ATGACGGT	3.499551	-102.719390	0	T:212.0(3.70%),B:484.2(1.18%),P:1e-44	Tpos:64.0,Tstd:25.7,Bpos:49.5,Bstd:34.0,StrandBias:0.6,Multiplicity:1.04
0.997	0.001	0.001	0.001
0.001	0.001	0.001	0.997
0.001	0.001	0.997	0.001
0.680	0.001	0.318	0.001
0.001	0.997	0.001	0.001
0.001	0.001	0.997	0.001
0.001	0.001	0.754	0.244
0.070	0.004	0.001	0.925
>TGGAGGAG	4-TGGAGGAG	5.263987	-99.653070	0	T:1505.0(26.25%),B:7692.6(18.77%),P:1e-43	Tpos:53.4,Tstd:26.4,Bpos:49.6,Bstd:31.0,StrandBias:1.0,Multiplicity:1.11
0.187	0.069	0.044	0.700
0.147	0.050	0.748	0.055
0.106	0.050	0.733	0.111
0.797	0.080	0.038	0.085
0.100	0.064	0.738	0.098
0.080	0.139	0.684	0.097
0.775	0.103	0.067	0.055
0.070	0.054	0.828	0.048
>CGTTACCG	5-CGTTACCG	3.706253	-86.885587	0	T:851.0(14.84%),B:3882.8(9.47%),P:1e-37	Tpos:49.8,Tstd:27.4,Bpos:50.0,Bstd:35.9,StrandBias:0.1,Multiplicity:1.13
0.215	0.392	0.166	0.228
0.101	0.176	0.507	0.216
0.031	0.305	0.008	0.656
0.166	0.233	0.165	0.436
0.436	0.130	0.235	0.199
0.014	0.587	0.162	0.237
0.136	0.472	0.198	0.194
0.172	0.108	0.534	0.186
>TTTTCCGC	6-TTTTCCGC	4.806921	-83.257402	0	T:999.0(17.42%),B:4802.0(11.72%),P:1e-36	Tpos:51.7,Tstd:26.9,Bpos:50.5,Bstd:33.8,StrandBias:-0.5,Multiplicity:1.05
0.080	0.338	0.079	0.503
0.044	0.057	0.172	0.727
0.004	0.115	0.152	0.729
0.106	0.089	0.034	0.771
0.104	0.661	0.112	0.123
0.092	0.727	0.127	0.054
0.133	0.044	0.751	0.072
0.073	0.759	0.079	0.089
>TCATCATC	7-TCATCATC	4.848931	-82.096353	0	T:934.0(16.29%),B:4428.7(10.81%),P:1e-35	Tpos:52.5,Tstd:27.0,Bpos:49.5,Bstd:30.6,StrandBias:-1.3,Multiplicity:1.13
0.054	0.001	0.028	0.917
0.001	0.973	0.001	0.025
0.843	0.030	0.020	0.107
0.001	0.027	0.076	0.896
0.001	0.997	0.001	0.001
0.811	0.037	0.067	0.085
0.033	0.047	0.036	0.884
0.021	0.947	0.001	0.031
>CTGCCGAT	8-CTGCCGAT	5.016889	-78.345056	0	T:855.0(14.91%),B:4006.7(9.78%),P:1e-34	Tpos:50.6,Tstd:26.9,Bpos:50.4,Bstd:31.6,StrandBias:-0.5,Multiplicity:1.09
0.037	0.785	0.063	0.115
0.138	0.115	0.030	0.717
0.019	0.136	0.644	0.201
0.029	0.804	0.044	0.123
0.022	0.806	0.087	0.085
0.195	0.042	0.698	0.065
0.716	0.153	0.010	0.121
0.054	0.085	0.026	0.835
>TTTTGGCG	9-TTTTGGCG	5.948027	-61.876327	0	T:482.0(8.41%),B:2048.6(5.00%),P:1e-26	Tpos:50.1,Tstd:26.9,Bpos:50.9,Bstd:30.7,StrandBias:0.4,Multiplicity:1.03
0.244	0.179	0.001	0.576
0.001	0.164	0.001	0.834
0.322	0.173	0.001	0.504
0.297	0.001	0.093	0.609
0.001	0.001	0.997	0.001
0.063	0.175	0.748	0.014
0.001	0.765	0.233	0.001
0.081	0.184	0.734	0.001
>TCCGGATC	10-TCCGGATC	4.499206	-58.391729	0	T:556.0(9.70%),B:2502.6(6.11%),P:1e-25	Tpos:51.8,Tstd:27.6,Bpos:49.6,Bstd:32.8,StrandBias:-0.3,Multiplicity:1.07
0.217	0.048	0.138	0.597
0.169	0.583	0.117	0.131
0.101	0.678	0.120	0.101
0.188	0.184	0.528	0.100
0.204	0.108	0.668	0.020
0.501	0.114	0.109	0.276
0.161	0.057	0.164	0.618
0.207	0.516	0.160	0.117
>GCCGCTTT	11-GCCGCTTT	5.330470	-57.206464	0	T:633.0(11.04%),B:2962.1(7.23%),P:1e-24	Tpos:50.7,Tstd:27.5,Bpos:50.1,Bstd:32.8,StrandBias:0.0,Multiplicity:1.06
0.045	0.071	0.783	0.101
0.064	0.725	0.102	0.109
0.172	0.670	0.060	0.098
0.107	0.043	0.780	0.070
0.136	0.728	0.075	0.061
0.060	0.096	0.123	0.721
0.060	0.084	0.100	0.756
0.071	0.057	0.032	0.840
>ACTTGCTG	12-ACTTGCTG	7.435859	-49.979668	0	T:329.0(5.74%),B:1326.0(3.24%),P:1e-21	Tpos:50.7,Tstd:25.8,Bpos:50.6,Bstd:29.4,StrandBias:0.2,Multiplicity:1.01
0.747	0.086	0.105	0.062
0.001	0.917	0.081	0.001
0.025	0.001	0.001	0.973
0.001	0.094	0.151	0.754
0.019	0.182	0.778	0.021
0.022	0.962	0.015	0.001
0.001	0.001	0.001	0.997
0.010	0.069	0.920	0.001
>GACCGGAA	13-GACCGGAA	6.540675	-49.813432	0	T:58.0(1.01%),B:83.6(0.20%),P:1e-21	Tpos:62.2,Tstd:26.2,Bpos:48.4,Bstd:38.2,StrandBias:-0.1,Multiplicity:1.00
0.001	0.001	0.997	0.001
0.997	0.001	0.001	0.001
0.001	0.997	0.001	0.001
0.001	0.997	0.001	0.001
0.001	0.001	0.997	0.001
0.159	0.001	0.839	0.001
0.888	0.001	0.001	0.110
0.922	0.001	0.001	0.076
>CGATTGGT	14-CGATTGGT	4.948113	-49.478497	0	T:355.0(6.19%),B:1470.6(3.59%),P:1e-21	Tpos:47.1,Tstd:27.2,Bpos:49.6,Bstd:31.9,StrandBias:0.8,Multiplicity:1.03
0.054	0.796	0.089	0.061
0.052	0.095	0.796	0.057
0.738	0.068	0.134	0.060
0.094	0.086	0.034	0.786
0.073	0.105	0.064	0.758
0.140	0.081	0.743	0.036
0.142	0.084	0.646	0.128
0.096	0.115	0.047	0.742
>CGCATGCG	15-CGCATGCG	7.403257	-43.635239	0	T:148.0(2.58%),B:457.7(1.12%),P:1e-18	Tpos:41.6,Tstd:22.8,Bpos:50.1,Bstd:38.3,StrandBias:-0.1,Multiplicity:1.08
0.001	0.963	0.001	0.035
0.028	0.001	0.959	0.012
0.001	0.968	0.011	0.020
0.944	0.001	0.054	0.001
0.030	0.001	0.347	0.622
0.001	0.001	0.997	0.001
0.001	0.997	0.001	0.001
0.001	0.001	0.950	0.048
>AGTCAGCG	16-AGTCAGCG	6.808741	-43.515190	0	T:259.0(4.52%),B:1009.2(2.46%),P:1e-18	Tpos:51.2,Tstd:28.2,Bpos:50.5,Bstd:31.0,StrandBias:0.2,Multiplicity:1.01
0.877	0.031	0.001	0.091
0.070	0.074	0.726	0.130
0.079	0.037	0.001	0.883
0.001	0.960	0.021	0.018
0.822	0.001	0.100	0.077
0.007	0.001	0.991	0.001
0.001	0.946	0.001	0.052
0.038	0.049	0.793	0.120
>TCTCGCGA	17-TCTCGCGA	6.284068	-38.542316	0	T:90.0(1.57%),B:227.9(0.56%),P:1e-16	Tpos:44.1,Tstd:26.9,Bpos:49.0,Bstd:38.6,StrandBias:-0.2,Multiplicity:1.01
0.048	0.071	0.001	0.880
0.153	0.640	0.103	0.104
0.001	0.079	0.044	0.876
0.001	0.951	0.047	0.001
0.001	0.001	0.997	0.001
0.049	0.949	0.001	0.001
0.040	0.001	0.958	0.001
0.997	0.001	0.001	0.001
>CGCGTGAC	18-CGCGTGAC	4.485181	-36.758824	0	T:102.0(1.78%),B:285.3(0.70%),P:1e-15	Tpos:36.7,Tstd:26.1,Bpos:50.8,Bstd:36.4,StrandBias:-0.2,Multiplicity:1.07
0.001	0.991	0.007	0.001
0.242	0.001	0.756	0.001
0.001	0.997	0.001	0.001
0.001	0.001	0.997	0.001
0.001	0.001	0.001	0.997
0.001	0.187	0.811	0.001
0.997	0.001	0.001	0.001
0.001	0.997	0.001	0.001
>CGAGCAMT	19-CGAGCAMT	7.828479	-30.234748	0	T:57.0(0.99%),B:126.1(0.31%),P:1e-13	Tpos:51.5,Tstd:23.3,Bpos:46.7,Bstd:38.5,StrandBias:-0.7,Multiplicity:1.00
0.001	0.997	0.001	0.001
0.001	0.001	0.997	0.001
0.997	0.001	0.001	0.001
0.001	0.309	0.689	0.001
0.119	0.879	0.001	0.001
0.997	0.001	0.001	0.001
0.330	0.464	0.001	0.205
0.001	0.001	0.138	0.860
>CGCACGAA	20-CGCACGAA	6.754208	-28.592655	0	T:123.0(2.15%),B:427.4(1.04%),P:1e-12	Tpos:48.1,Tstd:25.8,Bpos:52.5,Bstd:35.1,StrandBias:-0.6,Multiplicity:1.02
0.060	0.852	0.055	0.033
0.001	0.062	0.807	0.130
0.001	0.911	0.087	0.001
0.945	0.001	0.053	0.001
0.001	0.830	0.153	0.016
0.059	0.113	0.827	0.001
0.900	0.073	0.026	0.001
0.924	0.001	0.069	0.006
>CTCCAGTA	21-CTCCAGTA	6.969300	-26.601858	0	T:297.0(5.18%),B:1394.6(3.40%),P:1e-11	Tpos:51.6,Tstd:26.1,Bpos:50.4,Bstd:28.2,StrandBias:-0.6,Multiplicity:1.01
0.040	0.890	0.001	0.069
0.055	0.001	0.001	0.943
0.047	0.857	0.051	0.045
0.001	0.990	0.008	0.001
0.922	0.001	0.053	0.024
0.047	0.001	0.764	0.188
0.034	0.094	0.034	0.838
0.859	0.066	0.001	0.074
>CGTACACT	22-CGTACACT	5.155808	-25.558145	0	T:271.0(4.73%),B:1257.8(3.07%),P:1e-11	Tpos:51.7,Tstd:27.3,Bpos:49.2,Bstd:33.2,StrandBias:-0.5,Multiplicity:1.04
0.040	0.852	0.040	0.068
0.028	0.040	0.928	0.004
0.022	0.084	0.069	0.825
0.733	0.110	0.082	0.075
0.136	0.694	0.115	0.055
0.629	0.111	0.141	0.119
0.126	0.619	0.089	0.166
0.059	0.111	0.103	0.727
>CGCAAAAA	23-CGCAAAAA	7.571009	-23.439408	0	T:102.0(1.78%),B:358.1(0.87%),P:1e-10	Tpos:50.4,Tstd:25.5,Bpos:49.8,Bstd:30.4,StrandBias:-0.9,Multiplicity:1.00
0.001	0.997	0.001	0.001
0.001	0.120	0.878	0.001
0.001	0.597	0.001	0.401
0.997	0.001	0.001	0.001
0.997	0.001	0.001	0.001
0.954	0.001	0.044	0.001
0.653	0.345	0.001	0.001
0.997	0.001	0.001	0.001
>GTAAGTAT	24-GTAAGTAT	8.441326	-20.534324	0	T:83.0(1.45%),B:284.6(0.69%),P:1e-8	Tpos:57.8,Tstd:29.7,Bpos:48.7,Bstd:28.3,StrandBias:0.9,Multiplicity:1.00
0.001	0.001	0.997	0.001
0.001	0.001	0.001	0.997
0.889	0.001	0.109	0.001
0.997	0.001	0.001	0.001
0.001	0.001	0.997	0.001
0.001	0.121	0.001	0.877
0.997	0.001	0.001	0.001
0.152	0.096	0.001	0.751
>CGGGTTGT	25-CGGGTTGT	8.236954	-15.279275	0	T:14.0(0.24%),B:17.7(0.04%),P:1e-6	Tpos:51.6,Tstd:26.6,Bpos:41.1,Bstd:26.2,StrandBias:0.7,Multiplicity:1.08
0.100	0.700	0.100	0.100
0.100	0.100	0.700	0.100
0.100	0.100	0.700	0.100
0.100	0.100	0.700	0.100
0.100	0.100	0.100	0.700
0.100	0.100	0.100	0.700
0.100	0.100	0.700	0.100
0.100	0.100	0.100	0.700
