>RCCGGAAGTR	1-RCCGGAAGTR	8.453529	-204.692609	0	T:224.0(3.91%),B:291.1(0.71%),P:1e-88	Tpos:43.1,Tstd:22.0,Bpos:50.3,Bstd:37.5,StrandBias:0.5,Multiplicity:1.19
0.288	0.178	0.346	0.188
0.001	0.590	0.391	0.018
0.001	0.917	0.081	0.001
0.001	0.001	0.990	0.008
0.001	0.001	0.997	0.001
0.929	0.001	0.001	0.069
0.997	0.001	0.001	0.001
0.287	0.053	0.642	0.018
0.196	0.289	0.041	0.474
0.290	0.154	0.396	0.160
>GCCGCCATAT	2-GCCGCCATAT	7.745225	-108.368523	0	T:141.0(2.46%),B:220.7(0.54%),P:1e-47	Tpos:68.6,Tstd:24.1,Bpos:44.6,Bstd:28.4,StrandBias:-1.2,Multiplicity:1.02
0.081	0.077	0.706	0.136
0.063	0.845	0.026	0.066
0.104	0.805	0.043	0.048
0.052	0.052	0.862	0.034
0.052	0.869	0.053	0.026
0.017	0.923	0.017	0.043
0.881	0.035	0.035	0.049
0.069	0.074	0.043	0.814
0.587	0.139	0.119	0.155
0.100	0.077	0.110	0.713
>GATGATGAAG	3-GATGATGAAG	5.502611	-104.784449	0	T:1248.0(21.76%),B:6020.0(14.72%),P:1e-45	Tpos:52.5,Tstd:26.1,Bpos:50.2,Bstd:30.8,StrandBias:1.1,Multiplicity:1.13
0.075	0.057	0.824	0.044
0.480	0.225	0.127	0.168
0.313	0.017	0.100	0.570
0.052	0.047	0.865	0.036
0.598	0.121	0.183	0.098
0.230	0.065	0.096	0.609
0.048	0.009	0.934	0.009
0.639	0.082	0.154	0.125
0.513	0.163	0.115	0.209
0.091	0.139	0.744	0.026
>GGGGGGGGAA	4-GGGGGGGGAA	4.985060	-99.547887	0	T:1494.0(26.06%),B:7610.0(18.60%),P:1e-43	Tpos:43.6,Tstd:22.8,Bpos:49.6,Bstd:31.3,StrandBias:1.1,Multiplicity:1.28
0.109	0.079	0.704	0.108
0.090	0.071	0.740	0.099
0.107	0.082	0.710	0.101
0.105	0.101	0.705	0.089
0.097	0.087	0.729	0.087
0.118	0.089	0.706	0.087
0.104	0.076	0.730	0.090
0.115	0.090	0.706	0.089
0.622	0.107	0.164	0.107
0.647	0.103	0.139	0.111
>TGCGCATGCG	5-TGCGCATGCG	8.163051	-88.770556	0	T:150.0(2.62%),B:295.6(0.72%),P:1e-38	Tpos:38.1,Tstd:21.9,Bpos:52.3,Bstd:39.4,StrandBias:-0.1,Multiplicity:1.14
0.132	0.229	0.138	0.501
0.106	0.082	0.795	0.017
0.085	0.865	0.033	0.017
0.055	0.017	0.880	0.048
0.061	0.849	0.029	0.061
0.692	0.167	0.058	0.083
0.077	0.086	0.088	0.749
0.035	0.044	0.904	0.017
0.035	0.906	0.017	0.042
0.036	0.067	0.866	0.031
>GGCGGCATTT	6-GGCGGCATTT	6.055368	-80.455554	0	T:544.0(9.49%),B:2210.2(5.40%),P:1e-34	Tpos:50.0,Tstd:25.0,Bpos:50.1,Bstd:30.6,StrandBias:1.0,Multiplicity:1.03
0.001	0.081	0.917	0.001
0.006	0.113	0.747	0.134
0.153	0.468	0.224	0.155
0.001	0.040	0.751	0.208
0.015	0.168	0.725	0.092
0.152	0.535	0.153	0.160
0.558	0.196	0.181	0.065
0.078	0.129	0.102	0.691
0.001	0.048	0.005	0.946
0.001	0.138	0.170	0.691
>TGCAGCTGTT	7-TGCAGCTGTT	4.418955	-67.893496	0	T:2419.0(42.19%),B:14287.1(34.93%),P:1e-29	Tpos:52.0,Tstd:27.2,Bpos:50.1,Bstd:29.8,StrandBias:0.1,Multiplicity:1.27
0.105	0.105	0.104	0.686
0.073	0.110	0.702	0.115
0.099	0.686	0.113	0.102
0.678	0.108	0.096	0.118
0.084	0.094	0.739	0.083
0.078	0.717	0.108	0.097
0.119	0.082	0.098	0.701
0.086	0.105	0.710	0.099
0.118	0.103	0.114	0.665
0.088	0.108	0.086	0.718
>NSTGACGTCA	8-NSTGACGTCA	7.409313	-64.114845	0	T:88.0(1.53%),B:146.6(0.36%),P:1e-27	Tpos:37.9,Tstd:23.4,Bpos:49.6,Bstd:34.9,StrandBias:-0.1,Multiplicity:1.04
0.281	0.297	0.238	0.184
0.162	0.316	0.372	0.149
0.001	0.287	0.085	0.627
0.001	0.404	0.594	0.001
0.840	0.009	0.150	0.001
0.001	0.931	0.001	0.067
0.128	0.001	0.850	0.021
0.001	0.169	0.198	0.632
0.035	0.604	0.360	0.001
0.599	0.036	0.299	0.066
>GGGGGAAAGT	9-GGGGGAAAGT	6.617625	-59.952734	0	T:562.0(9.80%),B:2514.8(6.15%),P:1e-26	Tpos:53.4,Tstd:23.2,Bpos:50.6,Bstd:31.6,StrandBias:1.2,Multiplicity:1.02
0.073	0.093	0.776	0.058
0.095	0.042	0.795	0.068
0.097	0.079	0.744	0.080
0.053	0.024	0.869	0.054
0.116	0.066	0.745	0.073
0.803	0.062	0.043	0.092
0.832	0.047	0.068	0.053
0.870	0.017	0.064	0.049
0.073	0.053	0.836	0.038
0.093	0.064	0.107	0.736
>TCTATCAGCG	10-TCTATCAGCG	11.144226	-56.226042	0	T:19.0(0.33%),B:3.5(0.01%),P:1e-24	Tpos:64.7,Tstd:15.3,Bpos:48.2,Bstd:9.5,StrandBias:4.2,Multiplicity:1.00
0.001	0.001	0.001	0.997
0.001	0.597	0.001	0.401
0.001	0.001	0.001	0.997
0.997	0.001	0.001	0.001
0.001	0.401	0.001	0.597
0.001	0.997	0.001	0.001
0.997	0.001	0.001	0.001
0.001	0.001	0.997	0.001
0.001	0.997	0.001	0.001
0.189	0.001	0.809	0.001
>VCMCSCCCYW	11-VCMCSCCCYW	7.724364	-54.829071	0	T:364.0(6.35%),B:1468.0(3.59%),P:1e-23	Tpos:43.1,Tstd:25.3,Bpos:49.5,Bstd:32.0,StrandBias:-1.2,Multiplicity:1.06
0.341	0.282	0.376	0.001
0.001	0.997	0.001	0.001
0.365	0.466	0.092	0.077
0.151	0.787	0.061	0.001
0.119	0.485	0.338	0.058
0.001	0.997	0.001	0.001
0.001	0.997	0.001	0.001
0.001	0.797	0.001	0.201
0.163	0.437	0.001	0.398
0.409	0.183	0.001	0.407
>ATCTCGCGAG	12-ATCTCGCGAG	9.387702	-44.008025	0	T:26.0(0.45%),B:15.8(0.04%),P:1e-19	Tpos:50.0,Tstd:24.2,Bpos:39.0,Bstd:18.9,StrandBias:0.1,Multiplicity:1.08
0.690	0.182	0.127	0.001
0.001	0.127	0.001	0.871
0.001	0.997	0.001	0.001
0.001	0.032	0.001	0.966
0.001	0.966	0.001	0.032
0.077	0.001	0.889	0.033
0.032	0.966	0.001	0.001
0.001	0.001	0.997	0.001
0.997	0.001	0.001	0.001
0.001	0.033	0.889	0.077
>TTGCGTCGCG	13-TTGCGTCGCG	10.382092	-41.303925	0	T:15.0(0.26%),B:3.2(0.01%),P:1e-17	Tpos:46.9,Tstd:24.6,Bpos:7.0,Bstd:0.0,StrandBias:0.8,Multiplicity:1.00
0.001	0.001	0.079	0.919
0.001	0.042	0.080	0.877
0.001	0.001	0.997	0.001
0.001	0.919	0.001	0.079
0.001	0.001	0.997	0.001
0.080	0.080	0.080	0.760
0.001	0.997	0.001	0.001
0.080	0.080	0.760	0.080
0.001	0.919	0.079	0.001
0.079	0.001	0.919	0.001
>GCMCCGCCTA	14-GCMCCGCCTA	9.883472	-40.879154	0	T:95.0(1.66%),B:238.2(0.58%),P:1e-17	Tpos:35.6,Tstd:21.9,Bpos:48.6,Bstd:35.9,StrandBias:-0.2,Multiplicity:1.06
0.158	0.001	0.840	0.001
0.001	0.985	0.001	0.013
0.444	0.554	0.001	0.001
0.001	0.703	0.164	0.132
0.001	0.997	0.001	0.001
0.001	0.001	0.997	0.001
0.001	0.705	0.293	0.001
0.001	0.997	0.001	0.001
0.001	0.189	0.001	0.809
0.549	0.122	0.201	0.128
>TCCGATTGGC	15-TCCGATTGGC	8.278724	-40.023419	0	T:90.0(1.57%),B:221.9(0.54%),P:1e-17	Tpos:36.5,Tstd:25.4,Bpos:50.2,Bstd:29.9,StrandBias:-0.5,Multiplicity:1.01
0.001	0.001	0.251	0.747
0.001	0.829	0.082	0.088
0.141	0.649	0.093	0.117
0.001	0.273	0.458	0.268
0.909	0.045	0.045	0.001
0.133	0.001	0.091	0.775
0.001	0.001	0.001	0.997
0.001	0.001	0.997	0.001
0.001	0.001	0.997	0.001
0.046	0.704	0.046	0.204
>CTBCGCCGGA	16-CTBCGCCGGA	7.634023	-38.557624	0	T:143.0(2.49%),B:461.7(1.13%),P:1e-16	Tpos:58.4,Tstd:24.3,Bpos:50.9,Bstd:33.6,StrandBias:-0.2,Multiplicity:1.02
0.001	0.920	0.001	0.078
0.095	0.015	0.049	0.841
0.001	0.272	0.321	0.406
0.030	0.855	0.001	0.114
0.045	0.049	0.684	0.222
0.001	0.896	0.102	0.001
0.093	0.861	0.001	0.045
0.101	0.015	0.772	0.112
0.213	0.112	0.597	0.078
0.725	0.093	0.157	0.025
>CASCTCCTCC	17-CASCTCCTCC	7.944735	-33.905991	0	T:201.0(3.51%),B:783.5(1.92%),P:1e-14	Tpos:48.8,Tstd:26.2,Bpos:49.2,Bstd:28.7,StrandBias:-1.2,Multiplicity:1.01
0.099	0.767	0.041	0.093
0.895	0.001	0.063	0.041
0.102	0.442	0.383	0.073
0.005	0.643	0.001	0.351
0.252	0.001	0.001	0.746
0.065	0.693	0.099	0.143
0.228	0.531	0.043	0.198
0.001	0.015	0.182	0.802
0.014	0.718	0.177	0.091
0.100	0.694	0.197	0.009
>TTTTAGGACG	18-TTTTAGGACG	10.231398	-33.121163	0	T:21.0(0.37%),B:14.0(0.03%),P:1e-14	Tpos:48.9,Tstd:17.4,Bpos:47.3,Bstd:37.1,StrandBias:1.5,Multiplicity:1.00
0.069	0.001	0.001	0.929
0.001	0.001	0.069	0.929
0.070	0.070	0.070	0.790
0.001	0.069	0.001	0.929
0.929	0.001	0.001	0.069
0.001	0.001	0.997	0.001
0.001	0.001	0.929	0.069
0.859	0.070	0.001	0.070
0.054	0.810	0.135	0.001
0.023	0.036	0.940	0.001
>TCTGAAGAGG	19-TCTGAAGAGG	9.308690	-31.049531	0	T:79.0(1.38%),B:211.6(0.52%),P:1e-13	Tpos:50.4,Tstd:24.1,Bpos:49.2,Bstd:29.4,StrandBias:0.5,Multiplicity:1.00
0.038	0.045	0.001	0.916
0.160	0.813	0.026	0.001
0.074	0.041	0.001	0.884
0.001	0.001	0.957	0.041
0.845	0.118	0.036	0.001
0.954	0.001	0.044	0.001
0.029	0.001	0.941	0.029
0.919	0.001	0.069	0.011
0.001	0.041	0.920	0.038
0.113	0.001	0.845	0.041
>TAACAACTCG	20-TAACAACTCG	10.649586	-27.424637	0	T:11.0(0.19%),B:3.9(0.01%),P:1e-11	Tpos:44.1,Tstd:28.3,Bpos:32.4,Bstd:12.4,StrandBias:0.3,Multiplicity:1.00
0.105	0.001	0.105	0.789
0.894	0.001	0.104	0.001
0.997	0.001	0.001	0.001
0.104	0.894	0.001	0.001
0.894	0.104	0.001	0.001
0.894	0.104	0.001	0.001
0.001	0.894	0.001	0.104
0.001	0.001	0.104	0.894
0.001	0.894	0.001	0.104
0.035	0.001	0.963	0.001
>TCGTCTACGA	21-TCGTCTACGA	8.329945	-27.245007	0	T:15.0(0.26%),B:9.0(0.02%),P:1e-11	Tpos:61.5,Tstd:24.8,Bpos:67.0,Bstd:16.1,StrandBias:0.0,Multiplicity:1.00
0.041	0.001	0.085	0.873
0.082	0.713	0.082	0.123
0.081	0.001	0.837	0.081
0.041	0.082	0.126	0.751
0.041	0.713	0.001	0.245
0.041	0.044	0.001	0.914
0.754	0.041	0.123	0.082
0.001	0.873	0.001	0.125
0.081	0.001	0.793	0.125
0.795	0.041	0.041	0.123
>AGTAACAGCC	22-AGTAACAGCC	4.891245	-26.436121	0	T:573.0(9.99%),B:3063.4(7.49%),P:1e-11	Tpos:51.0,Tstd:28.1,Bpos:50.6,Bstd:28.0,StrandBias:-0.1,Multiplicity:1.04
0.700	0.075	0.107	0.118
0.088	0.086	0.722	0.104
0.111	0.114	0.113	0.662
0.683	0.096	0.115	0.106
0.678	0.115	0.099	0.108
0.109	0.697	0.103	0.091
0.732	0.096	0.077	0.095
0.100	0.087	0.696	0.117
0.108	0.688	0.108	0.096
0.085	0.747	0.074	0.094
>TTTTTTTTWC	23-TTTTTTTTWC	10.143766	-24.797662	0	T:256.0(4.46%),B:1178.8(2.88%),P:1e-10	Tpos:56.5,Tstd:30.2,Bpos:50.9,Bstd:32.4,StrandBias:1.3,Multiplicity:1.08
0.001	0.001	0.001	0.997
0.001	0.001	0.001	0.997
0.001	0.001	0.001	0.997
0.001	0.001	0.001	0.997
0.225	0.001	0.001	0.773
0.001	0.001	0.001	0.997
0.001	0.001	0.001	0.997
0.001	0.144	0.001	0.854
0.399	0.151	0.092	0.357
0.360	0.631	0.001	0.008
>GAGACTTCCT	24-GAGACTTCCT	11.971572	-18.615014	0	T:11.0(0.19%),B:7.1(0.02%),P:1e-8	Tpos:62.6,Tstd:27.3,Bpos:47.7,Bstd:27.4,StrandBias:0.0,Multiplicity:1.00
0.001	0.001	0.843	0.155
0.997	0.001	0.001	0.001
0.001	0.001	0.997	0.001
0.997	0.001	0.001	0.001
0.001	0.997	0.001	0.001
0.001	0.001	0.001	0.997
0.001	0.001	0.001	0.997
0.001	0.997	0.001	0.001
0.001	0.997	0.001	0.001
0.001	0.001	0.001	0.997
>GTCAGTCAGY	25-GTCAGTCAGY	9.071121	-12.281799	0	T:13.0(0.23%),B:19.6(0.05%),P:1e-5	Tpos:54.9,Tstd:21.3,Bpos:54.2,Bstd:28.4,StrandBias:1.0,Multiplicity:1.00
0.001	0.001	0.997	0.001
0.001	0.001	0.001	0.997
0.001	0.997	0.001	0.001
0.997	0.001	0.001	0.001
0.317	0.001	0.681	0.001
0.001	0.001	0.001	0.997
0.001	0.997	0.001	0.001
0.975	0.001	0.001	0.023
0.001	0.001	0.997	0.001
0.001	0.457	0.001	0.541
>GCGGAAGTGRVN	1-GCGGAAGTGRVN	8.638311	-158.945360	0	T:202.0(3.52%),B:307.3(0.75%),P:1e-69	Tpos:45.3,Tstd:22.1,Bpos:50.0,Bstd:33.4,StrandBias:0.8,Multiplicity:1.10
0.001	0.383	0.589	0.027
0.083	0.740	0.131	0.046
0.027	0.001	0.945	0.027
0.008	0.001	0.990	0.001
0.889	0.074	0.028	0.009
0.898	0.055	0.019	0.028
0.074	0.018	0.907	0.001
0.111	0.149	0.046	0.694
0.055	0.055	0.807	0.083
0.361	0.239	0.399	0.001
0.266	0.240	0.371	0.123
0.248	0.184	0.328	0.239
>SGCCGCCATYTT	2-SGCCGCCATYTT	9.342180	-132.055311	0	T:106.0(1.85%),B:94.9(0.23%),P:1e-57	Tpos:69.5,Tstd:20.0,Bpos:43.9,Bstd:31.4,StrandBias:-1.8,Multiplicity:1.03
0.083	0.321	0.465	0.132
0.017	0.115	0.686	0.182
0.049	0.801	0.001	0.149
0.083	0.802	0.066	0.049
0.099	0.099	0.751	0.051
0.049	0.917	0.033	0.001
0.001	0.983	0.001	0.015
0.901	0.033	0.033	0.033
0.016	0.033	0.050	0.901
0.067	0.336	0.215	0.382
0.001	0.066	0.187	0.746
0.001	0.253	0.033	0.713
>GGGGCGGGGCYK	3-GGGGCGGGGCYK	9.974477	-116.539450	0	T:275.0(4.80%),B:685.4(1.68%),P:1e-50	Tpos:29.3,Tstd:18.7,Bpos:46.6,Bstd:32.9,StrandBias:0.7,Multiplicity:1.09
0.090	0.006	0.530	0.374
0.111	0.001	0.887	0.001
0.031	0.018	0.950	0.001
0.001	0.001	0.997	0.001
0.039	0.947	0.001	0.013
0.063	0.019	0.900	0.018
0.001	0.001	0.856	0.142
0.068	0.001	0.871	0.060
0.099	0.131	0.738	0.032
0.001	0.980	0.001	0.018
0.001	0.474	0.188	0.337
0.169	0.074	0.319	0.438
>SCGCGCATGCGC	4-SCGCGCATGCGC	2.261952	-101.520575	0	T:124.0(2.16%),B:182.7(0.45%),P:1e-44	Tpos:37.8,Tstd:20.3,Bpos:53.7,Bstd:37.4,StrandBias:-0.1,Multiplicity:1.09
0.001	0.419	0.507	0.073
0.001	0.588	0.001	0.410
0.001	0.001	0.997	0.001
0.001	0.997	0.001	0.001
0.001	0.001	0.997	0.001
0.001	0.997	0.001	0.001
0.997	0.001	0.001	0.001
0.001	0.001	0.001	0.997
0.001	0.001	0.997	0.001
0.001	0.997	0.001	0.001
0.001	0.001	0.997	0.001
0.001	0.997	0.001	0.001
>GRGGRGGRGGRG	5-GRGGRGGRGGRG	6.048824	-73.861277	0	T:1485.0(25.90%),B:7957.4(19.45%),P:1e-32	Tpos:48.0,Tstd:23.0,Bpos:50.1,Bstd:31.7,StrandBias:1.4,Multiplicity:1.24
0.319	0.052	0.560	0.069
0.362	0.077	0.376	0.185
0.306	0.033	0.612	0.049
0.221	0.036	0.701	0.042
0.406	0.049	0.401	0.144
0.290	0.021	0.654	0.035
0.122	0.058	0.794	0.026
0.392	0.110	0.359	0.140
0.253	0.080	0.623	0.044
0.338	0.120	0.520	0.022
0.447	0.051	0.309	0.193
0.298	0.044	0.624	0.034
>GNTGATGATGNN	6-GNTGATGATGNN	4.178745	-72.031933	0	T:1081.0(18.85%),B:5447.0(13.32%),P:1e-31	Tpos:50.8,Tstd:26.2,Bpos:50.3,Bstd:28.7,StrandBias:0.9,Multiplicity:1.13
0.220	0.195	0.399	0.186
0.318	0.224	0.226	0.232
0.119	0.238	0.140	0.503
0.118	0.131	0.633	0.118
0.587	0.133	0.165	0.115
0.092	0.264	0.119	0.525
0.105	0.131	0.660	0.104
0.593	0.114	0.169	0.124
0.085	0.224	0.123	0.568
0.129	0.136	0.602	0.133
0.318	0.208	0.226	0.248
0.296	0.235	0.208	0.261
>GTCTATCAGCAG	7-GTCTATCAGCAG	10.777063	-68.068625	0	T:20.0(0.35%),B:2.4(0.01%),P:1e-29	Tpos:63.4,Tstd:15.5,Bpos:25.1,Bstd:8.4,StrandBias:10.0,Multiplicity:1.00
0.130	0.001	0.824	0.045
0.085	0.043	0.085	0.787
0.085	0.744	0.086	0.085
0.042	0.001	0.085	0.872
0.871	0.001	0.127	0.001
0.042	0.001	0.042	0.915
0.128	0.786	0.043	0.043
0.872	0.001	0.042	0.085
0.129	0.042	0.828	0.001
0.085	0.787	0.043	0.085
0.787	0.043	0.085	0.085
0.043	0.001	0.955	0.001
>CVKGGAGGAGNT	8-CVKGGAGGAGNT	6.999865	-55.439038	0	T:579.0(10.10%),B:2664.8(6.51%),P:1e-24	Tpos:51.8,Tstd:25.6,Bpos:49.6,Bstd:31.6,StrandBias:1.4,Multiplicity:1.03
0.136	0.571	0.180	0.113
0.304	0.384	0.239	0.073
0.113	0.115	0.374	0.398
0.001	0.006	0.987	0.006
0.201	0.001	0.736	0.062
0.903	0.095	0.001	0.001
0.001	0.264	0.734	0.001
0.001	0.001	0.986	0.012
0.997	0.001	0.001	0.001
0.140	0.025	0.564	0.271
0.246	0.301	0.189	0.264
0.130	0.084	0.261	0.525
>CTTCCGGCGGAA	9-CTTCCGGCGGAA	7.388125	-52.868825	0	T:236.0(4.12%),B:821.2(2.01%),P:1e-22	Tpos:51.3,Tstd:25.3,Bpos:51.2,Bstd:32.8,StrandBias:-0.0,Multiplicity:1.02
0.012	0.893	0.028	0.067
0.061	0.101	0.047	0.791
0.018	0.115	0.155	0.712
0.001	0.882	0.069	0.048
0.139	0.694	0.038	0.129
0.061	0.073	0.645	0.221
0.006	0.220	0.756	0.018
0.178	0.636	0.079	0.107
0.170	0.006	0.709	0.115
0.033	0.075	0.886	0.006
0.694	0.144	0.150	0.012
0.738	0.065	0.160	0.037
>NNTCTCGCGAVR	10-NNTCTCGCGAVR	6.776500	-52.411178	0	T:18.0(0.31%),B:3.5(0.01%),P:1e-22	Tpos:36.7,Tstd:18.1,Bpos:74.3,Bstd:12.2,StrandBias:0.3,Multiplicity:1.11
0.319	0.255	0.233	0.193
0.318	0.227	0.255	0.201
0.135	0.193	0.159	0.513
0.124	0.525	0.175	0.176
0.129	0.138	0.153	0.580
0.126	0.594	0.133	0.147
0.117	0.123	0.630	0.130
0.083	0.685	0.129	0.103
0.138	0.101	0.634	0.127
0.471	0.209	0.158	0.163
0.224	0.235	0.373	0.169
0.360	0.199	0.255	0.186
>YAGTGACGTCAC	11-YAGTGACGTCAC	9.738649	-46.291144	0	T:51.0(0.89%),B:69.3(0.17%),P:1e-20	Tpos:37.3,Tstd:25.3,Bpos:49.9,Bstd:30.3,StrandBias:0.1,Multiplicity:1.02
0.178	0.338	0.178	0.306
0.666	0.157	0.152	0.025
0.001	0.202	0.695	0.102
0.126	0.001	0.001	0.872
0.001	0.024	0.974	0.001
0.897	0.001	0.101	0.001
0.026	0.771	0.076	0.127
0.127	0.025	0.747	0.101
0.001	0.001	0.001	0.997
0.001	0.997	0.001	0.001
0.974	0.024	0.001	0.001
0.001	0.695	0.279	0.025
>TCTWCAAGAGGC	12-TCTWCAAGAGGC	12.161197	-43.705876	0	T:12.0(0.21%),B:1.2(0.00%),P:1e-18	Tpos:51.2,Tstd:24.7,Bpos:17.4,Bstd:10.5,StrandBias:0.7,Multiplicity:1.08
0.001	0.001	0.001	0.997
0.001	0.997	0.001	0.001
0.173	0.001	0.001	0.825
0.391	0.174	0.174	0.261
0.001	0.997	0.001	0.001
0.997	0.001	0.001	0.001
0.898	0.001	0.100	0.001
0.001	0.001	0.997	0.001
0.997	0.001	0.001	0.001
0.087	0.087	0.739	0.087
0.001	0.086	0.912	0.001
0.174	0.637	0.188	0.001
>GCTGCTTCCGGA	13-GCTGCTTCCGGA	9.000542	-37.409941	0	T:96.0(1.67%),B:256.0(0.63%),P:1e-16	Tpos:52.7,Tstd:25.0,Bpos:48.8,Bstd:31.9,StrandBias:-0.1,Multiplicity:1.04
0.024	0.071	0.881	0.024
0.024	0.888	0.001	0.087
0.143	0.024	0.027	0.806
0.071	0.024	0.834	0.071
0.001	0.928	0.001	0.070
0.024	0.049	0.047	0.880
0.048	0.097	0.048	0.807
0.001	0.881	0.095	0.023
0.075	0.756	0.024	0.145
0.096	0.047	0.715	0.142
0.023	0.113	0.863	0.001
0.641	0.024	0.263	0.072
>AGAAGAAGGTTA	14-AGAAGAAGGTTA	13.340880	-35.517088	0	T:12.0(0.21%),B:2.3(0.01%),P:1e-15	Tpos:58.0,Tstd:24.8,Bpos:55.0,Bstd:0.0,StrandBias:2.3,Multiplicity:1.00
0.997	0.001	0.001	0.001
0.090	0.001	0.908	0.001
0.908	0.090	0.001	0.001
0.908	0.001	0.090	0.001
0.090	0.001	0.908	0.001
0.997	0.001	0.001	0.001
0.997	0.001	0.001	0.001
0.091	0.091	0.817	0.001
0.090	0.001	0.908	0.001
0.001	0.001	0.090	0.908
0.090	0.001	0.001	0.908
0.908	0.090	0.001	0.001
>TAAAAAAGAAAC	15-TAAAAAAGAAAC	11.676961	-35.517033	0	T:42.0(0.73%),B:62.3(0.15%),P:1e-15	Tpos:47.9,Tstd:26.4,Bpos:48.7,Bstd:29.7,StrandBias:-0.6,Multiplicity:1.02
0.062	0.005	0.001	0.932
0.997	0.001	0.001	0.001
0.852	0.001	0.146	0.001
0.791	0.001	0.001	0.207
0.834	0.001	0.164	0.001
0.628	0.267	0.104	0.001
0.710	0.001	0.001	0.288
0.001	0.178	0.820	0.001
0.997	0.001	0.001	0.001
0.997	0.001	0.001	0.001
0.678	0.001	0.320	0.001
0.194	0.588	0.001	0.217
>CCCAGGTTCGTA	16-CCCAGGTTCGTA	11.103719	-34.215953	0	T:13.0(0.23%),B:3.8(0.01%),P:1e-14	Tpos:57.9,Tstd:23.3,Bpos:66.1,Bstd:25.9,StrandBias:1.2,Multiplicity:1.00
0.001	0.865	0.001	0.133
0.144	0.854	0.001	0.001
0.133	0.865	0.001	0.001
0.997	0.001	0.001	0.001
0.133	0.001	0.865	0.001
0.144	0.001	0.854	0.001
0.001	0.001	0.001	0.997
0.133	0.001	0.145	0.721
0.001	0.704	0.269	0.026
0.001	0.001	0.854	0.144
0.001	0.278	0.001	0.720
0.732	0.001	0.001	0.266
>GAAGCTGCTGCT	17-GAAGCTGCTGCT	6.953057	-34.203799	0	T:352.0(6.14%),B:1613.3(3.94%),P:1e-14	Tpos:53.0,Tstd:27.4,Bpos:50.2,Bstd:30.2,StrandBias:-0.0,Multiplicity:1.04
0.080	0.093	0.755	0.072
0.630	0.183	0.121	0.066
0.760	0.062	0.112	0.066
0.102	0.075	0.759	0.064
0.056	0.784	0.064	0.096
0.145	0.069	0.067	0.719
0.064	0.073	0.782	0.081
0.059	0.785	0.099	0.057
0.119	0.057	0.071	0.753
0.042	0.089	0.776	0.093
0.058	0.763	0.084	0.095
0.106	0.096	0.063	0.735
>GGGGGCAGTTCT	18-GGGGGCAGTTCT	8.552390	-32.974219	0	T:88.0(1.53%),B:241.2(0.59%),P:1e-14	Tpos:53.0,Tstd:25.5,Bpos:51.2,Bstd:27.5,StrandBias:1.1,Multiplicity:1.01
0.089	0.025	0.812	0.074
0.044	0.044	0.911	0.001
0.089	0.074	0.748	0.089
0.134	0.015	0.821	0.030
0.060	0.060	0.864	0.016
0.075	0.880	0.044	0.001
0.851	0.015	0.045	0.089
0.045	0.030	0.865	0.060
0.045	0.104	0.115	0.736
0.075	0.045	0.104	0.776
0.045	0.835	0.060	0.060
0.030	0.031	0.030	0.909
>TTTTTTGGGGGG	19-TTTTTTGGGGGG	9.860476	-32.793393	0	T:49.0(0.85%),B:90.9(0.22%),P:1e-14	Tpos:51.8,Tstd:21.0,Bpos:49.8,Bstd:26.4,StrandBias:1.8,Multiplicity:1.00
0.038	0.057	0.038	0.867
0.001	0.075	0.114	0.810
0.057	0.019	0.113	0.811
0.019	0.057	0.057	0.867
0.038	0.095	0.038	0.829
0.001	0.019	0.151	0.829
0.095	0.001	0.784	0.120
0.057	0.038	0.816	0.089
0.019	0.001	0.878	0.102
0.096	0.001	0.828	0.075
0.057	0.001	0.903	0.039
0.114	0.051	0.720	0.115
>GGGAGTHGTADT	20-GGGAGTHGTADT	12.473631	-31.915175	0	T:16.0(0.28%),B:7.8(0.02%),P:1e-13	Tpos:40.4,Tstd:29.2,Bpos:57.7,Bstd:27.5,StrandBias:1.1,Multiplicity:1.00
0.001	0.001	0.997	0.001
0.001	0.286	0.712	0.001
0.001	0.001	0.997	0.001
0.997	0.001	0.001	0.001
0.001	0.001	0.997	0.001
0.286	0.001	0.001	0.712
0.381	0.324	0.001	0.294
0.286	0.001	0.712	0.001
0.001	0.001	0.001	0.997
0.997	0.001	0.001	0.001
0.288	0.001	0.425	0.286
0.001	0.001	0.001	0.997
>TCCTGTCGGAGA	21-TCCTGTCGGAGA	8.107368	-30.544821	0	T:117.0(2.04%),B:385.5(0.94%),P:1e-13	Tpos:49.2,Tstd:26.7,Bpos:52.7,Bstd:27.8,StrandBias:0.1,Multiplicity:1.00
0.098	0.067	0.083	0.752
0.037	0.725	0.129	0.109
0.047	0.894	0.001	0.058
0.094	0.001	0.024	0.881
0.010	0.049	0.867	0.074
0.093	0.126	0.161	0.620
0.111	0.496	0.169	0.224
0.191	0.080	0.579	0.150
0.025	0.037	0.885	0.053
0.780	0.037	0.115	0.068
0.138	0.068	0.782	0.012
0.732	0.068	0.095	0.105
>CGAGTCACGTGG	22-CGAGTCACGTGG	13.861999	-26.452533	0	T:8.0(0.14%),B:1.4(0.00%),P:1e-11	Tpos:40.8,Tstd:18.2,Bpos:51.2,Bstd:13.1,StrandBias:1.6,Multiplicity:1.00
0.001	0.997	0.001	0.001
0.001	0.166	0.667	0.166
0.832	0.166	0.001	0.001
0.001	0.001	0.997	0.001
0.001	0.001	0.166	0.832
0.001	0.997	0.001	0.001
0.832	0.001	0.001	0.166
0.001	0.997	0.001	0.001
0.001	0.001	0.997	0.001
0.001	0.001	0.001	0.997
0.001	0.001	0.997	0.001
0.166	0.001	0.832	0.001
>GGTAAAAAAAAA	23-GGTAAAAAAAAA	9.789276	-22.352342	0	T:169.0(2.95%),B:718.0(1.76%),P:1e-9	Tpos:59.2,Tstd:29.4,Bpos:50.5,Bstd:31.5,StrandBias:-1.3,Multiplicity:1.04
0.173	0.069	0.538	0.220
0.148	0.124	0.526	0.202
0.220	0.111	0.154	0.515
0.730	0.067	0.095	0.108
0.863	0.011	0.062	0.064
0.879	0.019	0.038	0.064
0.820	0.028	0.092	0.060
0.858	0.018	0.061	0.063
0.800	0.039	0.091	0.070
0.814	0.042	0.069	0.075
0.843	0.061	0.079	0.017
0.781	0.056	0.082	0.081
>GTCAGTCAGTCA	24-GTCAGTCAGTCA	9.997100	-17.675202	0	T:7.0(0.12%),B:2.3(0.01%),P:1e-7	Tpos:49.1,Tstd:18.3,Bpos:61.1,Bstd:19.9,StrandBias:2.6,Multiplicity:1.00
0.001	0.001	0.997	0.001
0.001	0.001	0.001	0.997
0.001	0.997	0.001	0.001
0.997	0.001	0.001	0.001
0.001	0.064	0.934	0.001
0.001	0.001	0.001	0.997
0.001	0.997	0.001	0.001
0.983	0.001	0.001	0.015
0.001	0.001	0.997	0.001
0.001	0.001	0.001	0.997
0.001	0.997	0.001	0.001
0.839	0.001	0.064	0.096
>CCTGAGCGGGAG	25-CCTGAGCGGGAG	11.131039	-17.377838	0	T:26.0(0.45%),B:50.1(0.12%),P:1e-7	Tpos:52.1,Tstd:25.3,Bpos:47.6,Bstd:30.5,StrandBias:0.6,Multiplicity:1.00
0.001	0.847	0.076	0.076
0.075	0.923	0.001	0.001
0.001	0.001	0.232	0.766
0.001	0.088	0.910	0.001
0.946	0.052	0.001	0.001
0.001	0.001	0.997	0.001
0.076	0.615	0.308	0.001
0.001	0.080	0.763	0.156
0.004	0.076	0.844	0.076
0.079	0.001	0.919	0.001
0.682	0.316	0.001	0.001
0.001	0.076	0.847	0.076
>CGGAAG	1-CGGAAG	3.646332	-133.402508	0	T:654.0(11.41%),B:2377.7(5.81%),P:1e-57	Tpos:46.1,Tstd:25.4,Bpos:49.5,Bstd:37.2,StrandBias:0.3,Multiplicity:1.22
0.001	0.997	0.001	0.001
0.001	0.001	0.997	0.001
0.001	0.001	0.997	0.001
0.934	0.001	0.001	0.064
0.997	0.001	0.001	0.001
0.148	0.001	0.850	0.001
>GMTGAT	2-GMTGAT	1.119327	-86.206998	0	T:2385.0(41.59%),B:13676.7(33.43%),P:1e-37	Tpos:52.2,Tstd:27.8,Bpos:50.0,Bstd:31.5,StrandBias:0.4,Multiplicity:1.39
0.001	0.001	0.997	0.001
0.567	0.431	0.001	0.001
0.001	0.190	0.001	0.808
0.001	0.001	0.997	0.001
0.821	0.001	0.001	0.177
0.241	0.002	0.001	0.756
>GGGGAR	3-GGGGAR	5.827866	-75.856319	0	T:2736.0(47.72%),B:16303.2(39.86%),P:1e-32	Tpos:51.3,Tstd:25.8,Bpos:49.5,Bstd:32.3,StrandBias:1.1,Multiplicity:1.55
0.001	0.001	0.997	0.001
0.283	0.001	0.467	0.248
0.010	0.001	0.988	0.001
0.008	0.256	0.735	0.001
0.991	0.001	0.007	0.001
0.466	0.001	0.532	0.001
>TCTGCR	4-TCTGCR	5.005838	-66.412850	0	T:1874.0(32.68%),B:10638.4(26.01%),P:1e-28	Tpos:51.2,Tstd:27.9,Bpos:50.0,Bstd:32.3,StrandBias:-0.5,Multiplicity:1.15
0.107	0.001	0.202	0.690
0.001	0.789	0.209	0.001
0.209	0.001	0.001	0.789
0.001	0.197	0.479	0.323
0.001	0.997	0.001	0.001
0.432	0.001	0.566	0.001
>GCCAGT	5-GCCAGT	5.322850	-52.778478	0	T:1200.0(20.93%),B:6514.4(15.93%),P:1e-22	Tpos:49.6,Tstd:28.8,Bpos:49.8,Bstd:29.9,StrandBias:0.2,Multiplicity:1.10
0.001	0.001	0.895	0.103
0.001	0.753	0.169	0.077
0.001	0.753	0.245	0.001
0.997	0.001	0.001	0.001
0.136	0.001	0.862	0.001
0.001	0.001	0.001	0.997
>AGCTGC	6-AGCTGC	5.975580	-51.303053	0	T:1289.0(22.48%),B:7114.3(17.39%),P:1e-22	Tpos:51.5,Tstd:28.4,Bpos:50.4,Bstd:30.4,StrandBias:-0.0,Multiplicity:1.22
0.997	0.001	0.001	0.001
0.179	0.001	0.819	0.001
0.001	0.845	0.001	0.153
0.224	0.001	0.001	0.774
0.001	0.001	0.997	0.001
0.001	0.997	0.001	0.001
>AGGGGG	7-AGGGGG	6.547137	-45.900805	0	T:979.0(17.07%),B:5240.0(12.81%),P:1e-19	Tpos:46.5,Tstd:25.0,Bpos:50.4,Bstd:30.3,StrandBias:1.0,Multiplicity:1.09
0.997	0.001	0.001	0.001
0.186	0.001	0.812	0.001
0.234	0.001	0.764	0.001
0.001	0.001	0.997	0.001
0.001	0.001	0.997	0.001
0.094	0.001	0.904	0.001
>TGACGT	8-TGACGT	1.394987	-45.724692	0	T:443.0(7.73%),B:1997.1(4.88%),P:1e-19	Tpos:47.1,Tstd:27.1,Bpos:49.8,Bstd:35.5,StrandBias:0.1,Multiplicity:1.09
0.001	0.001	0.001	0.997
0.001	0.001	0.997	0.001
0.997	0.001	0.001	0.001
0.001	0.997	0.001	0.001
0.001	0.001	0.997	0.001
0.001	0.338	0.001	0.660
>GATGGC	9-GATGGC	7.311189	-37.739233	0	T:503.0(8.77%),B:2449.3(5.99%),P:1e-16	Tpos:54.3,Tstd:27.4,Bpos:50.5,Bstd:28.2,StrandBias:0.5,Multiplicity:1.03
0.001	0.001	0.627	0.371
0.997	0.001	0.001	0.001
0.001	0.001	0.001	0.997
0.001	0.001	0.997	0.001
0.001	0.001	0.997	0.001
0.001	0.997	0.001	0.001
>GATTGG	10-GATTGG	6.120256	-33.674893	0	T:773.0(13.48%),B:4175.1(10.21%),P:1e-14	Tpos:47.8,Tstd:29.0,Bpos:49.2,Bstd:29.8,StrandBias:0.7,Multiplicity:1.08
0.001	0.001	0.997	0.001
0.727	0.001	0.271	0.001
0.001	0.001	0.001	0.997
0.001	0.001	0.001	0.997
0.001	0.001	0.823	0.175
0.117	0.001	0.881	0.001
>TACGAC	11-TACGAC	4.309539	-31.434141	0	T:1031.0(17.98%),B:5877.0(14.37%),P:1e-13	Tpos:49.1,Tstd:28.0,Bpos:50.1,Bstd:31.9,StrandBias:-0.3,Multiplicity:1.13
0.155	0.031	0.095	0.719
0.881	0.001	0.060	0.058
0.001	0.884	0.072	0.043
0.092	0.069	0.763	0.076
0.947	0.051	0.001	0.001
0.075	0.923	0.001	0.001
>CGCCTA	12-CGCCTA	5.426268	-29.430401	0	T:346.0(6.03%),B:1639.8(4.01%),P:1e-12	Tpos:50.4,Tstd:26.0,Bpos:49.5,Bstd:30.3,StrandBias:0.0,Multiplicity:1.05
0.001	0.739	0.259	0.001
0.001	0.001	0.997	0.001
0.076	0.814	0.001	0.109
0.001	0.997	0.001	0.001
0.001	0.001	0.001	0.997
0.997	0.001	0.001	0.001
>ATGCGC	13-ATGCGC	4.929311	-26.487349	0	T:675.0(11.77%),B:3703.4(9.05%),P:1e-11	Tpos:46.7,Tstd:26.9,Bpos:49.6,Bstd:38.5,StrandBias:-0.0,Multiplicity:1.29
0.662	0.196	0.001	0.141
0.168	0.001	0.001	0.830
0.001	0.001	0.936	0.062
0.001	0.997	0.001	0.001
0.001	0.001	0.997	0.001
0.001	0.997	0.001	0.001
>GTAGCG	14-GTAGCG	4.391727	-23.979436	0	T:1050.0(18.31%),B:6194.8(15.14%),P:1e-10	Tpos:51.8,Tstd:27.9,Bpos:49.8,Bstd:36.7,StrandBias:0.1,Multiplicity:1.16
0.258	0.048	0.641	0.053
0.002	0.194	0.028	0.776
0.706	0.138	0.001	0.155
0.097	0.001	0.760	0.142
0.017	0.981	0.001	0.001
0.001	0.087	0.911	0.001
>CTTACC	15-CTTACC	6.177716	-19.934073	0	T:233.0(4.06%),B:1108.1(2.71%),P:1e-8	Tpos:60.5,Tstd:28.0,Bpos:52.3,Bstd:31.7,StrandBias:-1.2,Multiplicity:1.01
0.100	0.700	0.100	0.100
0.100	0.100	0.100	0.700
0.100	0.100	0.100	0.700
0.700	0.100	0.100	0.100
0.100	0.700	0.100	0.100
0.100	0.700	0.100	0.100
>YWACSGCN	1-YWACSGCN	3.987444	-159.374049	0	T:1608.0(28.04%),B:7559.1(18.48%),P:1e-69	Tpos:49.4,Tstd:27.1,Bpos:49.4,Bstd:34.8,StrandBias:-0.0,Multiplicity:1.22
0.201	0.414	0.018	0.368
0.387	0.096	0.119	0.398
0.544	0.001	0.074	0.381
0.062	0.517	0.234	0.187
0.230	0.434	0.291	0.046
0.050	0.006	0.905	0.039
0.045	0.618	0.308	0.029
0.241	0.271	0.293	0.195
>CACTTCCG	2-CACTTCCG	7.314140	-151.343998	0	T:179.0(3.12%),B:253.0(0.62%),P:1e-65	Tpos:41.4,Tstd:20.5,Bpos:52.0,Bstd:37.5,StrandBias:-0.7,Multiplicity:1.15
0.001	0.889	0.001	0.109
0.784	0.001	0.214	0.001
0.001	0.997	0.001	0.001
0.001	0.001	0.001	0.997
0.001	0.001	0.001	0.997
0.001	0.997	0.001	0.001
0.001	0.997	0.001	0.001
0.001	0.001	0.997	0.001
>GGGGGGGG	3-GGGGGGGG	3.733650	-134.044875	0	T:3480.0(60.69%),B:20478.6(50.06%),P:1e-58	Tpos:46.8,Tstd:24.1,Bpos:49.9,Bstd:30.5,StrandBias:1.1,Multiplicity:1.80
0.247	0.001	0.602	0.150
0.001	0.001	0.997	0.001
0.056	0.001	0.942	0.001
0.032	0.002	0.897	0.069
0.239	0.051	0.541	0.169
0.061	0.093	0.684	0.162
0.301	0.001	0.526	0.172
0.243	0.001	0.755	0.001
>TGATGAYG	4-TGATGAYG	4.243409	-109.112938	0	T:2523.0(44.00%),B:14195.7(34.70%),P:1e-47	Tpos:51.9,Tstd:27.2,Bpos:50.2,Bstd:31.5,StrandBias:0.8,Multiplicity:1.29
0.197	0.127	0.080	0.596
0.090	0.047	0.792	0.071
0.551	0.066	0.185	0.198
0.320	0.045	0.119	0.516
0.011	0.001	0.931	0.057
0.733	0.086	0.092	0.089
0.212	0.410	0.115	0.263
0.055	0.146	0.769	0.030
>TACCGGAA	5-TACCGGAA	4.755978	-94.166756	0	T:786.0(13.71%),B:3424.0(8.37%),P:1e-40	Tpos:52.4,Tstd:25.8,Bpos:49.1,Bstd:34.9,StrandBias:0.0,Multiplicity:1.07
0.091	0.078	0.162	0.669
0.785	0.078	0.128	0.009
0.022	0.750	0.098	0.130
0.085	0.824	0.089	0.002
0.039	0.072	0.833	0.056
0.064	0.093	0.827	0.016
0.763	0.115	0.098	0.024
0.555	0.186	0.183	0.076
>TATGGCGG	6-TATGGCGG	4.959374	-79.210730	0	T:527.0(9.19%),B:2129.4(5.21%),P:1e-34	Tpos:56.5,Tstd:27.3,Bpos:49.4,Bstd:30.8,StrandBias:0.6,Multiplicity:1.05
0.142	0.061	0.068	0.729
0.746	0.084	0.066	0.104
0.087	0.071	0.066	0.776
0.127	0.077	0.742	0.054
0.109	0.091	0.735	0.065
0.069	0.825	0.047	0.059
0.099	0.053	0.747	0.101
0.125	0.097	0.702	0.076
>ACKWCGMA	7-ACKWCGMA	3.780412	-77.039770	0	T:803.0(14.00%),B:3709.3(9.07%),P:1e-33	Tpos:51.5,Tstd:27.4,Bpos:50.6,Bstd:36.9,StrandBias:0.0,Multiplicity:1.06
0.570	0.187	0.108	0.135
0.389	0.603	0.001	0.007
0.001	0.001	0.484	0.514
0.414	0.001	0.217	0.369
0.001	0.997	0.001	0.001
0.001	0.001	0.997	0.001
0.512	0.428	0.059	0.001
0.963	0.035	0.001	0.001
>GCAGCTAT	8-GCAGCTAT	4.778021	-67.832138	0	T:1418.0(24.73%),B:7633.6(18.66%),P:1e-29	Tpos:52.4,Tstd:28.3,Bpos:50.0,Bstd:30.2,StrandBias:0.1,Multiplicity:1.19
0.019	0.085	0.833	0.063
0.073	0.789	0.098	0.040
0.690	0.066	0.103	0.141
0.058	0.046	0.858	0.038
0.059	0.752	0.113	0.076
0.100	0.066	0.062	0.772
0.645	0.132	0.111	0.112
0.119	0.110	0.104	0.667
>TCTCGCGA	9-TCTCGCGA	10.953911	-49.407575	0	T:26.0(0.45%),B:12.7(0.03%),P:1e-21	Tpos:37.7,Tstd:18.8,Bpos:65.7,Bstd:20.0,StrandBias:0.4,Multiplicity:1.08
0.001	0.001	0.001	0.997
0.107	0.891	0.001	0.001
0.001	0.001	0.001	0.997
0.001	0.997	0.001	0.001
0.001	0.001	0.997	0.001
0.001	0.997	0.001	0.001
0.001	0.001	0.997	0.001
0.997	0.001	0.001	0.001
>TGGAGGAG	10-TGGAGGAG	7.284912	-44.140538	0	T:489.0(8.53%),B:2281.3(5.58%),P:1e-19	Tpos:51.4,Tstd:26.9,Bpos:49.4,Bstd:33.3,StrandBias:1.2,Multiplicity:1.05
0.291	0.001	0.001	0.707
0.044	0.001	0.954	0.001
0.001	0.085	0.913	0.001
0.936	0.062	0.001	0.001
0.001	0.029	0.854	0.116
0.001	0.183	0.815	0.001
0.941	0.001	0.001	0.057
0.001	0.001	0.973	0.025
>CGTGACGC	11-CGTGACGC	5.245359	-43.463640	0	T:57.0(0.99%),B:92.5(0.23%),P:1e-18	Tpos:42.8,Tstd:26.6,Bpos:43.9,Bstd:37.9,StrandBias:0.1,Multiplicity:1.00
0.001	0.997	0.001	0.001
0.001	0.001	0.997	0.001
0.001	0.001	0.001	0.997
0.001	0.421	0.577	0.001
0.997	0.001	0.001	0.001
0.001	0.997	0.001	0.001
0.001	0.001	0.997	0.001
0.007	0.567	0.081	0.345
>CGSATGCG	12-CGSATGCG	5.946861	-42.545424	0	T:269.0(4.69%),B:1068.8(2.61%),P:1e-18	Tpos:43.5,Tstd:29.3,Bpos:48.8,Bstd:38.5,StrandBias:0.1,Multiplicity:1.10
0.170	0.792	0.023	0.015
0.060	0.051	0.871	0.018
0.134	0.390	0.287	0.188
0.749	0.054	0.086	0.111
0.068	0.036	0.036	0.860
0.110	0.129	0.663	0.098
0.043	0.926	0.021	0.010
0.090	0.065	0.770	0.075
>SACGTSAC	13-SACGTSAC	8.527052	-42.528655	0	T:79.0(1.38%),B:170.5(0.42%),P:1e-18	Tpos:36.2,Tstd:23.7,Bpos:49.3,Bstd:32.8,StrandBias:0.0,Multiplicity:1.07
0.001	0.539	0.438	0.022
0.691	0.032	0.232	0.045
0.129	0.869	0.001	0.001
0.001	0.137	0.861	0.001
0.001	0.120	0.085	0.794
0.077	0.510	0.396	0.017
0.916	0.001	0.046	0.037
0.001	0.960	0.001	0.038
>TCGRTCAG	14-TCGRTCAG	5.589178	-39.015168	0	T:543.0(9.47%),B:2669.9(6.53%),P:1e-16	Tpos:51.4,Tstd:26.5,Bpos:49.7,Bstd:31.2,StrandBias:0.1,Multiplicity:1.05
0.179	0.098	0.106	0.617
0.001	0.853	0.145	0.001
0.185	0.001	0.624	0.190
0.365	0.001	0.480	0.153
0.001	0.001	0.001	0.997
0.001	0.997	0.001	0.001
0.604	0.151	0.078	0.167
0.069	0.001	0.796	0.134
>AGTTCGTC	15-AGTTCGTC	5.326220	-39.014636	0	T:386.0(6.73%),B:1750.3(4.28%),P:1e-16	Tpos:52.7,Tstd:25.8,Bpos:49.7,Bstd:33.8,StrandBias:-0.4,Multiplicity:1.04
0.753	0.093	0.099	0.055
0.054	0.072	0.754	0.120
0.036	0.053	0.056	0.855
0.083	0.113	0.063	0.741
0.051	0.749	0.087	0.113
0.094	0.144	0.686	0.076
0.074	0.148	0.102	0.676
0.139	0.793	0.026	0.042
>GATTGGCC	16-GATTGGCC	5.187334	-37.730864	0	T:708.0(12.35%),B:3694.8(9.03%),P:1e-16	Tpos:46.7,Tstd:28.6,Bpos:49.7,Bstd:28.4,StrandBias:0.3,Multiplicity:1.06
0.154	0.154	0.549	0.143
0.859	0.001	0.001	0.139
0.073	0.127	0.060	0.740
0.036	0.070	0.047	0.847
0.026	0.086	0.827	0.061
0.207	0.033	0.759	0.001
0.103	0.760	0.078	0.059
0.189	0.664	0.026	0.121
>CAGGAAGT	17-CAGGAAGT	8.905810	-30.031587	0	T:163.0(2.84%),B:617.7(1.51%),P:1e-13	Tpos:50.6,Tstd:28.2,Bpos:50.0,Bstd:30.1,StrandBias:0.5,Multiplicity:1.00
0.001	0.844	0.154	0.001
0.997	0.001	0.001	0.001
0.001	0.001	0.997	0.001
0.001	0.001	0.997	0.001
0.744	0.254	0.001	0.001
0.997	0.001	0.001	0.001
0.001	0.001	0.997	0.001
0.001	0.001	0.001	0.997
>TTGTGCGC	18-TTGTGCGC	5.665567	-28.944616	0	T:268.0(4.67%),B:1197.9(2.93%),P:1e-12	Tpos:50.7,Tstd:27.0,Bpos:52.9,Bstd:34.1,StrandBias:0.3,Multiplicity:1.04
0.082	0.009	0.058	0.851
0.075	0.154	0.043	0.728
0.121	0.086	0.719	0.074
0.017	0.189	0.083	0.711
0.085	0.106	0.663	0.146
0.084	0.799	0.064	0.053
0.128	0.117	0.709	0.046
0.048	0.828	0.092	0.032
>CCTCGCCT	19-CCTCGCCT	7.893317	-27.293431	0	T:182.0(3.17%),B:740.6(1.81%),P:1e-11	Tpos:44.0,Tstd:29.0,Bpos:48.4,Bstd:33.6,StrandBias:-0.5,Multiplicity:1.06
0.302	0.696	0.001	0.001
0.001	0.718	0.001	0.280
0.001	0.115	0.001	0.883
0.001	0.997	0.001	0.001
0.001	0.001	0.997	0.001
0.001	0.997	0.001	0.001
0.001	0.720	0.278	0.001
0.001	0.001	0.001	0.997
>RCTTACCT	20-RCTTACCT	6.020264	-22.606710	0	T:120.0(2.09%),B:454.1(1.11%),P:1e-9	Tpos:55.8,Tstd:25.7,Bpos:51.1,Bstd:33.1,StrandBias:-0.8,Multiplicity:1.02
0.542	0.001	0.456	0.001
0.001	0.997	0.001	0.001
0.001	0.022	0.137	0.840
0.364	0.001	0.001	0.634
0.997	0.001	0.001	0.001
0.001	0.997	0.001	0.001
0.001	0.997	0.001	0.001
0.001	0.010	0.148	0.841
>CCGAAGCG	21-CCGAAGCG	7.839939	-19.883411	0	T:75.0(1.31%),B:249.6(0.61%),P:1e-8	Tpos:55.8,Tstd:28.9,Bpos:58.0,Bstd:43.1,StrandBias:-0.2,Multiplicity:1.03
0.087	0.684	0.228	0.001
0.001	0.989	0.001	0.009
0.001	0.001	0.997	0.001
0.685	0.001	0.054	0.260
0.943	0.028	0.001	0.028
0.191	0.001	0.807	0.001
0.293	0.520	0.137	0.050
0.248	0.115	0.636	0.001
>TAAAAAAA	22-TAAAAAAA	7.419435	-15.327519	0	T:608.0(10.60%),B:3543.7(8.66%),P:1e-6	Tpos:52.8,Tstd:29.6,Bpos:50.0,Bstd:31.0,StrandBias:-1.1,Multiplicity:1.13
0.001	0.001	0.254	0.744
0.722	0.001	0.001	0.276
0.652	0.001	0.001	0.346
0.997	0.001	0.001	0.001
0.997	0.001	0.001	0.001
0.706	0.001	0.001	0.292
0.675	0.323	0.001	0.001
0.699	0.098	0.202	0.001
>GCGTCTAG	23-GCGTCTAG	8.236954	-11.843540	0	T:9.0(0.16%),B:9.6(0.02%),P:1e-5	Tpos:56.6,Tstd:24.2,Bpos:46.9,Bstd:20.2,StrandBias:0.3,Multiplicity:1.00
0.100	0.100	0.700	0.100
0.100	0.700	0.100	0.100
0.100	0.100	0.700	0.100
0.100	0.100	0.100	0.700
0.100	0.700	0.100	0.100
0.100	0.100	0.100	0.700
0.700	0.100	0.100	0.100
0.100	0.100	0.700	0.100
