Now running MotifSetReduce.pl with arguments -m cluster2.meme -l 5 -t 0.09 -c 0.5 ...



Consensus motifs at merging threshold 0.09:

DE	motif_train1_30mt (10 positions) IC= 13.131
0.121	0.086	0.650	0.142	G	0.522
0.001	0.697	0.134	0.168	C	0.806
0.056	0.769	0.001	0.174	C	1.027
0.053	0.915	0.030	0.001	C	1.495
0.001	0.997	0.001	0.001	C	1.966
0.317	0.001	0.681	0.001	G	1.078
0.001	0.997	0.001	0.001	C	1.966
0.001	0.997	0.001	0.001	C	1.966
0.061	0.873	0.046	0.020	C	1.266
0.126	0.800	0.012	0.062	C	1.041
XX

DE	motif_train1_68mmm (5 positions) IC=  5.682
0.071	0.012	0.837	0.080	G	1.145
0.048	0.038	0.784	0.130	G	0.953
0.068	0.007	0.908	0.016	G	1.460
0.055	0.053	0.842	0.049	G	1.121
0.103	0.796	0.016	0.085	C	1.003
XX
