Now running MotifSetReduce.pl with arguments -m cluster1.meme -l 5 -t 0.09 -c 0.5 ...



Consensus motifs at merging threshold 0.09:

DE	motif_train9_10 (10 positions) IC= 17.053
0.001	0.001	0.001	0.997	T	1.966
0.001	0.597	0.001	0.401	Y	1.007
0.001	0.001	0.001	0.997	T	1.966
0.997	0.001	0.001	0.001	A	1.966
0.001	0.401	0.001	0.597	Y	1.007
0.001	0.997	0.001	0.001	C	1.966
0.997	0.001	0.001	0.001	A	1.966
0.001	0.001	0.997	0.001	G	1.966
0.001	0.997	0.001	0.001	C	1.966
0.189	0.001	0.809	0.001	G	1.278
XX

DE	motif_train4_12t (8 positions) IC= 13.540
0.001	0.001	0.001	0.997	T	1.966
0.997	0.001	0.001	0.001	A	1.966
0.001	0.001	0.001	0.997	T	1.966
0.001	0.997	0.001	0.001	C	1.966
0.229	0.154	0.616	0.001	G	0.657
0.001	0.001	0.997	0.001	G	1.966
0.001	0.997	0.001	0.001	C	1.966
0.691	0.001	0.307	0.001	A	1.089
XX

DE	motif_train2_10mmmmm (9 positions) IC= 13.232
0.022	0.012	0.048	0.919	T	1.482
0.910	0.012	0.064	0.015	A	1.459
0.022	0.001	0.027	0.951	T	1.661
0.075	0.875	0.027	0.022	C	1.287
0.927	0.001	0.024	0.048	A	1.549
0.077	0.022	0.901	0.001	G	1.451
0.043	0.887	0.027	0.043	C	1.314
0.888	0.023	0.045	0.044	A	1.323
0.027	0.001	0.959	0.014	G	1.708
XX
