Now running MotifSetReduce.pl with arguments -m cluster5.meme -l 5 -t 0.09 -c 0.5 ...



Consensus motifs at merging threshold 0.09:

DE	motif_train5_29 (12 positions) IC= 18.913
0.001	0.906	0.001	0.092	C	1.534
0.997	0.001	0.001	0.001	A	1.966
0.815	0.001	0.092	0.092	A	1.116
0.001	0.743	0.255	0.001	C	1.159
0.906	0.001	0.001	0.092	A	1.534
0.001	0.001	0.001	0.997	T	1.966
0.001	0.001	0.997	0.001	G	1.966
0.001	0.001	0.997	0.001	G	1.966
0.001	0.997	0.001	0.001	C	1.966
0.001	0.092	0.906	0.001	G	1.534
0.306	0.001	0.692	0.001	G	1.090
0.092	0.815	0.092	0.001	C	1.116
XX

DE	motif_train1_27mmmmm (10 positions) IC= 12.260
0.809	0.036	0.121	0.035	A	1.045
0.926	0.013	0.028	0.032	A	1.510
0.108	0.065	0.769	0.058	G	0.867
0.809	0.062	0.084	0.044	A	1.004
0.039	0.042	0.063	0.855	T	1.180
0.041	0.046	0.877	0.036	G	1.266
0.007	0.035	0.929	0.029	G	1.534
0.024	0.891	0.018	0.068	C	1.356
0.050	0.038	0.818	0.093	G	1.047
0.024	0.032	0.916	0.028	G	1.451
XX

DE	motif_train2_27mmmmmmm (7 positions) IC=  9.339
0.014	0.571	0.219	0.197	S	0.513
0.019	0.944	0.023	0.015	C	1.599
0.015	0.016	0.954	0.016	G	1.657
0.060	0.892	0.019	0.028	C	1.354
0.006	0.965	0.022	0.007	C	1.737
0.837	0.040	0.049	0.074	A	1.109
0.040	0.027	0.035	0.899	T	1.371
XX

DE	motif_train3_3m (10 positions) IC=  8.968
0.685	0.130	0.124	0.061	A	0.624
0.703	0.070	0.071	0.156	A	0.683
0.101	0.048	0.025	0.825	T	1.092
0.028	0.037	0.931	0.003	G	1.559
0.037	0.040	0.874	0.049	G	1.256
0.108	0.760	0.035	0.098	C	0.856
0.162	0.081	0.683	0.073	G	0.627
0.069	0.061	0.825	0.044	G	1.058
0.379	0.472	0.056	0.093	M	0.405
0.054	0.084	0.750	0.112	G	0.806
XX

DE	motif_train6_4m (8 positions) IC=  6.995
0.138	0.084	0.091	0.686	T	0.617
0.770	0.082	0.082	0.066	A	0.861
0.067	0.048	0.064	0.822	T	1.045
0.084	0.067	0.798	0.052	G	0.961
0.080	0.078	0.784	0.058	G	0.910
0.065	0.798	0.065	0.072	C	0.954
0.081	0.061	0.763	0.095	G	0.840
0.084	0.091	0.754	0.071	G	0.807
XX
