Now running MotifSetReduce.pl with arguments -m cluster3.meme -l 5 -t 0.09 -c 0.5 ...



Consensus motifs at merging threshold 0.09:

DE	motif_train2_3mmm (8 positions) IC=  8.142
0.028	0.873	0.018	0.081	C	1.287
0.236	0.619	0.046	0.099	C	0.544
0.127	0.747	0.060	0.066	C	0.805
0.095	0.645	0.218	0.043	C	0.598
0.028	0.899	0.038	0.034	C	1.371
0.008	0.928	0.008	0.056	C	1.553
0.015	0.859	0.001	0.125	C	1.337
0.118	0.577	0.001	0.303	Y	0.647
XX

DE	motif_train3_5m (5 positions) IC=  6.628
0.026	0.019	0.070	0.885	T	1.328
0.013	0.909	0.029	0.049	C	1.432
0.784	0.051	0.028	0.136	A	0.968
0.017	0.032	0.085	0.865	T	1.257
0.014	0.952	0.018	0.016	C	1.644
XX

DE	motif_train1_31mmmmmmm (5 positions) IC=  5.863
0.041	0.051	0.892	0.016	G	1.348
0.819	0.056	0.056	0.069	A	1.031
0.101	0.015	0.823	0.061	G	1.097
0.053	0.033	0.898	0.016	G	1.376
0.812	0.051	0.082	0.056	A	1.011
XX

DE	motif_train1_33mmmmm (5 positions) IC=  5.582
0.058	0.005	0.918	0.020	G	1.501
0.068	0.003	0.921	0.008	G	1.546
0.039	0.034	0.888	0.039	G	1.317
0.133	0.101	0.629	0.136	G	0.466
0.049	0.089	0.727	0.135	G	0.753
XX

DE	motif_train5_67m (5 positions) IC=  4.925
0.066	0.771	0.011	0.153	C	0.970
0.053	0.064	0.042	0.841	T	1.119
0.011	0.854	0.068	0.067	C	1.208
0.021	0.746	0.015	0.219	C	0.999
0.158	0.123	0.043	0.675	T	0.629
XX

DE	motif_train3_30mm (5 positions) IC=  2.582
0.061	0.813	0.052	0.074	C	1.011
0.364	0.165	0.299	0.172	N	0.082
0.118	0.111	0.167	0.604	T	0.413
0.110	0.743	0.056	0.091	C	0.784
0.532	0.124	0.120	0.224	W	0.292
XX

DE	motif_train1_32mmmmm (5 positions) IC=  2.484
0.099	0.080	0.729	0.092	G	0.728
0.551	0.143	0.146	0.161	N	0.296
0.157	0.267	0.093	0.482	N	0.245
0.101	0.074	0.750	0.076	G	0.797
0.610	0.120	0.134	0.137	A	0.418
XX

DE	motif_train2_34mmmmmmm (5 positions) IC=  1.990
0.132	0.227	0.569	0.073	S	0.392
0.104	0.257	0.538	0.102	S	0.341
0.171	0.153	0.520	0.157	N	0.241
0.139	0.027	0.623	0.211	G	0.563
0.206	0.133	0.600	0.062	R	0.453
XX
