Now running MotifSetReduce.pl with arguments -m cluster4.meme -l 5 -t 0.09 -c 0.5 ...



Consensus motifs at merging threshold 0.09:

DE	motif_train1_63t (7 positions) IC=  9.552
0.001	0.297	0.007	0.695	T	1.055
0.105	0.001	0.001	0.893	T	1.493
0.237	0.001	0.001	0.761	T	1.188
0.001	0.670	0.328	0.001	C	1.065
0.001	0.997	0.001	0.001	C	1.966
0.001	0.001	0.997	0.001	G	1.966
0.032	0.506	0.461	0.001	S	0.819
XX

DE	motif_train1_26mmmmmm (6 positions) IC=  9.341
0.001	0.708	0.058	0.232	C	0.908
0.020	0.033	0.021	0.926	T	1.507
0.011	0.004	0.005	0.980	T	1.833
0.007	0.978	0.005	0.010	C	1.815
0.011	0.956	0.002	0.031	C	1.694
0.009	0.005	0.933	0.053	G	1.584
XX

DE	motif_train1_1mmmmmmmmmm (5 positions) IC=  7.030
0.069	0.849	0.041	0.042	C	1.154
0.005	0.070	0.918	0.006	G	1.532
0.007	0.043	0.945	0.005	G	1.641
0.867	0.011	0.004	0.119	A	1.355
0.886	0.064	0.006	0.044	A	1.347
XX

DE	motif_train6_1mt (5 positions) IC=  2.534
0.180	0.590	0.165	0.065	M	0.419
0.054	0.106	0.772	0.068	G	0.876
0.172	0.085	0.595	0.148	R	0.409
0.556	0.160	0.129	0.155	N	0.309
0.639	0.098	0.079	0.184	A	0.522
XX

DE	motif_train9_35t (5 positions) IC=  2.287
0.129	0.138	0.153	0.580	N	0.354
0.126	0.594	0.133	0.147	N	0.383
0.117	0.123	0.630	0.130	G	0.463
0.083	0.685	0.129	0.103	C	0.609
0.138	0.101	0.634	0.127	G	0.477
XX
