Now running MotifSetReduce.pl with arguments -m cluster6.meme -l 5 -t 0.09 -c 0.5 ...



Consensus motifs at merging threshold 0.09:

DE	motif_train1_29mmmmm (6 positions) IC=  8.572
0.028	0.008	0.930	0.034	G	1.539
0.004	0.969	0.023	0.004	C	1.768
0.611	0.227	0.100	0.062	A	0.498
0.019	0.034	0.064	0.883	T	1.313
0.003	0.005	0.980	0.013	G	1.832
0.013	0.947	0.014	0.025	C	1.622
XX

DE	motif_train4_8t (7 positions) IC=  3.357
0.077	0.647	0.176	0.100	C	0.535
0.517	0.180	0.092	0.211	N	0.272
0.165	0.102	0.200	0.533	N	0.287
0.041	0.207	0.666	0.086	G	0.646
0.065	0.713	0.098	0.124	C	0.694
0.156	0.092	0.555	0.197	K	0.332
0.086	0.679	0.114	0.121	C	0.591
XX
